	29
	31
	33
	37
	39
	40
	42
	43
	45
	46
	47
	49
	50
	52
	55
	56
	58
	59
	61
	62
	63
	65
	66
	67
	69
	70
	71
	73
	74
	75
	77
	78
	79
	81
	82
	83
	85
	86
	87
	89
	90
	92
	93
	94
	96
	97
	99
	100
	102
	103
	104
	106
	107
	108
	110
	111
	112
	114
	115
	116
	118
	119
	120
	122
	123
	124
	126
	127
	128
	130
	131
	132
	134
	135
	136
	138
	139
	140
	141
	143
	144
	145
	147
	148
	149
	151
	152
	153
	155
	156
	157
	159
	160
	162
	163
	164
	166
	167
	168
	170
	171
	172
	174
	175
	176
	178
	179
	180
	182
	183
	184
	186
	187
	188
	190
	191
	192
	194
	195
	196
	198
	199
	200
	201
	203
	204
	205
	207
	208
	209
	211
	212
	213
	215
	216
	217
	219
	220
	222
	223
	224
	226
	227
	228
	230
	231
	232
	234
	235
	236
	238
	239
	240
	242
	243
	244
	246
	247
	248
	250
	251
	252
	254
	255
	256
	257
	259
	260
	261
	263
	264
	265
	267
	268
	269
	271
	272
	273
	274
	276
	277
	279
	280
	281
	283
	284
	285
	287
	288
	289
	291
	292
	293
	295
	296
	297
	299
	300
	301
	303
	304
	305
	307
	308
	309
	311
	312
	313
	315
	316
	317
	319
	320
	321
	322
	324
	325
	327
	328
	329
	331
	332
	334
	335
	336
	338
	339
	341
	342
	343
	344
	346
	347
	349
	350
	351
	353
	354
	355
	357
	358
	359
	361
	362
	363
	365
	366
	367
	369
	378
	399
	401
	403
	404
	406
	407
	409
	410
	411
	413
	414
	416
	417
	419
	420
	422
	424
	425
	426
	428
	429
	431
	432
	434
	435
	436
	438
	439
	441
	442
	443
	445
	446
	448
	449
	451
	452
	453
	455
	456
	458
	459
	461
	462
	463
	465
	466
	468
	469
	470
	472
	473
	475
	476
	477
	479
	480
	481
	483
	484
	486
	487
	488
	490
	491
	492
	494
	495
	496
	498
	499
	500
	502
	503
	504
	506
	507
	508
	510
	511
	512
	514
	515
	516
	518
	519
	521
	522
	523
	525
	526
	527
	529
	530
	532
	533
	534
	536
	537
	538
	540
	541
	542
	544
	545
	546
	547
	549
	550
	551
	553
	554
	555
	557
	558
	559
	561
	562
	563
	564
	566
	567
	569
	570
	571
	573
	574
	575
	577
	578
	580
	581
	582
	583
	585
	586
	587
	589
	590
	591
	593
	594
	595
	597
	598
	600
	601
	602
	604
	605
	606
	608
	609
	610
	612
	613
	614
	615
	617
	618
	619
	621
	622
	623
	625
	626
	628
	629
	630
	631
	633
	634
	636
	637
	639
	640
	641
	643
	644
	645
	647
	648
	649
	651
	652
	653
	655
	656
	657
	659
	660
	661
	663
	664
	665
	667
	668
	669
	671
	672
	673
	675
	676
	677
	678
	680
	681
	682
	684
	685
	686
	688
	689
	690
	691
	693
	694
	696
	697
	699
	700
	701
	703
	704
	706
	707
	708
	709
	711
	712
	713
	715
	716
	718
	719
	720
	722
	723
	724
	726
	728
	729
	730
	732
	733
	734
	736
	737
	738
	749
	786
	788
	791
	794
	795
	799
	800
	802
	804
	805
	807
	808
	810
	811
	812
	814
	815
	817
	818
	820
	821
	823
	824
	825
	827
	828
	830
	831
	832
	834
	835
	837
	838
	839
	841
	842
	844
	845
	846
	848
	849
	850
	852
	854
	855
	856
	858
	859
	861
	863
	864
	866
	867
	868
	870
	872
	873
	874
	876
	878
	879
	881
	882
	883
	885
	886
	888
	889
	890
	892
	893
	894
	896
	897
	898
	900
	901
	903
	904
	905
	907
	908
	909
	911
	912
	913
	915
	916
	917
	919
	920
	921
	922
	924
	925
	926
	928
	929
	930
	932
	933
	934
	936
	937
	939
	940
	941
	943
	944
	946
	947
	949
	950
	952
	953
	954
	955
	957
	958
	960
	961
	962
	964
	965
	966
	967
	969
	970
	971
	973
	974
	975
	977
	978
	979
	981
	982
	983
	984
	986
	987
	988
	990
	991
	992
	994
	995
	996
	998
	999
	1001
	1002
	1003
	1005
	1006
	1008
	1009
	1010
	1011
	1013
	1014
	1016
	1017
	1018
	1019
	1021
	1022
	1023
	1025
	1026
	1027
	1029
	1030
	1031
	1033
	1034
	1035
	1037
	1038
	1039
	1041
	1042
	1043
	1044
	1046
	1047
	1048
	1050
	1051
	1052
	1054
	1055
	1056
	1058
	1059
	1060
	1062
	1063
	1064
	1066
	1067
	1068
	1070
	1071
	1072
	1074
	1075
	1076
	1078
	1079
	1080
	1082
	1083
	1084
	1086
	1087
	1088
	1090
	1091
	1092
	1094
	1095
	1096
	1098
	1099
	1100
	1102
	1103
	1104
	1106
	1107
	1108
	1109
	1111
	1112
	1113
	1115
	1116
	1117
	1119
	1120
	1121
	1123
	1124
	1125
	1127
	1128
	1129
	1131
	1144
	1157
	1159
	1160
	1162
	1164
	1166
	1167
	1169
	1170
	1172
	1174
	1175
	1177
	1179
	1181
	1182
	1183
	1185
	1187
	1188
	1189
	1191
	1192
	1194
	1195
	1196
	1198
	1199
	1201
	1202
	1203
	1205
	1206
	1208
	1209
	1210
	1212
	1213
	1214
	1216
	1217
	1219
	1220
	1221
	1223
	1224
	1225
	1227
	1228
	1229
	1231
	1232
	1233
	1235
	1236
	1237
	1239
	1241
	1242
	1244
	1245
	1247
	1248
	1250
	1251
	1253
	1254
	1256
	1257
	1258
	1260
	1261
	1262
	1264
	1265
	1266
	1268
	1269
	1271
	1272
	1273
	1275
	1276
	1277
	1279
	1280
	1281
	1283
	1284
	1285
	1287
	1288
	1289
	1291
	1292
	1293
	1295
	1296
	1297
	1299
	1300
	1302
	1303
	1304
	1306
	1307
	1308
	1310
	1311
	1312
	1314
	1315
	1316
	1318
	1319
	1320
	1322
	1323
	1324
	1326
	1327
	1328
	1330
	1331
	1332
	1334
	1335
	1336
	1338
	1339
	1340
	1342
	1343
	1344
	1345
	1347
	1348
	1349
	1351
	1352
	1353
	1355
	1356
	1357
	1359
	1360
	1361
	1363
	1364
	1365
	1367
	1368
	1369
	1370
	1372
	1373
	1374
	1376
	1377
	1378
	1380
	1381
	1382
	1384
	1385
	1386
	1388
	1389
	1390
	1392
	1393
	1394
	1395
	1397
	1398
	1399
	1401
	1402
	1403
	1405
	1406
	1407
	1409
	1410
	1411
	1413
	1414
	1415
	1416
	1418
	1419
	1420
	1422
	1423
	1424
	1426
	1427
	1428
	1429
	1431
	1432
	1433
	1435
	1436
	1437
	1439
	1440
	1441
	1443
	1444
	1445
	1446
	1448
	1449
	1450
	1452
	1453
	1454
	1456
	1457
	1458
	1459
	1461
	1462
	1463
	1465
	1466
	1467
	1469
	1470
	1471
	1472
	1474
	1475
	1476
	1478
	1479
	1480
	1482
	1483
	1484
	1486
	1487
	1488
	1489
	1491
	1492
	1493
	1495
	1509
	1517
	1519
	1520
	1522
	1523
	1525
	1526
	1527
	1529
	1531
	1532
	1533
	1535
	1536
	1538
	1539
	1541
	1542
	1544
	1545
	1546
	1548
	1549
	1550
	1552
	1553
	1555
	1556
	1558
	1559
	1561
	1562
	1563
	1565
	1566
	1567
	1569
	1570
	1571
	1573
	1574
	1575
	1577
	1578
	1579
	1581
	1582
	1583
	1584
	1586
	1587
	1588
	1590
	1591
	1592
	1593
	1595
	1596
	1597
	1599
	1600
	1602
	1603
	1604
	1606
	1607
	1608
	1610
	1611
	1613
	1614
	1615
	1617
	1618
	1620
	1621
	1622
	1624
	1625
	1626
	1628
	1629
	1630
	1631
	1633
	1634
	1635
	1637
	1638
	1639
	1641
	1642
	1643
	1645
	1646
	1647
	1648
	1650
	1651
	1652
	1654
	1655
	1656
	1657
	1659
	1660
	1661
	1663
	1664
	1665
	1667
	1668
	1669
	1671
	1672
	1673
	1675
	1676
	1677
	1679
	1680
	1681
	1683
	1684
	1685
	1687
	1688
	1689
	1690
	1692
	1693
	1694
	1696
	1697
	1698
	1700
	1701
	1702
	1703
	1705
	1706
	1707
	1709
	1710
	1711
	1713
	1714
	1715
	1716
	1718
	1719
	1720
	1722
	1723
	1724
	1726
	1727
	1728
	1730
	1731
	1732
	1733
	1735
	1736
	1737
	1739
	1740
	1741
	1743
	1744
	1745
	1747
	1748
	1749
	1750
	1752
	1753
	1754
	1756
	1757
	1758
	1760
	1761
	1762
	1763
	1765
	1766
	1767
	1768
	1770
	1771
	1772
	1774
	1775
	1776
	1777
	1779
	1780
	1781
	1783
	1784
	1785
	1787
	1788
	1789
	1790
	1792
	1793
	1794
	1796
	1797
	1798
	1799
	1801
	1802
	1803
	1804
	1806
	1807
	1808
	1810
	1811
	1812
	1813
	1815
	1816
	1817
	1819
	1820
	1821
	1822
	1824
	1825
	1826
	1828
	1829
	1830
	1831
	1833
	1834
	1835
	1836
	1838
	1839
	1841
	1842
	1843
	1844
	1846
	1862
	1868
	1869
	1871
	1872
	1874
	1875
	1876
	1878
	1879
	1881
	1882
	1883
	1885
	1886
	1887
	1889
	1890
	1892
	1893
	1894
	1896
	1897
	1899
	1900
	1901
	1903
	1904
	1906
	1907
	1908
	1910
	1911
	1912
	1914
	1915
	1916
	1918
	1919
	1920
	1922
	1923
	1925
	1926
	1927
	1929
	1930
	1931
	1933
	1934
	1935
	1937
	1938
	1939
	1941
	1942
	1943
	1945
	1946
	1947
	1949
	1950
	1952
	1953
	1954
	1955
	1957
	1958
	1959
	1961
	1962
	1963
	1965
	1966
	1967
	1968
	1970
	1971
	1972
	1973
	1975
	1976
	1977
	1979
	1980
	1981
	1983
	1984
	1985
	1987
	1988
	1989
	1991
	1992
	1993
	1994
	1996
	1997
	1998
	2000
	2001
	2002
	2004
	2005
	2006
	2007
	2009
	2010
	2011
	2012
	2014
	2015
	2016
	2017
	2019
	2020
	2022
	2023
	2024
	2025
	2027
	2028
	2029
	2030
	2032
	2033
	2034
	2035
	2037
	2038
	2039
	2040
	2042
	2043
	2044
	2045
	2047
	2048
	2049
	2050
	2051
	2053
	2054
	2055
	2056
	2058
	2059
	2060
	2061
	2063
	2064
	2065
	2066
	2068
	2069
	2070
	2071
	2073
	2074
	2075
	2077
	2078
	2079
	2080
	2082
	2083
	2084
	2085
	2087
	2088
	2089
	2090
	2092
	2093
	2094
	2095
	2097
	2098
	2099
	2100
	2102
	2103
	2104
	2105
	2107
	2108
	2109
	2111
	2112
	2113
	2114
	2115
	2117
	2118
	2119
	2120
	2122
	2123
	2124
	2125
	2127
	2128
	2129
	2130
	2132
	2133
	2134
	2135
	2137
	2138
	2139
	2140
	2142
	2143
	2144
	2145
	2147
	2148
	2150
	2151
	2152
	2153
	2154
	2156
	2157
	2158
	2159
	2161
	2162
	2163
	2164
	2166
	2167
	2168
	2169
	2171
	2172
	2173
	2175
	2176
	2178
	2179
	2180
	2182
	2183
	2184
	2185
	2187
	2188
	2189
	2205
	2211
	2212
	2214
	2215
	2216
	2218
	2219
	2220
	2222
	2223
	2224
	2226
	2227
	2228
	2230
	2231
	2233
	2234
	2235
	2237
	2238
	2239
	2241
	2242
	2243
	2245
	2246
	2247
	2249
	2250
	2251
	2253
	2254
	2255
	2256
	2258
	2259
	2261
	2262
	2263
	2265
	2266
	2267
	2269
	2270
	2271
	2273
	2274
	2275
	2276
	2278
	2279
	2280
	2282
	2283
	2284
	2286
	2287
	2288
	2289
	2291
	2292
	2293
	2295
	2296
	2297
	2298
	2300
	2301
	2302
	2304
	2305
	2306
	2307
	2309
	2310
	2311
	2313
	2314
	2315
	2316
	2318
	2319
	2321
	2322
	2323
	2325
	2326
	2327
	2328
	2330
	2331
	2332
	2334
	2335
	2336
	2337
	2339
	2340
	2341
	2342
	2344
	2345
	2346
	2348
	2349
	2350
	2351
	2353
	2354
	2355
	2357
	2358
	2359
	2360
	2362
	2363
	2364
	2365
	2367
	2368
	2369
	2371
	2372
	2373
	2374
	2376
	2377
	2378
	2380
	2381
	2382
	2383
	2385
	2386
	2387
	2388
	2390
	2391
	2392
	2394
	2395
	2396
	2398
	2399
	2400
	2401
	2403
	2404
	2405
	2406
	2408
	2409
	2410
	2411
	2413
	2414
	2415
	2416
	2418
	2419
	2420
	2421
	2423
	2424
	2425
	2426
	2428
	2429
	2430
	2431
	2433
	2434
	2435
	2436
	2438
	2439
	2440
	2441
	2443
	2444
	2445
	2446
	2448
	2449
	2450
	2451
	2453
	2454
	2455
	2456
	2458
	2459
	2460
	2461
	2463
	2464
	2465
	2467
	2468
	2469
	2470
	2472
	2473
	2474
	2475
	2477
	2478
	2479
	2480
	2482
	2483
	2484
	2485
	2487
	2488
	2489
	2491
	2492
	2493
	2495
	2496
	2497
	2498
	2500
	2501
	2502
	2503
	2505
	2506
	2507
	2508
	2510
	2511
	2512
	2513
	2515
	2516
	2517
	2518
	2520
	2521
	2522
	2523
	2525
	2526
	2527
	2528
	2529
	2547
	2551
	2553
	2554
	2556
	2557
	2558
	2560
	2561
	2563
	2564
	2566
	2567
	2568
	2570
	2571
	2573
	2574
	2575
	2577
	2578
	2579
	2581
	2582
	2583
	2585
	2586
	2587
	2589
	2590
	2591
	2593
	2594
	2595
	2596
	2598
	2599
	2600
	2602
	2603
	2604
	2605
	2607
	2608
	2609
	2611
	2612
	2613
	2614
	2616
	2617
	2618
	2619
	2621
	2622
	2623
	2625
	2626
	2627
	2628
	2630
	2631
	2632
	2633
	2635
	2636
	2637
	2638
	2640
	2641
	2642
	2643
	2645
	2646
	2647
	2648
	2650
	2651
	2652
	2654
	2655
	2656
	2657
	2659
	2660
	2661
	2663
	2664
	2665
	2666
	2668
	2669
	2670
	2671
	2673
	2674
	2675
	2677
	2678
	2679
	2681
	2682
	2683
	2684
	2686
	2687
	2688
	2689
	2691
	2692
	2693
	2694
	2696
	2697
	2698
	2699
	2701
	2702
	2703
	2704
	2706
	2707
	2708
	2709
	2711
	2712
	2713
	2714
	2716
	2717
	2718
	2719
	2721
	2722
	2723
	2724
	2725
	2727
	2728
	2729
	2730
	2732
	2733
	2734
	2735
	2737
	2738
	2739
	2741
	2742
	2743
	2744
	2745
	2747
	2748
	2749
	2751
	2752
	2753
	2754
	2756
	2757
	2758
	2759
	2761
	2762
	2763
	2764
	2765
	2767
	2768
	2769
	2770
	2772
	2773
	2774
	2775
	2777
	2778
	2779
	2780
	2782
	2783
	2784
	2785
	2787
	2788
	2789
	2790
	2792
	2793
	2794
	2795
	2796
	2798
	2799
	2800
	2802
	2803
	2804
	2806
	2807
	2808
	2809
	2810
	2812
	2813
	2814
	2816
	2817
	2818
	2819
	2821
	2822
	2823
	2824
	2826
	2827
	2828
	2829
	2831
	2832
	2833
	2834
	2836
	2837
	2838
	2839
	2841
	2842
	2843
	2844
	2846
	2847
	2848
	2849
	2851
	2852
	2853
	2854
	2856
	2857
	2858
	2860
	2861
	2862
	2864
	2865
	2866
	2867
	2883
	2888
	2890
	2891
	2893
	2894
	2895
	2897
	2898
	2899
	2901
	2902
	2903
	2904
	2906
	2907
	2908
	2910
	2911
	2912
	2914
	2915
	2916
	2918
	2919
	2920
	2922
	2923
	2924
	2926
	2927
	2928
	2930
	2931
	2932
	2933
	2935
	2936
	2937
	2938
	2940
	2941
	2942
	2944
	2945
	2946
	2948
	2949
	2950
	2951
	2953
	2954
	2955
	2956
	2958
	2959
	2960
	2962
	2963
	2964
	2966
	2967
	2968
	2969
	2971
	2972
	2973
	2975
	2976
	2977
	2979
	2980
	2981
	2982
	2984
	2985
	2986
	2988
	2989
	2990
	2992
	2993
	2994
	2996
	2997
	2998
	3000
	3001
	3002
	3003
	3005
	3006
	3007
	3009
	3010
	3011
	3012
	3014
	3015
	3016
	3017
	3019
	3020
	3021
	3023
	3024
	3025
	3027
	3028
	3029
	3030
	3032
	3033
	3034
	3036
	3037
	3038
	3039
	3041
	3042
	3043
	3044
	3046
	3047
	3048
	3050
	3051
	3052
	3053
	3055
	3056
	3057
	3058
	3060
	3061
	3062
	3063
	3065
	3066
	3067
	3069
	3070
	3071
	3072
	3074
	3075
	3076
	3077
	3078
	3080
	3081
	3082
	3084
	3085
	3086
	3087
	3089
	3090
	3091
	3093
	3094
	3095
	3096
	3098
	3099
	3100
	3102
	3103
	3104
	3106
	3107
	3108
	3109
	3111
	3112
	3113
	3115
	3116
	3117
	3119
	3120
	3121
	3123
	3124
	3125
	3127
	3128
	3129
	3130
	3132
	3133
	3134
	3135
	3137
	3138
	3139
	3140
	3142
	3143
	3144
	3145
	3147
	3148
	3149
	3150
	3152
	3153
	3154
	3155
	3156
	3158
	3159
	3161
	3162
	3163
	3164
	3166
	3167
	3168
	3169
	3170
	3172
	3173
	3174
	3176
	3177
	3178
	3180
	3181
	3182
	3183
	3184
	3186
	3187
	3188
	3189
	3191
	3192
	3193
	3194
	3196
	3197
	3198
	3200
	3201
	3202
	3203
	3204
	3206
	3207
	3223
	3228
	3230
	3231
	3232
	3234
	3235
	3236
	3238
	3239
	3241
	3242
	3243
	3244
	3246
	3247
	3248
	3250
	3251
	3252
	3254
	3255
	3256
	3258
	3259
	3260
	3262
	3263
	3264
	3266
	3267
	3268
	3269
	3271
	3272
	3273
	3275
	3276
	3277
	3279
	3280
	3282
	3283
	3284
	3286
	3287
	3288
	3289
	3291
	3292
	3293
	3295
	3296
	3297
	3299
	3300
	3301
	3302
	3304
	3305
	3306
	3308
	3309
	3310
	3311
	3313
	3314
	3315
	3317
	3318
	3319
	3320
	3322
	3323
	3324
	3325
	3327
	3328
	3329
	3330
	3332
	3333
	3334
	3336
	3337
	3338
	3339
	3341
	3342
	3343
	3345
	3346
	3347
	3348
	3350
	3351
	3352
	3353
	3355
	3356
	3357
	3359
	3360
	3361
	3362
	3364
	3365
	3366
	3368
	3369
	3370
	3371
	3372
	3374
	3375
	3376
	3378
	3379
	3380
	3381
	3383
	3384
	3385
	3386
	3388
	3389
	3390
	3391
	3393
	3394
	3395
	3396
	3398
	3399
	3400
	3402
	3403
	3404
	3405
	3407
	3408
	3409
	3410
	3412
	3413
	3414
	3415
	3417
	3418
	3419
	3420
	3422
	3423
	3424
	3426
	3427
	3428
	3429
	3431
	3432
	3433
	3434
	3436
	3437
	3438
	3439
	3441
	3442
	3443
	3445
	3446
	3447
	3448
	3450
	3451
	3452
	3453
	3455
	3456
	3457
	3458
	3460
	3461
	3462
	3463
	3465
	3466
	3467
	3469
	3470
	3471
	3473
	3474
	3475
	3476
	3477
	3479
	3480
	3481
	3483
	3484
	3485
	3486
	3487
	3489
	3490
	3491
	3493
	3494
	3495
	3496
	3498
	3499
	3500
	3501
	3503
	3504
	3505
	3506
	3508
	3509
	3510
	3512
	3513
	3514
	3515
	3517
	3518
	3519
	3521
	3522
	3523
	3524
	3526
	3527
	3528
	3529
	3531
	3532
	3533
	3535
	3536
	3537
	3538
	3540
	3541
	3542
	3544
	3545
	3546
	3560
	3568
	3569
	3571
	3572
	3573
	3574
	3576
	3577
	3578
	3580
	3581
	3583
	3584
	3585
	3587
	3588
	3589
	3591
	3592
	3593
	3595
	3596
	3597
	3598
	3600
	3601
	3602
	3604
	3605
	3606
	3607
	3609
	3610
	3611
	3613
	3614
	3615
	3617
	3618
	3619
	3620
	3622
	3623
	3624
	3626
	3627
	3628
	3630
	3631
	3632
	3634
	3635
	3636
	3638
	3639
	3640
	3642
	3643
	3644
	3645
	3647
	3648
	3649
	3650
	3652
	3653
	3654
	3655
	3657
	3658
	3659
	3660
	3662
	3663
	3664
	3665
	3667
	3668
	3669
	3670
	3672
	3673
	3674
	3676
	3677
	3678
	3680
	3681
	3682
	3683
	3685
	3686
	3687
	3689
	3690
	3691
	3692
	3694
	3695
	3696
	3697
	3699
	3700
	3701
	3703
	3704
	3705
	3707
	3708
	3709
	3711
	3712
	3713
	3714
	3716
	3717
	3718
	3719
	3721
	3722
	3723
	3724
	3726
	3727
	3728
	3729
	3731
	3732
	3733
	3734
	3736
	3737
	3738
	3739
	3741
	3742
	3743
	3744
	3746
	3747
	3748
	3750
	3751
	3752
	3753
	3754
	3756
	3757
	3758
	3760
	3761
	3762
	3764
	3765
	3766
	3768
	3769
	3770
	3771
	3773
	3774
	3775
	3776
	3778
	3779
	3780
	3782
	3783
	3784
	3785
	3787
	3788
	3789
	3791
	3792
	3793
	3794
	3796
	3797
	3798
	3800
	3801
	3802
	3803
	3805
	3806
	3807
	3808
	3810
	3811
	3812
	3813
	3815
	3816
	3817
	3819
	3821
	3822
	3823
	3824
	3826
	3827
	3828
	3830
	3831
	3832
	3833
	3835
	3836
	3837
	3838
	3840
	3841
	3842
	3844
	3845
	3846
	3847
	3849
	3850
	3851
	3852
	3854
	3855
	3856
	3857
	3859
	3860
	3861
	3862
	3864
	3865
	3866
	3867
	3869
	3870
	3871
	3873
	3874
	3875
	3876
	3878
	3879
	3880
	3882
	3883
	3884
	3886
	3887
	3903
	3907
	3909
	3910
	3911
	3913
	3914
	3915
	3917
	3918
	3919
	3921
	3922
	3923
	3925
	3926
	3927
	3929
	3930
	3931
	3933
	3934
	3935
	3937
	3938
	3939
	3941
	3942
	3943
	3945
	3946
	3947
	3949
	3950
	3951
	3953
	3954
	3955
	3957
	3958
	3959
	3960
	3962
	3963
	3964
	3966
	3967
	3968
	3969
	3971
	3972
	3973
	3974
	3976
	3977
	3978
	3979
	3981
	3982
	3983
	3984
	3986
	3987
	3988
	3989
	3990
	3992
	3993
	3994
	3996
	3997
	3998
	3999
	4001
	4002
	4003
	4005
	4006
	4007
	4009
	4010
	4011
	4013
	4014
	4015
	4017
	4018
	4019
	4020
	4022
	4023
	4024
	4025
	4027
	4028
	4029
	4030
	4032
	4033
	4034
	4035
	4037
	4038
	4039
	4040
	4042
	4043
	4044
	4046
	4047
	4048
	4049
	4051
	4052
	4053
	4054
	4056
	4057
	4058
	4059
	4061
	4062
	4063
	4064
	4066
	4067
	4068
	4070
	4071
	4072
	4073
	4075
	4076
	4077
	4078
	4080
	4081
	4082
	4083
	4084
	4086
	4087
	4088
	4089
	4091
	4092
	4093
	4094
	4096
	4097
	4098
	4099
	4101
	4102
	4103
	4105
	4106
	4107
	4109
	4110
	4111
	4112
	4114
	4115
	4116
	4117
	4119
	4120
	4121
	4122
	4124
	4125
	4126
	4127
	4129
	4130
	4131
	4132
	4134
	4135
	4136
	4137
	4139
	4140
	4141
	4142
	4144
	4145
	4146
	4147
	4148
	4150
	4151
	4152
	4154
	4155
	4156
	4157
	4159
	4160
	4161
	4162
	4163
	4165
	4166
	4167
	4168
	4170
	4171
	4172
	4173
	4175
	4176
	4177
	4178
	4180
	4181
	4182
	4183
	4185
	4186
	4187
	4188
	4190
	4191
	4192
	4193
	4195
	4196
	4197
	4198
	4199
	4201
	4202
	4203
	4204
	4206
	4207
	4208
	4209
	4211
	4212
	4213
	4214
	4215
	4217
	4218
	4219
	4220
	4222
	4238
	4243
	4244
	4245
	4247
	4248
	4249
	4251
	4252
	4254
	4255
	4257
	4258
	4259
	4261
	4262
	4263
	4265
	4266
	4267
	4269
	4270
	4271
	4272
	4274
	4275
	4276
	4278
	4279
	4280
	4281
	4283
	4284
	4285
	4286
	4288
	4289
	4290
	4292
	4293
	4294
	4295
	4297
	4298
	4299
	4301
	4302
	4303
	4305
	4306
	4307
	4309
	4310
	4311
	4312
	4313
	4315
	4316
	4317
	4319
	4320
	4321
	4322
	4323
	4325
	4326
	4327
	4328
	4330
	4331
	4332
	4333
	4335
	4336
	4337
	4339
	4340
	4341
	4343
	4344
	4345
	4346
	4348
	4349
	4350
	4351
	4353
	4354
	4355
	4356
	4358
	4359
	4360
	4362
	4363
	4364
	4366
	4367
	4368
	4369
	4371
	4372
	4373
	4375
	4376
	4377
	4378
	4379
	4381
	4382
	4383
	4385
	4386
	4387
	4388
	4390
	4391
	4392
	4393
	4395
	4396
	4397
	4398
	4400
	4401
	4402
	4403
	4405
	4406
	4407
	4408
	4410
	4411
	4412
	4413
	4415
	4416
	4417
	4419
	4420
	4421
	4422
	4424
	4425
	4426
	4427
	4429
	4430
	4431
	4432
	4434
	4435
	4436
	4437
	4439
	4440
	4441
	4442
	4444
	4445
	4446
	4447
	4449
	4450
	4451
	4452
	4454
	4455
	4456
	4457
	4459
	4460
	4461
	4463
	4464
	4465
	4466
	4467
	4469
	4470
	4471
	4473
	4474
	4475
	4476
	4477
	4479
	4480
	4482
	4483
	4484
	4486
	4487
	4488
	4489
	4490
	4492
	4493
	4494
	4495
	4497
	4498
	4499
	4500
	4501
	4503
	4504
	4505
	4506
	4508
	4509
	4510
	4511
	4513
	4514
	4515
	4516
	4518
	4519
	4520
	4521
	4522
	4524
	4525
	4526
	4528
	4529
	4530
	4531
	4533
	4534
	4535
	4536
	4537
	4539
	4540
	4541
	4543
	4544
	4545
	4546
	4548
	4549
	4550
	4551
	4553
	4554
	4555
	4556
	4558
	4577
	4581
	4583
	4584
	4585
	4587
	4588
	4589
	4591
	4592
	4593
	4595
	4596
	4597
	4599
	4600
	4602
	4603
	4604
	4606
	4607
	4608
	4610
	4611
	4612
	4614
	4615
	4616
	4617
	4619
	4620
	4621
	4623
	4624
	4625
	4626
	4628
	4629
	4630
	4632
	4633
	4634
	4635
	4637
	4638
	4639
	4641
	4642
	4643
	4644
	4646
	4647
	4648
	4649
	4651
	4652
	4653
	4654
	4656
	4657
	4658
	4660
	4661
	4662
	4663
	4665
	4666
	4667
	4668
	4670
	4671
	4672
	4674
	4675
	4676
	4677
	4679
	4680
	4681
	4682
	4684
	4685
	4686
	4688
	4689
	4690
	4691
	4693
	4694
	4695
	4697
	4698
	4699
	4700
	4702
	4703
	4704
	4705
	4707
	4708
	4709
	4710
	4712
	4713
	4714
	4715
	4717
	4718
	4719
	4721
	4722
	4723
	4724
	4726
	4727
	4728
	4729
	4731
	4732
	4733
	4734
	4736
	4737
	4738
	4739
	4740
	4742
	4743
	4744
	4745
	4747
	4748
	4749
	4750
	4751
	4753
	4754
	4755
	4756
	4758
	4759
	4760
	4761
	4763
	4764
	4765
	4766
	4767
	4769
	4770
	4771
	4772
	4774
	4775
	4776
	4777
	4779
	4780
	4781
	4782
	4784
	4785
	4786
	4787
	4789
	4790
	4791
	4792
	4793
	4795
	4796
	4797
	4798
	4800
	4801
	4802
	4803
	4805
	4806
	4807
	4808
	4809
	4811
	4812
	4813
	4814
	4816
	4817
	4818
	4819
	4821
	4822
	4823
	4824
	4825
	4827
	4828
	4829
	4830
	4832
	4833
	4834
	4835
	4837
	4838
	4839
	4840
	4842
	4843
	4844
	4845
	4847
	4848
	4849
	4850
	4851
	4853
	4854
	4855
	4856
	4857
	4859
	4860
	4861
	4862
	4864
	4865
	4866
	4867
	4868
	4870
	4871
	4872
	4873
	4875
	4876
	4877
	4878
	4879
	4881
	4882
	4883
	4884
	4885
	4887
	4888
	4889
	4890
	4891
	4893
	4907
	4913
	4915
	4916
	4917
	4918
	4920
	4921
	4922
	4924
	4925
	4927
	4928
	4929
	4930
	4932
	4933
	4934
	4936
	4937
	4938
	4940
	4941
	4942
	4944
	4945
	4946
	4947
	4949
	4950
	4951
	4952
	4954
	4955
	4956
	4957
	4959
	4960
	4961
	4963
	4964
	4965
	4966
	4968
	4969
	4970
	4971
	4972
	4974
	4975
	4976
	4977
	4979
	4980
	4981
	4982
	4984
	4985
	4986
	4987
	4988
	4990
	4991
	4992
	4993
	4995
	4996
	4997
	4998
	5000
	5001
	5002
	5003
	5005
	5006
	5007
	5008
	5009
	5010
	5012
	5013
	5014
	5015
	5017
	5018
	5019
	5021
	5022
	5023
	5024
	5026
	5027
	5028
	5029
	5030
	5032
	5033
	5034
	5035
	5037
	5038
	5039
	5040
	5041
	5043
	5044
	5045
	5046
	5047
	5049
	5050
	5051
	5052
	5054
	5055
	5056
	5057
	5059
	5060
	5061
	5062
	5063
	5065
	5066
	5067
	5068
	5069
	5071
	5072
	5073
	5074
	5075
	5077
	5078
	5079
	5081
	5082
	5083
	5084
	5086
	5087
	5088
	5089
	5090
	5092
	5093
	5094
	5095
	5096
	5098
	5099
	5100
	5101
	5102
	5104
	5105
	5106
	5107
	5109
	5110
	5111
	5112
	5113
	5115
	5116
	5117
	5118
	5119
	5121
	5122
	5123
	5124
	5126
	5127
	5128
	5129
	5131
	5132
	5133
	5134
	5135
	5137
	5138
	5139
	5140
	5142
	5143
	5144
	5145
	5146
	5148
	5149
	5150
	5151
	5152
	5154
	5155
	5156
	5157
	5158
	5160
	5161
	5162
	5163
	5164
	5166
	5167
	5168
	5169
	5170
	5172
	5173
	5174
	5175
	5177
	5178
	5179
	5180
	5181
	5183
	5184
	5185
	5186
	5188
	5189
	5190
	5191
	5192
	5194
	5195
	5196
	5197
	5198
	5200
	5201
	5202
	5203
	5204
	5206
	5207
	5208
	5209
	5211
	5212
	5213
	5214
	5215
	5216
	5218
	5219
	5234
	5239
	5240
	5241
	5242
	5244
	5245
	5246
	5247
	5249
	5250
	5251
	5253
	5254
	5255
	5256
	5258
	5259
	5260
	5262
	5263
	5264
	5266
	5267
	5269
	5270
	5271
	5272
	5273
	5275
	5276
	5277
	5278
	5280
	5281
	5282
	5283
	5285
	5286
	5287
	5288
	5290
	5291
	5292
	5294
	5295
	5296
	5297
	5298
	5300
	5301
	5302
	5303
	5305
	5306
	5307
	5308
	5310
	5311
	5312
	5313
	5315
	5316
	5317
	5318
	5319
	5321
	5322
	5323
	5324
	5326
	5327
	5328
	5329
	5331
	5332
	5333
	5334
	5335
	5337
	5338
	5339
	5340
	5342
	5343
	5344
	5345
	5346
	5348
	5349
	5350
	5351
	5353
	5354
	5355
	5356
	5357
	5359
	5360
	5361
	5362
	5363
	5365
	5366
	5367
	5369
	5370
	5371
	5372
	5373
	5375
	5376
	5377
	5378
	5380
	5381
	5382
	5383
	5384
	5386
	5387
	5388
	5389
	5390
	5392
	5393
	5394
	5395
	5397
	5398
	5399
	5400
	5401
	5402
	5404
	5405
	5406
	5407
	5408
	5410
	5411
	5412
	5413
	5414
	5416
	5417
	5418
	5419
	5421
	5422
	5423
	5424
	5425
	5426
	5428
	5429
	5430
	5431
	5433
	5434
	5435
	5436
	5437
	5439
	5440
	5441
	5442
	5444
	5445
	5446
	5447
	5449
	5450
	5451
	5452
	5453
	5455
	5456
	5457
	5458
	5459
	5461
	5462
	5463
	5464
	5465
	5467
	5468
	5469
	5470
	5471
	5472
	5474
	5475
	5476
	5477
	5479
	5480
	5481
	5482
	5483
	5485
	5486
	5487
	5488
	5490
	5491
	5492
	5493
	5494
	5495
	5497
	5498
	5499
	5500
	5502
	5503
	5504
	5505
	5507
	5508
	5509
	5510
	5511
	5513
	5514
	5515
	5516
	5517
	5519
	5520
	5521
	5522
	5523
	5525
	5526
	5527
	5528
	5529
	5531
	5532
	5533
	5534
	5535
	5537
	5538
	5539
	5540
	5541
	5543
	5557
