	26
	28
	30
	31
	32
	34
	35
	37
	38
	40
	41
	43
	44
	46
	47
	49
	50
	52
	53
	55
	56
	58
	59
	61
	62
	64
	65
	67
	68
	69
	71
	72
	74
	75
	76
	78
	79
	81
	82
	84
	85
	86
	88
	89
	91
	92
	93
	95
	96
	98
	99
	101
	102
	103
	105
	106
	108
	109
	111
	112
	114
	115
	116
	118
	119
	121
	122
	124
	125
	127
	128
	129
	131
	132
	134
	135
	136
	138
	139
	140
	142
	143
	145
	146
	147
	149
	150
	152
	153
	154
	156
	157
	159
	160
	162
	163
	164
	166
	167
	169
	170
	171
	173
	174
	176
	177
	178
	180
	181
	183
	184
	185
	187
	188
	189
	191
	192
	193
	195
	196
	197
	199
	200
	202
	203
	204
	206
	207
	209
	210
	211
	213
	214
	215
	217
	218
	220
	221
	223
	224
	225
	227
	228
	229
	231
	232
	234
	235
	236
	238
	239
	241
	242
	243
	245
	246
	247
	249
	250
	252
	253
	254
	256
	257
	258
	260
	261
	262
	264
	265
	267
	268
	269
	271
	272
	273
	275
	276
	277
	279
	280
	282
	283
	285
	286
	287
	289
	290
	292
	293
	295
	296
	297
	299
	300
	302
	303
	305
	306
	307
	309
	310
	312
	313
	314
	316
	317
	319
	320
	321
	323
	324
	326
	327
	328
	330
	331
	332
	334
	335
	337
	338
	339
	341
	342
	344
	345
	346
	348
	349
	351
	352
	353
	355
	356
	358
	359
	361
	362
	364
	365
	366
	368
	369
	371
	372
	373
	375
	376
	377
	379
	380
	382
	383
	385
	386
	387
	389
	390
	391
	393
	394
	396
	397
	399
	400
	402
	403
	405
	406
	408
	409
	410
	412
	413
	415
	416
	417
	419
	420
	422
	423
	424
	426
	427
	429
	430
	431
	433
	434
	435
	437
	438
	440
	441
	442
	444
	445
	447
	448
	449
	451
	452
	453
	455
	456
	457
	459
	460
	462
	463
	465
	466
	468
	469
	470
	472
	473
	475
	476
	477
	479
	480
	482
	483
	484
	486
	487
	488
	490
	491
	492
	494
	495
	497
	498
	499
	501
	502
	503
	505
	506
	508
	509
	510
	512
	513
	514
	516
	517
	519
	520
	521
	523
	524
	526
	527
	528
	530
	531
	533
	534
	535
	537
	538
	540
	541
	542
	544
	545
	546
	548
	549
	551
	552
	553
	555
	556
	557
	559
	560
	562
	563
	564
	566
	567
	568
	570
	571
	573
	574
	575
	577
	578
	579
	581
	582
	584
	585
	587
	588
	589
	591
	592
	593
	595
	596
	598
	599
	600
	602
	603
	604
	606
	607
	608
	610
	611
	613
	614
	615
	617
	618
	619
	621
	622
	623
	625
	626
	628
	629
	630
	632
	633
	634
	636
	637
	638
	640
	641
	643
	644
	645
	647
	648
	650
	651
	652
	654
	655
	656
	658
	659
	661
	662
	663
	665
	666
	667
	669
	670
	671
	673
	674
	676
	677
	678
	680
	681
	683
	684
	685
	687
	688
	689
	691
	692
	694
	695
	696
	698
	699
	700
	702
	703
	705
	706
	707
	709
	710
	711
	713
	714
	716
	717
	718
	720
	721
	722
	724
	725
	726
	728
	729
	731
	732
	733
	735
	736
	737
	739
	740
	741
	743
	744
	745
	747
	748
	750
	751
	752
	754
	755
	756
	758
	759
	761
	762
	763
	765
	766
	767
	769
	770
	771
	773
	774
	776
	777
	778
	780
	781
	782
	784
	785
	786
	788
	789
	790
	792
	793
	795
	796
	797
	799
	800
	801
	803
	804
	805
	807
	808
	809
	811
	812
	814
	815
	816
	818
	819
	820
	822
	823
	825
	826
	827
	829
	830
	831
	833
	834
	836
	837
	838
	840
	841
	843
	844
	845
	847
	848
	849
	851
	852
	853
	855
	856
	857
	859
	860
	861
	863
	864
	866
	867
	868
	870
	871
	872
	874
	875
	876
	878
	879
	881
	882
	883
	885
	886
	888
	889
	890
	892
	893
	894
	896
	897
	898
	900
	901
	903
	904
	905
	907
	908
	909
	911
	912
	914
	915
	916
	918
	919
	920
	922
	923
	924
	925
	927
	928
	930
	931
	932
	934
	935
	936
	938
	939
	940
	942
	943
	944
	946
	947
	948
	950
	951
	953
	954
	955
	957
	958
	959
	961
	962
	963
	965
	966
	967
	969
	970
	971
	973
	974
	975
	977
	978
	979
	981
	982
	983
	985
	986
	987
	989
	990
	991
	993
	994
	995
	997
	998
	999
	1001
	1002
	1004
	1005
	1007
	1008
	1009
	1011
	1012
	1013
	1015
	1016
	1017
	1019
	1020
	1021
	1023
	1024
	1026
	1027
	1028
	1030
	1031
	1032
	1034
	1035
	1036
	1038
	1039
	1040
	1042
	1043
	1044
	1046
	1047
	1049
	1050
	1051
	1053
	1054
	1055
	1057
	1058
	1059
	1061
	1062
	1064
	1065
	1066
	1068
	1069
	1071
	1072
	1073
	1075
	1076
	1077
	1079
	1080
	1081
	1083
	1084
	1085
	1087
	1088
	1089
	1091
	1092
	1093
	1095
	1096
	1097
	1099
	1100
	1102
	1103
	1104
	1106
	1107
	1108
	1110
	1111
	1112
	1114
	1115
	1116
	1118
	1119
	1121
	1122
	1123
	1125
	1126
	1127
	1129
	1130
	1131
	1133
	1134
	1136
	1137
	1138
	1140
	1141
	1142
	1144
	1145
	1146
	1148
	1149
	1150
	1152
	1153
	1154
	1156
	1157
	1158
	1160
	1161
	1162
	1164
	1165
	1166
	1168
	1169
	1170
	1172
	1173
	1174
	1176
	1177
	1178
	1180
	1181
	1183
	1184
	1185
	1187
	1188
	1189
	1191
	1192
	1194
	1195
	1196
	1198
	1199
	1200
	1202
	1203
	1204
	1206
	1207
	1208
	1209
	1211
	1213
	1214
	1215
	1217
	1218
	1219
	1221
	1222
	1223
	1225
	1226
	1227
	1229
	1230
	1231
	1233
	1234
	1235
	1237
	1238
	1239
	1241
	1242
	1243
	1245
	1246
	1247
	1249
	1250
	1251
	1253
	1254
	1255
	1257
	1258
	1259
	1261
	1262
	1263
	1265
	1266
	1267
	1269
	1270
	1271
	1272
	1274
	1275
	1276
	1278
	1279
	1281
	1282
	1283
	1285
	1286
	1287
	1288
	1290
	1291
	1292
	1294
	1295
	1296
	1298
	1299
	1300
	1302
	1303
	1305
	1306
	1307
	1309
	1310
	1311
	1313
	1314
	1315
	1317
	1318
	1319
	1321
	1322
	1323
	1325
	1326
	1327
	1329
	1330
	1331
	1333
	1334
	1335
	1337
	1338
	1339
	1340
	1342
	1343
	1344
	1346
	1347
	1348
	1350
	1351
	1352
	1354
	1355
	1356
	1358
	1359
	1360
	1362
	1363
	1364
	1366
	1367
	1368
	1370
	1371
	1372
	1374
	1375
	1376
	1378
	1379
	1380
	1382
	1383
	1384
	1386
	1387
	1388
	1390
	1391
	1392
	1394
	1395
	1396
	1398
	1399
	1400
	1402
	1403
	1404
	1406
	1407
	1408
	1410
	1411
	1412
	1414
	1415
	1416
	1418
	1419
	1421
	1422
	1423
	1425
	1426
	1427
	1429
	1430
	1431
	1433
	1434
	1436
	1437
	1438
	1440
	1441
	1442
	1444
	1445
	1446
	1448
	1449
	1450
	1452
	1453
	1454
	1456
	1457
	1458
	1460
	1461
	1462
	1464
	1465
	1466
	1468
	1469
	1470
	1472
	1473
	1474
	1476
	1477
	1478
	1479
	1481
	1482
	1484
	1485
	1486
	1488
	1489
	1490
	1492
	1493
	1494
	1496
	1497
	1498
	1500
	1501
	1502
	1504
	1505
	1506
	1508
	1509
	1510
	1512
	1513
	1514
	1516
	1517
	1518
	1520
	1521
	1522
	1524
	1525
	1526
	1528
	1529
	1530
	1532
	1533
	1534
	1535
	1537
	1538
	1539
	1541
	1542
	1544
	1545
	1546
	1548
	1549
	1551
	1552
	1553
	1555
	1556
	1557
	1559
	1560
	1561
	1563
	1564
	1565
	1567
	1568
	1569
	1571
	1572
	1573
	1575
	1576
	1577
	1578
	1580
	1581
	1582
	1584
	1585
	1586
	1588
	1589
	1590
	1592
	1593
	1594
	1596
	1597
	1598
	1600
	1601
	1603
	1604
	1605
	1607
	1608
	1609
	1610
	1612
	1613
	1615
	1616
	1617
	1619
	1620
	1621
	1623
	1624
	1625
	1626
	1628
	1629
	1630
	1632
	1633
	1634
	1636
	1637
	1638
	1640
	1641
	1642
	1644
	1645
	1647
	1648
	1649
	1651
	1652
	1653
	1655
	1656
	1657
	1659
	1660
	1661
	1663
	1664
	1665
	1667
	1668
	1669
	1671
	1673
	1674
	1676
	1677
	1678
	1680
	1681
	1682
	1684
	1685
	1686
	1688
	1689
	1690
	1692
	1693
	1694
	1696
	1697
	1699
	1700
	1701
	1703
	1704
	1705
	1707
	1708
	1709
	1711
	1712
	1713
	1715
	1716
	1717
	1719
	1720
	1722
	1723
	1724
	1726
	1727
	1728
	1730
	1731
	1733
	1734
	1735
	1737
	1738
	1739
	1741
	1742
	1743
	1745
	1746
	1747
	1749
	1750
	1751
	1753
	1754
	1755
	1756
	1758
	1759
	1761
	1762
	1763
	1765
	1766
	1767
	1769
	1770
	1771
	1773
	1774
	1775
	1777
	1778
	1779
	1781
	1782
	1783
	1785
	1786
	1787
	1789
	1790
	1791
	1793
	1794
	1795
	1797
	1798
	1799
	1801
	1802
	1804
	1805
	1806
	1808
	1809
	1810
	1811
	1813
	1814
	1815
	1817
	1818
	1819
	1821
	1822
	1824
	1825
	1826
	1828
	1829
	1830
	1832
	1833
	1834
	1836
	1837
	1838
	1840
	1841
	1842
	1844
	1845
	1847
	1848
	1849
	1851
	1852
	1853
	1855
	1856
	1857
	1859
	1860
	1861
	1863
	1864
	1865
	1867
	1868
	1869
	1871
	1872
	1873
	1875
	1876
	1877
	1879
	1880
	1881
	1883
	1884
	1885
	1887
	1888
	1889
	1891
	1892
	1893
	1895
	1896
	1898
	1899
	1900
	1902
	1903
	1904
	1906
	1907
	1909
	1910
	1911
	1913
	1914
	1915
	1917
	1918
	1920
	1921
	1922
	1924
	1925
	1926
	1928
	1929
	1930
	1932
	1933
	1934
	1936
	1937
	1938
	1940
	1941
	1942
	1944
	1945
	1946
	1948
	1949
	1950
	1952
	1953
	1955
	1956
	1957
	1959
	1960
	1961
	1963
	1964
	1965
	1967
	1968
	1969
	1971
	1972
	1974
	1975
	1976
	1978
	1979
	1980
	1982
	1983
	1984
	1986
	1987
	1988
	1990
	1991
	1992
	1994
	1995
	1996
	1998
	1999
	2000
	2002
	2003
	2004
	2006
	2007
	2008
	2010
	2011
	2012
	2014
	2015
	2016
	2018
	2019
	2020
	2022
	2023
	2025
	2026
	2027
	2029
	2030
	2031
	2033
	2034
	2035
	2037
	2038
	2039
	2041
	2042
	2043
	2045
	2046
	2048
	2049
	2050
	2052
	2053
	2054
	2056
	2057
	2058
	2060
	2061
	2062
	2064
	2065
	2067
	2068
	2069
	2071
	2072
	2073
	2075
	2076
	2077
	2079
	2080
	2081
	2083
	2084
	2085
	2087
	2088
	2089
	2091
	2092
	2093
	2095
	2096
	2097
	2099
	2100
	2102
	2103
	2104
	2106
	2107
	2108
	2110
	2111
	2112
	2114
	2115
	2116
	2118
	2119
	2120
	2122
	2123
	2124
	2126
	2127
	2128
	2130
	2131
	2132
	2134
	2135
	2136
	2138
	2139
	2140
	2142
	2143
	2144
	2146
	2147
	2148
	2150
	2151
	2152
	2154
	2155
	2156
	2158
	2159
	2161
	2162
	2163
	2164
	2166
	2167
	2168
	2170
	2171
	2172
	2174
	2175
	2176
	2178
	2179
	2180
	2182
	2183
	2184
	2186
	2187
	2188
	2190
	2191
	2192
	2194
	2195
	2196
	2198
	2199
	2201
	2202
	2203
	2205
	2206
	2207
	2209
	2210
	2212
	2213
	2214
	2216
	2217
	2218
	2220
	2221
	2222
	2224
	2225
	2226
	2228
	2229
	2230
	2232
	2233
	2234
	2236
	2237
	2238
	2240
	2241
	2242
	2244
	2245
	2247
	2248
	2249
	2251
	2252
	2253
	2255
	2256
	2257
	2259
	2260
	2262
	2263
	2264
	2265
	2267
	2268
	2269
	2271
	2272
	2273
	2275
	2276
	2278
	2279
	2280
	2282
	2283
	2284
	2286
	2287
	2288
	2290
	2291
	2292
	2294
	2295
	2296
	2298
	2299
	2300
	2302
	2303
	2304
	2306
	2307
	2308
	2310
	2311
	2312
	2314
	2315
	2316
	2318
	2319
	2320
	2322
	2323
	2324
	2326
	2327
	2328
	2330
	2331
	2332
	2334
	2335
	2336
	2338
	2339
	2340
	2342
	2343
	2344
	2346
	2347
	2349
	2350
	2351
	2353
	2354
	2355
	2356
	2358
	2359
	2360
	2362
	2363
	2365
	2366
	2367
	2369
	2370
	2371
	2373
	2374
	2375
	2377
	2378
	2379
	2381
	2382
	2383
	2385
	2386
	2388
	2389
	2390
	2391
	2393
	2394
	2395
	2397
	2398
	2399
	2401
	2402
	2404
	2405
	2406
	2408
	2409
	2410
	2412
	2413
	2414
	2416
	2417
	2418
	2420
	2421
	2422
	2424
	2425
	2426
	2428
	2429
	2430
	2432
	2433
	2434
	2436
	2437
	2438
	2440
	2441
	2443
	2444
	2445
	2447
	2448
	2449
	2451
	2452
	2453
	2455
	2456
	2458
	2459
	2460
	2462
	2463
	2464
	2466
	2467
	2468
	2470
	2471
	2472
	2474
	2475
	2477
	2478
	2479
	2481
	2482
	2483
	2485
	2486
	2487
	2489
	2490
	2492
	2493
	2494
	2496
	2497
	2498
	2500
	2501
	2503
	2504
	2505
	2507
	2508
	2509
	2511
	2512
	2513
	2515
	2516
	2518
	2519
	2520
	2522
	2523
	2524
	2526
	2527
	2528
	2530
	2531
	2532
	2534
	2535
	2536
	2538
	2539
	2540
	2542
	2543
	2545
	2546
	2547
	2549
	2550
	2551
	2553
	2554
	2555
	2557
	2558
	2559
	2561
	2563
	2564
	2565
	2567
	2568
	2569
	2571
	2572
	2573
	2575
	2576
	2577
	2579
	2580
	2582
	2583
	2584
	2586
	2587
	2588
	2590
	2591
	2592
	2594
	2595
	2597
	2598
	2599
	2601
	2602
	2603
	2605
	2606
	2607
	2609
	2610
	2611
	2613
	2614
	2616
	2617
	2618
	2620
	2621
	2622
	2624
	2625
	2626
	2628
	2629
	2631
	2632
	2633
	2635
	2636
	2637
	2639
	2640
	2641
	2643
	2644
	2646
	2647
	2648
	2650
	2651
	2652
	2654
	2655
	2656
	2658
	2659
	2660
	2662
	2663
	2665
	2666
	2668
	2669
	2670
	2672
	2673
	2674
	2676
	2677
	2678
	2680
	2681
	2683
	2684
	2685
	2687
	2688
	2689
	2691
	2692
	2693
	2695
	2696
	2697
	2699
	2700
	2701
	2703
	2704
	2705
	2707
	2708
	2710
	2711
	2712
	2714
	2715
	2716
	2718
	2719
	2720
	2722
	2723
	2724
	2726
	2727
	2728
	2730
	2731
	2733
	2734
	2735
	2737
	2738
	2739
	2741
	2742
	2743
	2745
	2746
	2747
	2749
	2750
	2751
	2753
	2754
	2756
	2757
	2758
	2760
	2761
	2762
	2764
	2765
	2766
	2768
	2769
	2770
	2772
	2773
	2774
	2776
	2777
	2779
	2780
	2781
	2783
	2784
	2785
	2787
	2788
	2789
	2791
	2792
	2793
	2795
	2796
	2797
	2799
	2800
	2802
	2803
	2805
	2806
	2807
	2809
	2810
	2811
	2813
	2814
	2816
	2817
	2818
	2820
	2821
	2822
	2824
	2825
	2826
	2828
	2829
	2831
	2832
	2833
	2835
	2836
	2837
	2839
	2840
	2841
	2843
	2844
	2845
	2847
	2848
	2849
	2851
	2852
	2853
	2855
	2856
	2857
	2859
	2860
	2862
	2863
	2864
	2866
	2867
	2868
	2870
	2871
	2872
	2874
	2875
	2877
	2878
	2879
	2881
	2882
	2883
	2885
	2886
	2888
	2889
	2890
	2892
	2893
	2894
	2896
	2897
	2898
	2900
	2901
	2902
	2904
	2905
	2906
	2908
	2909
	2910
	2912
	2913
	2915
	2916
	2917
	2919
	2920
	2922
	2923
	2924
	2926
	2927
	2929
	2930
	2931
	2933
	2934
	2936
	2937
	2938
	2940
	2941
	2942
	2944
	2945
	2946
	2948
	2949
	2950
	2952
	2953
	2954
	2956
	2957
	2958
	2960
	2961
	2963
	2964
	2965
	2967
	2968
	2969
	2971
	2972
	2973
	2975
	2976
	2978
	2979
	2980
	2982
	2983
	2985
	2986
	2987
	2989
	2990
	2991
	2993
	2994
	2995
	2997
	2998
	3000
	3001
	3002
	3004
	3005
	3006
	3008
	3009
	3010
	3012
	3013
	3015
	3016
	3017
	3019
	3020
	3021
	3023
	3024
	3025
	3027
	3028
	3029
	3031
	3032
	3034
	3035
	3036
	3038
	3039
	3040
	3042
	3043
	3044
	3046
	3047
	3048
	3050
	3051
	3053
	3054
	3055
	3057
	3058
	3059
	3061
	3062
	3063
	3065
	3066
	3068
	3069
	3070
	3072
	3073
	3074
	3076
	3077
	3078
	3080
	3081
	3082
	3084
	3085
	3086
	3088
	3089
	3090
	3092
	3093
	3094
	3096
	3097
	3099
	3100
	3101
	3103
	3104
	3105
	3107
	3108
	3109
	3111
	3112
	3113
	3115
	3116
	3118
	3119
	3120
	3122
	3123
	3124
	3126
	3127
	3128
	3130
	3131
	3132
	3134
	3135
	3136
	3138
	3139
	3140
	3142
	3143
	3145
	3146
	3147
	3149
	3150
	3151
	3153
	3154
	3155
	3157
	3158
	3159
	3161
	3162
	3164
	3165
	3166
	3168
	3169
	3170
	3172
	3173
	3174
	3176
	3177
	3178
	3180
	3181
	3183
	3184
	3185
	3187
	3188
	3189
	3191
	3192
	3194
	3195
	3196
	3198
	3199
	3200
	3202
	3203
	3204
	3206
	3207
	3208
	3210
	3211
	3212
	3214
	3215
	3216
	3218
	3219
	3221
	3222
	3223
	3225
	3226
	3227
	3229
	3230
	3232
	3233
	3234
	3236
	3237
	3238
	3240
	3241
	3242
	3244
	3245
	3246
	3248
	3249
	3251
	3252
	3253
	3255
	3256
	3257
	3259
	3260
	3261
	3263
	3264
	3266
	3267
	3268
	3270
	3271
	3272
	3274
	3275
	3276
	3278
	3279
	3280
	3282
	3283
	3284
	3286
	3287
	3289
	3290
	3291
	3293
	3294
	3295
	3297
	3298
	3300
	3301
	3302
	3304
	3305
	3306
	3308
	3309
	3310
	3312
	3313
	3314
	3316
	3317
	3318
	3320
	3321
	3322
	3324
	3325
	3326
	3328
	3329
	3330
	3332
	3333
	3334
	3336
	3337
	3339
	3340
	3341
	3343
	3344
	3345
	3347
	3348
	3350
	3351
	3352
	3354
	3355
	3356
	3358
	3359
	3360
	3362
	3363
	3364
	3366
	3367
	3368
	3370
	3371
	3372
	3374
	3375
	3377
	3378
	3379
	3381
	3382
	3383
	3385
	3386
	3387
	3389
	3390
	3391
	3393
	3394
	3395
	3397
	3398
	3399
	3401
	3402
	3403
	3405
	3406
	3407
	3409
	3410
	3411
	3413
	3414
	3416
	3417
	3418
	3420
	3421
	3422
	3424
	3425
	3426
	3428
	3429
	3430
	3432
	3433
	3434
	3436
	3437
	3438
	3440
	3441
	3442
	3444
	3445
	3446
	3448
	3449
	3450
	3452
	3453
	3454
	3456
	3457
	3458
	3460
	3461
	3462
	3464
	3465
	3466
	3468
	3469
	3470
	3472
	3473
	3474
	3476
	3477
	3478
	3480
	3481
	3483
	3484
	3485
	3487
	3488
	3489
	3491
	3492
	3493
	3495
	3496
	3497
	3499
	3500
	3501
	3503
	3504
	3505
	3507
	3508
	3509
	3511
	3512
	3513
	3514
	3516
	3517
	3518
	3520
	3521
	3523
	3524
	3525
	3527
	3528
	3529
	3531
	3532
	3533
	3535
	3536
	3537
	3539
	3540
	3542
	3543
	3544
	3546
	3547
	3549
	3550
	3551
	3553
	3554
	3555
	3557
	3558
	3559
	3561
	3562
	3563
	3565
	3566
	3568
	3569
	3570
	3571
	3573
	3574
	3576
	3577
	3578
	3580
	3581
	3582
	3584
	3585
	3586
	3588
	3589
	3591
	3592
	3593
	3595
	3596
	3597
	3599
	3600
	3602
	3603
	3604
	3606
	3607
	3608
	3610
	3611
	3612
	3614
	3615
	3616
	3618
	3619
	3620
	3622
	3623
	3624
	3626
	3627
	3628
	3630
	3631
	3632
	3634
	3635
	3636
	3638
	3639
	3640
	3642
	3643
	3644
	3646
	3647
	3648
	3650
	3651
	3653
	3654
	3655
	3657
	3658
	3660
	3661
	3662
	3664
	3665
	3667
	3668
	3669
	3671
	3672
	3673
	3675
	3676
	3677
	3679
	3680
	3681
	3682
	3684
	3685
	3687
	3688
	3689
	3691
	3692
	3693
	3695
	3696
	3697
	3699
	3700
	3701
	3703
	3704
	3706
	3707
	3708
	3710
	3711
	3712
	3714
	3715
	3716
	3718
	3720
	3721
	3722
	3724
	3725
	3726
	3728
	3729
	3730
	3732
	3733
	3734
	3736
	3737
	3738
	3740
	3741
	3742
	3744
	3745
	3746
	3748
	3749
	3750
	3752
	3753
	3754
	3756
	3757
	3758
	3760
	3761
	3763
	3764
	3765
	3767
	3768
	3769
	3771
	3772
	3774
	3775
	3776
	3778
	3779
	3781
	3782
	3783
	3785
	3786
	3788
	3789
	3790
	3792
	3793
	3794
	3796
	3797
	3798
	3800
	3801
	3802
	3804
	3805
	3806
	3808
	3809
	3810
	3812
	3813
	3814
	3816
	3817
	3818
	3820
	3821
	3823
	3824
	3825
	3827
	3828
	3829
	3831
	3832
	3833
	3835
	3836
	3837
	3839
	3840
	3842
	3843
	3844
	3845
	3847
	3848
	3850
	3851
	3852
	3854
	3855
	3856
	3858
	3859
	3861
	3862
	3863
	3865
	3866
	3867
	3869
	3870
	3872
	3873
	3874
	3876
	3877
	3878
	3880
	3881
	3883
	3884
	3885
	3887
	3888
	3889
	3891
	3892
	3894
	3895
	3896
	3898
	3899
	3901
	3902
	3903
	3905
	3906
	3907
	3909
	3910
	3911
	3913
	3914
	3915
	3917
	3918
	3920
	3921
	3922
	3924
	3925
	3926
	3928
	3929
	3930
	3932
	3933
	3934
	3936
	3937
	3939
	3940
	3941
	3943
	3944
	3946
	3947
	3948
	3950
	3951
	3953
	3954
	3955
	3957
	3958
	3960
	3961
	3962
	3964
	3965
	3966
	3968
	3969
	3971
	3972
	3973
	3975
	3976
	3977
	3979
	3980
	3981
	3983
	3984
	3985
	3987
	3988
	3989
	3991
	3992
	3993
	3995
	3996
	3997
	3999
	4000
	4002
	4003
	4004
	4006
	4007
	4008
	4010
	4011
	4013
	4014
	4015
	4017
	4018
	4019
	4021
	4022
	4023
	4025
	4026
	4027
	4029
	4030
	4031
	4033
	4034
	4035
	4037
	4038
	4039
	4041
	4042
	4043
	4045
	4046
	4047
	4049
	4050
	4051
	4053
	4054
	4056
	4057
	4058
	4060
	4061
	4062
	4064
	4065
	4066
	4068
	4069
	4071
	4072
	4073
	4075
	4076
	4077
	4079
	4080
	4082
	4083
	4084
	4086
	4087
	4089
	4090
	4091
	4093
	4094
	4095
	4097
	4098
	4099
	4101
	4102
	4103
	4105
	4106
	4108
	4109
	4110
	4112
	4113
	4114
	4116
	4117
	4118
	4120
	4121
	4123
	4124
	4125
	4127
	4128
	4130
	4131
	4132
	4134
	4135
	4136
	4138
	4139
	4141
	4142
	4143
	4145
	4146
	4147
	4149
	4150
	4151
	4153
	4154
	4155
	4157
	4158
	4160
	4161
	4162
	4164
	4165
	4166
	4168
	4169
	4170
	4172
	4173
	4174
	4176
	4177
	4179
	4180
	4181
	4183
	4184
	4185
	4187
	4188
	4189
	4191
	4192
	4193
	4195
	4196
	4198
	4199
	4201
	4202
	4203
	4205
	4206
	4207
	4209
	4210
	4211
	4213
	4214
	4215
	4217
	4218
	4219
	4221
	4222
	4223
	4225
	4226
	4227
	4229
	4230
	4231
	4233
	4234
	4235
	4237
	4238
	4240
	4241
	4243
	4244
	4245
	4247
	4248
	4249
	4251
	4252
	4253
	4255
	4256
	4257
	4259
	4260
	4262
	4263
	4264
	4266
	4267
	4268
	4270
	4271
	4272
	4274
	4275
	4276
	4278
	4279
	4280
	4282
	4283
	4284
	4286
	4287
	4289
	4290
	4291
	4293
	4294
	4295
	4297
	4298
	4299
	4301
	4302
	4303
	4305
	4306
	4307
	4309
	4310
	4312
	4313
	4314
	4316
	4317
	4318
	4320
	4321
	4322
	4324
	4325
	4327
	4328
	4329
	4331
	4332
	4333
	4335
	4336
	4337
	4339
	4340
	4341
	4343
	4344
	4345
	4347
	4348
	4349
	4351
	4352
	4353
	4355
	4356
	4357
	4359
	4360
	4362
	4363
	4364
	4366
	4367
	4368
	4370
	4371
	4372
	4374
	4375
	4376
	4378
	4379
	4380
	4382
	4383
	4384
	4386
	4387
	4388
	4390
	4391
	4392
	4394
	4395
	4396
	4398
	4399
	4400
	4402
	4403
	4404
	4406
	4407
	4408
	4410
	4411
	4412
	4414
	4415
	4416
	4418
	4419
	4421
	4422
	4423
	4425
	4426
	4428
	4429
	4430
	4432
	4433
	4434
	4436
	4437
	4438
	4440
	4441
	4442
	4444
	4445
	4446
	4448
	4449
	4450
	4452
	4453
	4454
	4456
	4457
	4458
	4460
	4461
	4462
	4464
	4465
	4466
	4468
	4469
	4470
	4472
	4473
	4474
	4476
	4477
	4478
	4480
	4481
	4483
	4484
	4485
	4487
	4488
	4489
	4491
	4492
	4493
	4495
	4496
	4497
	4499
	4500
	4501
	4503
	4504
	4505
	4507
	4508
	4509
	4511
	4512
	4514
	4515
	4516
	4518
	4519
	4520
	4522
	4523
	4524
	4525
	4527
	4528
	4530
	4531
	4532
	4534
	4535
	4536
	4538
	4539
	4540
	4542
	4543
	4544
	4546
	4547
	4548
	4550
	4551
	4552
	4554
	4555
	4556
	4558
	4559
	4560
	4562
	4563
	4565
	4566
	4567
	4569
	4570
	4571
	4573
	4574
	4575
	4577
	4578
	4579
	4581
	4582
	4583
	4585
	4586
	4587
	4589
	4590
	4591
	4593
	4594
	4595
	4597
	4598
	4599
	4601
	4602
	4603
	4605
	4606
	4607
	4609
	4610
	4611
	4613
	4614
	4615
	4616
	4618
	4619
	4621
	4622
	4623
	4624
	4626
	4627
	4628
	4630
	4631
	4632
	4634
	4635
	4636
	4638
	4639
	4640
	4642
	4643
	4644
	4646
	4647
	4648
	4650
	4651
	4652
	4654
	4655
	4656
	4658
	4659
	4660
	4662
	4663
	4664
	4666
	4667
	4669
	4670
	4672
	4673
	4674
	4675
	4677
	4678
	4680
	4681
	4682
	4684
	4685
	4686
	4687
	4689
	4690
	4691
	4693
	4694
	4695
	4697
	4698
	4699
	4701
	4702
	4703
	4704
	4706
	4707
	4708
	4710
	4711
	4712
	4714
	4715
	4716
	4717
	4719
	4720
	4722
	4723
	4724
	4726
	4727
	4728
	4729
	4731
	4732
	4733
	4735
	4736
	4737
	4739
	4740
	4741
	4743
	4744
	4745
	4747
	4748
	4749
	4751
	4752
	4753
	4754
	4756
	4757
	4758
	4760
	4761
	4762
	4763
	4765
	4766
	4767
	4769
	4770
	4771
	4772
	4774
	4775
	4776
	4778
	4779
	4780
	4782
	4783
	4784
	4786
	4787
	4788
	4790
	4791
	4792
	4793
	4795
	4796
	4797
	4799
	4800
	4801
	4802
	4804
	4805
	4806
	4808
	4809
	4810
	4811
	4813
	4814
	4815
	4817
	4818
	4819
	4820
	4822
	4823
	4824
	4826
	4827
	4828
	4829
	4831
	4832
	4833
	4835
	4836
	4837
	4839
	4840
	4841
	4843
	4844
	4845
	4847
	4848
	4849
	4850
	4852
	4853
	4854
	4856
	4857
	4858
	4859
	4861
	4862
	4863
	4865
	4866
	4867
	4868
	4870
	4871
	4872
	4873
	4875
	4876
	4877
	4879
	4880
	4881
	4882
	4884
	4885
	4886
	4888
	4889
	4890
	4891
	4893
	4894
	4895
	4896
	4898
	4899
	4900
	4902
	4903
	4904
	4906
	4907
	4908
	4909
	4911
	4912
	4913
	4914
	4916
	4917
	4918
	4920
	4921
	4922
	4923
	4925
	4926
	4927
	4929
	4930
	4931
	4932
	4934
	4935
	4936
	4937
	4939
	4940
	4941
	4943
	4944
	4945
	4947
	4948
	4949
	4950
	4952
	4953
	4954
	4955
	4957
	4958
	4959
	4961
	4962
	4963
	4965
	4966
	4967
	4969
	4970
	4971
	4972
	4974
	4975
	4976
	4978
	4979
	4980
	4981
	4983
	4984
	4985
	4987
	4988
	4989
	4990
	4992
	4993
	4994
	4995
	4997
	4998
	4999
	5000
	5002
	5003
	5004
	5005
	5007
	5008
	5009
	5010
	5012
	5013
	5014
	5015
	5017
	5018
	5019
	5021
	5022
	5023
	5025
	5026
	5027
	5028
	5030
	5031
	5032
	5034
	5035
	5036
	5037
	5039
	5040
	5041
	5043
	5044
	5045
	5046
	5048
	5049
	5050
	5051
	5053
	5054
	5055
	5056
	5058
	5059
	5060
	5061
	5063
	5064
	5065
	5066
	5068
	5069
	5070
	5072
	5073
	5074
	5075
	5077
	5078
	5079
	5081
	5082
	5083
	5084
	5086
	5087
	5088
	5089
	5091
	5092
	5093
	5094
	5096
	5097
	5098
	5100
	5101
	5102
	5103
	5105
	5106
	5107
	5109
	5110
	5111
	5112
	5114
	5115
	5116
	5118
	5119
	5120
	5121
	5123
	5124
	5125
	5126
	5128
	5129
	5130
	5131
	5133
	5134
	5135
	5136
	5138
	5139
	5140
	5142
	5143
	5144
	5145
	5147
	5148
	5149
	5150
	5152
	5153
	5154
	5156
	5157
	5158
	5159
	5161
	5162
	5163
	5164
	5166
	5167
	5168
	5170
	5171
	5172
	5173
	5175
	5176
	5177
	5178
	5180
	5181
	5182
	5183
	5185
	5186
	5187
	5188
	5190
	5191
	5192
	5193
	5195
	5196
	5197
	5198
	5200
	5201
	5202
	5204
	5205
	5206
	5207
	5209
	5210
	5211
	5213
	5214
	5215
	5216
	5218
	5219
	5220
	5221
	5223
	5224
	5225
	5226
	5228
	5229
	5230
	5231
	5233
	5234
	5235
	5236
	5238
	5239
	5240
	5241
	5243
	5244
	5245
	5246
	5248
	5249
	5250
	5251
	5253
	5254
	5255
	5256
	5258
	5259
	5260
	5261
	5263
	5264
	5265
	5266
	5268
	5269
	5270
	5271
	5273
	5274
	5275
	5276
	5278
	5279
	5280
	5281
	5283
	5284
	5285
	5286
	5288
	5289
	5290
	5291
	5293
	5294
	5295
	5296
	5298
	5299
	5300
	5301
	5303
	5304
	5305
	5306
	5307
	5309
	5310
	5311
	5313
	5314
	5315
	5316
	5317
	5319
	5320
	5321
	5323
	5324
	5325
	5326
	5327
	5329
	5330
	5331
	5333
	5334
	5335
	5336
	5338
	5339
	5340
	5342
	5343
	5344
	5346
	5347
	5348
	5349
	5351
	5352
	5353
	5354
	5355
	5357
	5358
	5359
	5360
	5362
	5363
	5364
	5365
	5367
	5368
	5369
	5370
	5371
	5373
	5374
	5375
	5376
	5378
	5379
	5380
	5381
	5383
	5384
	5385
	5386
	5388
	5389
	5390
	5391
	5393
	5394
	5395
	5396
	5398
	5399
	5400
	5401
	5403
	5404
	5405
	5406
	5407
	5409
	5410
	5411
