	-0.0001557733537922795
	-0.0001367384399534677
	-5.764680505652329e-05
	3.364649150849608e-06
	2.652314759302532e-05
	2.152012243605938e-05
	4.699680819653136e-06
	-1.404967382412081e-05
	-3.788471587239303e-05
	-6.121702550136927e-05
	-7.315144801606755e-05
	-7.617744474488487e-05
	-7.580422304709248e-05
	-7.55680833009388e-05
	-7.658022412489363e-05
	-7.854931793106409e-05
	-8.09312786172508e-05
	-8.306711553689896e-05
	-8.544514788022493e-05
	-8.844897853998726e-05
	-9.167570923038137e-05
	-9.466632009604467e-05
	-9.713978549343087e-05
	-9.901126797494337e-05
	-0.0001003751195294496
	-0.0001013785553582968
	-0.0001021446416826179
	-0.0001027697822504028
	-0.0001033141372529423
	-0.0001038072445719409
	-0.0001042626483747051
	-0.000104680136661642
	-0.0001050511401427477
	-0.0001053698177777349
	-0.000105643387974557
	-0.0001058898234017747
	-0.0001061172427618222
	-0.0001063253710893239
	-0.0001065092647572255
	-0.0001066647705671235
	-0.0001067906865101307
	-0.000106894418026903
	-0.0001069859629612995
	-0.0001070641323508581
	-0.0001071257492521137
	-0.0001071723054702594
	-0.0001072034845769012
	-0.0001072148088876306
	-0.0001072114555931579
	-0.000107211947903613
	-0.0001072262811876034
	-0.0001072519263259585
	-0.0001072768598027093
	-0.0001073032448890287
	-0.0001073398715347846
	-0.0001073803766892764
	-0.0001074006764322444
	-0.0001073879077161212
	-0.000107364538692402
	-0.0001073503322733315
	-0.0001073402400942616
	-0.0001073269022860039
	-0.0001073146571049949
	-0.000107308571797997
	-0.0001073127087507911
	-0.0001073249215588343
	-0.000107335778557822
	-0.0001073304364901632
	-0.0001073004440462248
	-0.0001072526123658775
	-0.0001072110757574822
	-0.0001071922150739199
	-0.0001071948656370857
	-0.0001072113115925289
	-0.0001072341332955986
	-0.0001072540845288454
	-0.000107261006409026
	-0.0001072552394900476
	-0.0001072466606548659
	-0.0001072410933667473
	-0.000107235460604112
	-0.0001072265579997334
	-0.0001072131435515613
	-0.0001071941113939186
	-0.0001071729499509238
	-0.0001071629879326198
	-0.000107179594396651
	-0.0001072377677947471
	-0.0001073516698316053
	-0.0001075289293051967
	-0.0001077634962920598
	-0.0001080399691381034
	-0.0001083415388096396
	-0.0001086604221176473
	-0.0001089989050813624
	-0.0001093669930487609
	-0.0001097752485762361
	-0.0001102149237664756
	-0.0001106564313655137
	-0.0001110586036166402
	-0.0001113914607441675
	-0.0001116506704365088
	-0.0001118601607708119
	-0.0001120758475716551
	-0.0001123657710056126
	-0.0001127821659745891
	-0.000113347618273819
	-0.0001140429701801493
	-0.0001148284125750811
	-0.0001156497193372961
	-0.0001164224515545061
	-0.0001170738445948242
	-0.0001175460180725911
	-0.0001178144371705843
	-0.0001178945168885775
	-0.000117824871796764
	-0.0001176508706473067
	-0.0001174117123785035
	-0.0001171363902037987
	-0.0001168403597957187
	-0.0001165280626355821
	-0.000116200538948137
	-0.0001158634009750075
	-0.0001155312106650292
	-0.0001152089745007398
	-0.0001148956628148909
	-0.0001145950666642771
	-0.0001143151540832118
	-0.0001140626854789307
	-0.000113844920811879
	-0.0001136631878101398
	-0.000113515986855666
	-0.0001134038643965705
	-0.0001133270957508028
	-0.0001132866348005549
	-0.000113282177972038
	-0.0001133088996881925
	-0.0001133562449043228
	-0.0001134142724219598
	-0.0001134779778246768
	-0.0001135498160313045
	-0.0001136340710177563
	-0.0001137283010894277
	-0.0001138338732659866
	-0.0001139560499738417
	-0.0001140936396227487
	-0.0001142398763189491
	-0.0001143891428304023
	-0.0001145416090676289
	-0.0001147011304939008
	-0.0001148731131399086
	-0.0001150606244113118
	-0.000115262118002924
	-0.0001154727887184257
	-0.0001156871752233319
	-0.0001159009426527678
	-0.000116112776534757
	-0.0001163274300225829
	-0.0001165522806190991
	-0.0001167887867838109
	-0.0001170316429894084
	-0.000117272335910019
	-0.0001175025116553088
	-0.0001177123852905385
	-0.0001178936254380684
	-0.0001180406760475964
	-0.0001181525837471499
	-0.000118234708763546
	-0.0001182973280874939
	-0.0001183488248553089
	-0.0001183950134296822
	-0.0001184401229296405
	-0.0001184868167875182
	-0.0001185326067578394
	-0.0001185716027061827
	-0.000118599971910303
	-0.0001186183193368518
	-0.000118631010394835
	-0.0001186432022055936
	-0.0001186583993455759
	-0.0001186790775477428
	-0.0001187045313008891
	-0.0001187320985418996
	-0.000118761568635529
	-0.0001187946261213376
	-0.0001188342869668625
	-0.0001188826324498287
	-0.000118939595179713
	-0.0001190024157545794
	-0.0001190690950823533
	-0.0001191408000934423
	-0.000119220967365107
	-0.0001193132084235348
	-0.0001194187152112623
	-0.0001195370537935139
	-0.0001196675756646163
	-0.0001198104835391305
	-0.0001199655393031038
	-0.0001201321691476078
	-0.0001203068036453606
	-0.0001204828282454276
	-0.0001206532609282047
	-0.0001208114371288675
	-0.00012095132593508
	-0.000121070656719229
	-0.0001211715942719264
	-0.0001212571702468102
	-0.0001213305116851378
	-0.0001213948585298561
	-0.0001214508191336968
	-0.0001214967360268893
	-0.0001215335270185513
	-0.0001215612248649316
	-0.0001215807551811491
	-0.000121594808770802
	-0.0001216043862183797
	-0.000121608828240668
	-0.0001216161193080437
	-0.0001216349588488685
	-0.0001216690446386215
	-0.0001217176905319968
	-0.0001217781908426826
	-0.0001218471240597289
	-0.0001219215899255189
	-0.0001219999861918122
	-0.0001220811666109081
	-0.0001221638281941992
	-0.000122246653108021
	-0.0001223311745489956
	-0.0001224214229063385
	-0.0001225199954154989
	-0.0001226276322274789
	-0.0001227432499401085
	-0.0001228649643603401
	-0.0001229909907908718
	-0.000123118558318983
	-0.0001232464639483706
	-0.0001233761999649446
	-0.0001235107934822325
	-0.0001236533252371784
	-0.000123807145558439
	-0.0001239742045556085
	-0.0001241509485089647
	-0.0001243276722207924
	-0.0001244919831719768
	-0.0001246409995655143
	-0.0001247752584335073
	-0.0001248937501394702
	-0.0001249945510932833
	-0.0001250772237148577
	-0.0001251464283261093
	-0.0001252067105971363
	-0.0001252571038522284
	-0.0001252966338876616
	-0.0001253252852560346
	-0.00012534438170588
	-0.0001253567313664367
	-0.0001253657792751349
	-0.0001253731284385533
	-0.000125378803949142
	-0.0001253826493372106
	-0.0001253856554357163
	-0.0001253914325119551
	-0.0001254033361633098
	-0.0001254217585729629
	-0.0001254447951317834
	-0.0001254694555868475
	-0.0001254925792497084
	-0.0001255116602436523
	-0.0001255303304885162
	-0.0001255521976232735
	-0.0001255777371055623
	-0.0001256062383766251
	-0.0001256369291571275
	-0.0001256697828639538
	-0.0001257055981888843
	-0.0001257458385616084
	-0.0001257921566026812
	-0.0001258450893942672
	-0.0001259038856217118
	-0.0001259668365703092
	-0.0001260332517682402
	-0.0001261041488305008
	-0.000126177727850711
	-0.0001262489896490042
	-0.000126314086862624
	-0.0001263736581709798
	-0.0001264311951228825
	-0.000126490795941219
	-0.0001265553491090272
	-0.0001266248198517262
	-0.0001266957632669595
	-0.0001267628522525747
	-0.0001268230715135196
	-0.0001268749161528889
	-0.0001269197092180788
	-0.0001269635435791626
	-0.0001270141155837528
	-0.0001270771612341104
	-0.00012715417079212
	-0.0001272428171138398
	-0.0001273392472108463
	-0.0001274407614572603
	-0.0001275459936259904
	-0.0001276541586595803
	-0.000127764184484529
	-0.0001278744914937616
	-0.0001279838641583133
	-0.0001280918160252859
	-0.0001281976582060182
	-0.0001283009944752846
	-0.0001284023348855519
	-0.0001285030936514543
	-0.000128604281197983
	-0.000128704014182324
	-0.0001287985691880528
	-0.0001288828574803969
	-0.0001289511960233947
	-0.0001290006511863312
	-0.0001290321232747763
	-0.0001290486710244211
	-0.0001290506784671302
	-0.0001290357402214489
	-0.0001290019823696583
	-0.0001289501071874033
	-0.000128883282138852
	-0.0001288044423310664
	-0.0001287161623422616
	-0.0001286227985844695
	-0.0001285265758513639
	-0.0001284292168848406
	-0.0001283350477447917
	-0.0001282485347701083
	-0.0001281698279405745
	-0.0001280972679007616
	-0.0001280308405390698
	-0.0001279659875084877
	-0.0001278970745582698
	-0.0001278251369571989
	-0.0001277563260342722
	-0.000127697363028914
	-0.0001276517614871716
	-0.0001276198224474169
	-0.000127600916007907
	-0.00012759474444424
	-0.000127601473211659
	-0.0001276221764699043
	-0.0001276595172718618
	-0.0001277157594780342
	-0.0001277886197937384
	-0.0001278722611518559
	-0.0001279601867074407
	-0.0001280483397805251
	-0.0001281338052228279
	-0.0001282150506570428
	-0.0001282920036612531
	-0.0001283621447026203
	-0.0001284195840937044
	-0.000128456909427825
	-0.0001284687472366808
	-0.0001284565215015654
	-0.0001284292746229922
	-0.0001283968422939725
	-0.0001283644221137013
	-0.000128332595785731
	-0.0001283009866641378
	-0.0001282694394588716
	-0.0001282383729067052
	-0.0001282096763499954
	-0.0001281867869857714
	-0.0001281714807278554
	-0.0001281607605408497
	-0.0001281480302706129
	-0.0001281254810173978
	-0.0001280863649542222
	-0.0001280292358482323
	-0.000127956916018663
	-0.0001278709343602775
	-0.0001277695917961842
	-0.0001276492600198251
	-0.0001275083540262268
	-0.0001273494502515906
	-0.0001271766504587307
	-0.0001269932793914523
	-0.0001268020885583944
	-0.0001266076104062207
	-0.0001264194294016511
	-0.0001262513206654566
	-0.0001261166056334834
	-0.0001260272966263873
	-0.000125992967656187
	-0.0001260183466100514
	-0.0001260999501398035
	-0.0001262260418322096
	-0.0001263838751760648
	-0.000126564698345662
	-0.0001267636067033431
	-0.0001269786004506392
	-0.0001272098445799644
	-0.0001274558103888373
	-0.0001277094861143431
	-0.0001279613562810328
	-0.0001282057102990689
	-0.000128439773682936
	-0.0001286596911394251
	-0.0001288617633219717
	-0.0001290468733440954
	-0.0001292177952849234
	-0.0001293762876339833
	-0.0001295264920023021
	-0.0001296772042364574
	-0.0001298304460563834
	-0.0001299795896996876
	-0.0001301158247659413
	-0.0001302375589894851
	-0.0001303525476434761
	-0.0001304685536844403
	-0.0001305888338604103
	-0.0001307156822825072
	-0.0001308476986162176
	-0.0001309731824522494
	-0.0001310763339838866
	-0.0001311414093174961
	-0.0001311588561180223
	-0.0001311235754386641
	-0.0001310315082825104
	-0.0001308830121094272
	-0.0001306859870205575
	-0.0001304528685956796
	-0.0001301959321880173
	-0.0001299254389007708
	-0.0001296496472256929
	-0.0001293748484274263
	-0.0001291067511551429
	-0.0001288507218093246
	-0.0001286099222613449
	-0.0001283826109937774
	-0.0001281665606549232
	-0.0001279613253751006
	-0.0001277672323753561
	-0.000127586362790988
	-0.0001274223880766245
	-0.0001272792601087608
	-0.0001271596616673508
	-0.0001270655967461276
	-0.0001269986616656826
	-0.0001269583209184209
	-0.0001269415881383952
	-0.0001269445478942851
	-0.0001269645968086474
	-0.0001270009443389824
	-0.0001270545818333845
	-0.0001271256890663347
	-0.0001272135266017607
	-0.0001273175235662191
	-0.0001274371621008828
	-0.0001275716951033172
	-0.0001277200276863201
	-0.0001278824225968077
	-0.0001280588991421696
	-0.0001282465892776984
	-0.0001284370282206821
	-0.0001286196667106125
	-0.0001287860944283952
	-0.0001289327166054288
	-0.000129058276037397
	-0.0001291628485375775
	-0.0001292454015138687
	-0.0001293061110033077
	-0.0001293473574952634
	-0.0001293755780421169
	-0.000129401379506175
	-0.0001294366436330304
	-0.0001294922169189591
	-0.0001295759764066036
	-0.0001296933908291037
	-0.0001298488683382334
	-0.0001300438424063862
	-0.0001302775933675474
	-0.0001305492499557717
	-0.0001308587812939288
	-0.0001312063356188787
	-0.0001315892174437784
	-0.0001320006579658099
	-0.0001324321857748774
	-0.0001328746458875623
	-0.0001333204872085645
	-0.0001337638742088188
	-0.0001342044838675509
	-0.0001346392298090435
	-0.0001350563593321033
	-0.0001354409245340103
	-0.0001357787428752748
	-0.0001360585853360817
	-0.0001362746772040749
	-0.0001364258337767235
	-0.0001365145167313078
	-0.000136546610426479
	-0.0001365296380869033
	-0.0001364712427378297
	-0.0001363770974663061
	-0.0001362534127305086
	-0.0001361114537834694
	-0.0001359661729622999
	-0.0001358307052947549
	-0.0001357126838526079
	-0.0001356155245934369
	-0.0001355385522435777
	-0.0001354769132751803
	-0.0001354271176206881
	-0.0001353870994103799
	-0.0001353574142996255
	-0.0001353406665068854
	-0.0001353371652539343
	-0.0001353474582225426
	-0.0001353685822736395
	-0.0001353970109773769
	-0.0001354282129051788
	-0.000135457955314814
	-0.000135484877280329
	-0.0001355088679870283
	-0.0001355302475113889
	-0.0001355507008546932
	-0.0001355732112870879
	-0.0001355989035845619
	-0.0001356244911238931
	-0.0001356437634654526
	-0.0001356534583162456
	-0.0001356550911315189
	-0.000135653459699119
	-0.0001356549256953572
	-0.0001356627603993724
	-0.0001356699172313639
	-0.0001356668911801354
	-0.000135647764705596
	-0.0001356128938954616
	-0.0001355684844641094
	-0.0001355205951714606
	-0.0001354703089506359
	-0.0001354141737045754
	-0.0001353485125412402
	-0.0001352717827514493
	-0.0001351863809723447
	-0.0001350982914403315
	-0.0001350145149661442
	-0.0001349389966277559
	-0.0001348695503651583
	-0.0001348000370602411
	-0.000134725383312281
	-0.000134646112227042
	-0.0001345686586850043
	-0.000134500703362974
	-0.0001344467418266848
	-0.0001344070197326885
	-0.0001343785306010915
	-0.0001343564186322539
	-0.0001343370685053885
	-0.0001343199655867473
	-0.0001343041025280571
	-0.0001342871725383356
	-0.0001342678915040202
	-0.0001342458071494409
	-0.0001342214789797954
	-0.000134195378109653
	-0.0001341682302621274
	-0.0001341389598679474
	-0.00013410585913162
	-0.000134066913372748
	-0.0001340203388221281
	-0.0001339659229951642
	-0.0001339051603016227
	-0.0001338417786266605
	-0.0001337804759756587
	-0.0001337221769308662
	-0.0001336676091575529
	-0.0001336168312755742
	-0.0001335691989198858
	-0.0001335259477054234
	-0.0001334926599906322
	-0.0001334780448254057
	-0.0001334846308640225
	-0.0001335056116968211
	-0.0001335296022238377
	-0.0001335476258600186
	-0.0001335604078747609
	-0.0001335716615164144
	-0.0001335823619744246
	-0.0001335900197452057
	-0.0001335911483339452
	-0.0001335835840565797
	-0.0001335658404431871
	-0.0001335371224278259
	-0.0001334966912215769
	-0.000133443517128556
	-0.0001333767027915434
	-0.0001332969751160264
	-0.0001332045772072101
	-0.0001330990251507896
	-0.0001329846639443716
	-0.0001328696673581287
	-0.000132761421711164
	-0.0001326655836389831
	-0.0001325854597159072
	-0.0001325205191939652
	-0.000132467104693698
	-0.000132421438260224
	-0.000132380307861581
	-0.0001323416020722889
	-0.0001323054008433163
	-0.0001322741417509154
	-0.0001322490581752303
	-0.0001322286040146768
	-0.0001322100411859558
	-0.0001321926107143594
	-0.0001321788173548657
	-0.0001321724802801097
	-0.0001321773521259031
	-0.0001321935612152411
	-0.0001322168545694599
	-0.0001322422534325501
	-0.0001322662366258391
	-0.0001322885978501687
	-0.0001323121862610149
	-0.0001323381714377382
	-0.0001323649549203916
	-0.0001323899292830602
	-0.0001324123340671822
	-0.0001324340990594125
	-0.000132458950237795
	-0.0001324939473921694
	-0.0001325443210458248
	-0.0001326089221014064
	-0.0001326843054696244
	-0.0001327695842782968
	-0.0001328649637372072
	-0.0001329685774820392
	-0.0001330768935490397
	-0.0001331863734996374
	-0.00013329425481829
	-0.000133398226351677
	-0.0001334969311819353
	-0.000133589373746842
	-0.000133672664044133
	-0.0001337409111449248
	-0.0001337873117684387
	-0.0001338066184470127
	-0.0001337982264943468
	-0.0001337679744199009
	-0.0001337224378673509
	-0.0001336648851009209
	-0.0001335961399400248
	-0.0001335157731579368
	-0.0001334229927758384
	-0.0001333165855308844
	-0.0001331953569450478
	-0.0001330594145254652
	-0.0001329100490805992
	-0.0001327486449217223
	-0.0001325773070656724
	-0.0001323975319780655
	-0.0001322096142788829
	-0.0001320148671964595
	-0.0001318163798882265
	-0.0001316160848578591
	-0.0001314143887357033
	-0.0001312122545005533
	-0.0001310134002679224
	-0.0001308224309261892
	-0.0001306412945654237
	-0.0001304683556360682
	-0.0001303014247023183
	-0.0001301402415369207
	-0.0001299858072875171
	-0.0001298405952274897
	-0.0001297056582291508
	-0.0001295808876553134
	-0.0001294670806152023
	-0.0001293652208251995
	-0.0001292762697646241
	-0.0001292014365301255
	-0.0001291409697309937
	-0.0001290937122175867
	-0.0001290595291091283
	-0.0001290391910475982
	-0.0001290317221776552
	-0.0001290346616040364
	-0.0001290460725998823
	-0.000129066417637195
	-0.0001290982805073914
	-0.000129143851937545
	-0.0001292053032680042
	-0.0001292848875499196
	-0.0001293813785481584
	-0.0001294899906744954
	-0.0001296053897028439
	-0.0001297232763340026
	-0.000129840480592053
	-0.0001299555171278882
	-0.000130070378886947
	-0.0001301875623164794
	-0.0001303065768356105
	-0.0001304274290533035
	-0.0001305515489987207
	-0.0001306780203261231
	-0.0001308022169121679
	-0.000130919730706588
	-0.0001310284257214369
	-0.0001311257861149802
	-0.0001312084966525362
	-0.000131276731881986
	-0.0001313320077502013
	-0.0001313769482891093
	-0.0001314150045159555
	-0.0001314497854018918
	-0.0001314855122049838
	-0.0001315287577539747
	-0.0001315865431737955
	-0.0001316627075349966
	-0.0001317575393439205
	-0.000131869125991229
	-0.0001319966781095243
	-0.0001321418495973865
	-0.0001323047555325026
	-0.0001324854406547239
	-0.000132683767827032
	-0.0001329019012209026
	-0.0001331425553423817
	-0.0001334041820707499
	-0.0001336805784174678
	-0.0001339655568145885
	-0.000134255801888487
	-0.0001345491681226947
	-0.0001348432693539967
	-0.0001351353641068895
	-0.0001354239019925474
	-0.0001357065102301297
	-0.0001359788564449902
	-0.0001362396155867829
	-0.0001364883865129845
	-0.0001367233283465683
	-0.0001369414959561027
	-0.0001371390416558878
	-0.0001373116230074692
	-0.000137454922794613
	-0.0001375653458210478
	-0.0001376400040768785
	-0.0001376761565630417
	-0.0001376733616215965
	-0.0001376340089919648
	-0.0001375630868067372
	-0.0001374646927426915
	-0.0001373397799399625
	-0.0001371892258526138
	-0.0001370149439986119
	-0.0001368200412584614
	-0.000136607485354847
	-0.0001363799688540849
	-0.0001361419552566783
	-0.0001359040830119648
	-0.0001356823287461638
	-0.0001354882166776115
	-0.0001353207992451998
	-0.0001351728403373397
	-0.000135038347670301
	-0.0001349152662356298
	-0.0001348040622051347
	-0.0001347065748413467
	-0.0001346253074865298
	-0.0001345618723662539
	-0.0001345173537910194
	-0.0001344916118565181
	-0.000134482651530363
	-0.0001344886596793665
	-0.0001345103505878793
	-0.0001345485184392467
	-0.0001346008014287993
	-0.0001346627880294198
	-0.0001347291369447458
	-0.0001347958200586023
	-0.0001348623000124889
	-0.0001349303168102866
	-0.0001350022960426355
	-0.0001350794469439813
	-0.0001351606212463303
	-0.000135243701994606
	-0.0001353274132398208
	-0.0001354108986849469
	-0.0001354952721952849
	-0.0001355836744529862
	-0.0001356772946415116
	-0.0001357743687873644
	-0.0001358697784916519
	-0.0001359563543187606
	-0.0001360306244279835
	-0.0001360944062468793
	-0.0001361520322240136
	-0.0001362065438223933
	-0.0001362581638999606
	-0.0001363071629431429
	-0.0001363559633445941
	-0.0001364063690287355
	-0.0001364574643582364
	-0.0001365084014021076
	-0.0001365596703767867
	-0.0001366105473818053
	-0.0001366569406934901
	-0.0001366953087837802
	-0.0001367272473837569
	-0.0001367579974120554
	-0.0001367912933926794
	-0.0001368274581313269
	-0.0001368637292446164
	-0.0001368972921143183
	-0.0001369265266584704
	-0.0001369516344745894
	-0.0001369733873928015
	-0.0001369917230385641
	-0.0001370045520592601
	-0.0001370092958006588
	-0.0001370043880917659
	-0.0001369915726627382
	-0.0001369734684108258
	-0.0001369509152826846
	-0.0001369266212327824
	-0.0001369039707239638
	-0.0001368841573436193
	-0.0001368654898949367
	-0.0001368464974098248
	-0.0001368263360259163
	-0.0001368048538170229
	-0.0001367846200910639
	-0.0001367688783267316
	-0.0001367590525819765
	-0.0001367544681431795
	-0.000136754492954333
	-0.0001367581817357888
	-0.0001367642102868837
	-0.0001367708274051392
	-0.0001367772839064277
	-0.000136783717805529
	-0.0001367893567433641
	-0.0001367932652478994
	-0.0001367960195333724
	-0.0001367986213490167
	-0.0001368003392650838
	-0.0001367978782647224
	-0.0001367884754916705
	-0.0001367724225255698
	-0.0001367500117877169
	-0.0001367209244410394
	-0.000136689424314002
	-0.0001366636216900925
	-0.0001366448790673621
	-0.0001366251128679366
	-0.0001365934427718967
	-0.0001365454830175793
	-0.0001364829485508744
	-0.0001364053597948998
	-0.0001363192958022714
	-0.000136240327267516
	-0.0001361802960439234
	-0.0001361380674022315
	-0.0001361024642670871
	-0.0001360642958007291
	-0.0001360228529927512
	-0.0001359814485876768
	-0.0001359436566610069
	-0.0001359152449048997
	-0.0001359004260324521
	-0.0001358981567556017
	-0.0001359058935889745
	-0.0001359247008006824
	-0.0001359572153220034
	-0.0001360051078147263
	-0.0001360679230617343
	-0.0001361450552520774
	-0.000136236903968016
	-0.0001363420759354676
	-0.000136458275142359
	-0.000136582326405997
	-0.0001367101257441603
	-0.0001368383481720376
	-0.0001369659213270302
	-0.0001370907620284939
	-0.0001372076715562482
	-0.0001373137753183394
	-0.0001374120214991993
	-0.0001375079202709541
	-0.0001376048212200029
	-0.000137703031489092
	-0.0001377995363055046
	-0.0001378899148423332
	-0.0001379702205438778
	-0.0001380390400677372
	-0.0001380986872343555
	-0.000138152165930868
	-0.0001382003952377908
	-0.0001382418135556357
	-0.0001382755637298556
	-0.0001383039991994812
	-0.0001383307998258053
	-0.0001383588349528719
	-0.0001383890421638993
	-0.0001384204216662077
	-0.00013845119314673
	-0.0001384821499126575
	-0.0001385155803667951
	-0.0001385531501933638
	-0.0001385955146027324
	-0.0001386418177943428
	-0.0001386891381188208
	-0.0001387361791707088
	-0.0001387855976580345
	-0.0001388410705327911
	-0.0001389037026321692
	-0.0001389683829698245
	-0.0001390243531097064
	-0.0001390635805135374
	-0.0001390893366083852
	-0.0001391123894002402
	-0.0001391394794534619
	-0.0001391680754707112
	-0.0001391901297295719
	-0.0001392003152924494
	-0.0001391981228816405
	-0.0001391870664068838
	-0.000139173557833134
	-0.0001391618190329561
	-0.0001391514918512745
	-0.000139138045246307
	-0.0001391156066868563
	-0.0001390819404791651
	-0.0001390389918108412
	-0.0001389900682243355
	-0.0001389365702959053
	-0.0001388779654951859
	-0.0001388125581722284
	-0.0001387377756878215
	-0.0001386519647262042
	-0.0001385578031020455
	-0.0001384584811977819
	-0.0001383532160500685
	-0.0001382387208467824
	-0.0001381125303048577
	-0.0001379751162645685
	-0.0001378274506129938
	-0.0001376682956306206
	-0.000137495225538655
	-0.0001373101238292991
	-0.0001371211663643756
	-0.0001369363519703924
	-0.0001367586632472697
	-0.0001365874488366563
	-0.0001364227711554547
	-0.0001362658155824559
	-0.0001361184994944705
	-0.0001359821461337646
	-0.0001358594672991361
	-0.0001357542380808675
	-0.0001356661066930466
	-0.000135590369264024
	-0.0001355250330902128
	-0.000135469820866998
	-0.0001354225068371969
	-0.0001353772585501005
	-0.0001353276935196925
	-0.0001352704300746535
	-0.0001352076383499972
	-0.0001351465500864556
	-0.0001350962657465107
	-0.0001350620441184175
	-0.0001350425401272154
	-0.0001350325920298956
	-0.0001350291271855869
	-0.0001350335849671404
	-0.0001350489965028755
	-0.0001350763555325095
	-0.0001351166199843342
	-0.0001351716345701901
	-0.00013524187641747
	-0.000135325840551916
	-0.0001354215059209542
	-0.0001355282366870852
	-0.0001356466664871626
	-0.0001357788645014272
	-0.0001359276718390604
	-0.0001360940620082408
	-0.0001362754108243628
	-0.0001364663487321249
	-0.0001366619093890938
	-0.0001368598654769643
	-0.0001370604239661196
	-0.0001372638293817684
	-0.0001374682743650392
	-0.000137671098905755
	-0.0001378686611451121
	-0.0001380587861882259
	-0.000138241671943523
	-0.000138416233541008
	-0.0001385797046221838
	-0.0001387287842592818
	-0.0001388616446750419
	-0.0001389783058826251
	-0.0001390796349283699
	-0.0001391650861944369
	-0.0001392343227309852
	-0.0001392882044519022
	-0.0001393256584927391
	-0.0001393433737883847
	-0.0001393406891431675
	-0.0001393202739047566
	-0.0001392849987597115
	-0.0001392349329207395
	-0.0001391690283627045
	-0.0001390866890412443
	-0.0001389885737176371
	-0.00013887520590372
	-0.0001387476199074559
	-0.0001386099398025143
	-0.0001384668431507482
	-0.0001383217600217155
	-0.0001381726356615579
	-0.0001380209045877392
	-0.0001378744008893749
	-0.0001377372656122205
	-0.0001376053995301115
	-0.0001374740174631374
	-0.0001373394441511523
	-0.0001372000213305396
	-0.0001370601820011961
	-0.0001369273685474611
	-0.0001368065745987235
	-0.0001366986401364727
	-0.0001365978113760421
	-0.000136499195562476
	-0.000136402639387501
	-0.0001363105219282241
	-0.000136224123392329
	-0.0001361424262696249
	-0.0001360643904303037
	-0.0001359914707399666
	-0.0001359248291657237
	-0.0001358636573528519
	-0.000135804601343622
	-0.0001357441729403213
	-0.0001356806703197108
	-0.0001356152654435254
	-0.0001355507918633486
	-0.0001354896077129956
	-0.0001354347768256464
	-0.0001353880193596661
	-0.0001353455954188458
	-0.0001353009416325647
	-0.0001352515715192664
	-0.0001352008426336236
	-0.0001351555253181962
	-0.0001351186477255506
	-0.0001350880739745943
	-0.0001350614925000205
	-0.0001350378787365681
	-0.0001350172064094077
	-0.0001349996473468184
	-0.0001349859567581448
	-0.0001349790437787473
	-0.0001349824388677448
	-0.0001349994270486189
	-0.0001350311591713327
	-0.0001350761964467935
	-0.0001351325471492665
	-0.0001351980225770626
	-0.0001352716954482886
	-0.0001353551632536692
	-0.0001354524820129535
	-0.0001355679943899023
	-0.0001357031693041899
	-0.0001358568465420995
	-0.0001360267230789249
	-0.000136209560322834
	-0.0001364027303922389
	-0.0001366059898396932
	-0.0001368206571646245
	-0.0001370459429656134
	-0.0001372794913643687
	-0.0001375180527178479
	-0.0001377577018328719
	-0.0001379955141804194
	-0.0001382299081002521
	-0.0001384584230557171
	-0.0001386785257679511
	-0.0001388884332791114
	-0.0001390862871287018
	-0.0001392721779897644
	-0.000139448304608041
	-0.0001396162944148033
	-0.0001397764902586861
	-0.0001399277763162812
	-0.0001400692800292406
	-0.0001401996797018282
	-0.0001403185296831112
	-0.0001404269425872126
	-0.0001405253638030653
	-0.0001406137196656189
	-0.0001406892815985025
	-0.0001407478619359495
	-0.0001407869037551525
	-0.0001408080331068362
	-0.0001408169165951714
	-0.0001408238000936423
	-0.0001408379915606074
	-0.0001408582086852252
	-0.0001408753516238869
	-0.0001408816303700609
	-0.000140873763910221
	-0.0001408507609378807
	-0.000140814518206431
	-0.0001407681455418493
	-0.0001407117602435681
	-0.0001406469592594395
	-0.0001405800107522138
	-0.0001405188289688488
	-0.0001404691865087679
	-0.000140426839977504
	-0.0001403833144296788
	-0.0001403337392601829
	-0.0001402760820858684
	-0.0001402146355118051
	-0.0001401557484491933
	-0.0001401013471854529
	-0.0001400490629357522
	-0.0001399964082129892
	-0.0001399440744019565
	-0.0001398950339824469
	-0.0001398515915680233
	-0.0001398132801404574
	-0.0001397773561986286
	-0.0001397396668836022
	-0.0001396960839970108
	-0.0001396431866984595
	-0.0001395801342854708
	-0.0001395099166712223
	-0.000139438018871047
	-0.0001393692329287424
	-0.0001393050562602789
	-0.0001392423990226422
	-0.000139175725425234
	-0.0001390999943330178
	-0.0001390147001341269
	-0.0001389223918642746
	-0.0001388277354602382
	-0.0001387354133845105
	-0.0001386507881263255
	-0.000138576087943085
	-0.0001385086695278638
	-0.0001384452498966281
	-0.0001383834576805776
	-0.0001383227117537189
	-0.0001382650848318993
	-0.0001382123463990825
	-0.0001381642858866291
	-0.0001381218473758275
	-0.0001380915044650273
	-0.0001380813355318628
	-0.0001380933714615732
	-0.0001381227314489443
	-0.0001381599733476324
	-0.0001382022880937598
	-0.0001382600803601492
	-0.0001383409134974453
	-0.0001384411561294694
	-0.0001385546453065444
	-0.0001386770176163479
	-0.0001388085670282838
	-0.0001389538882855517
	-0.0001391150034118769
	-0.0001392883271309704
	-0.0001394691211465812
	-0.00013965164933382
	-0.0001398320449820916
	-0.0001400098375116719
	-0.000140184534230759
	-0.0001403539913768405
	-0.0001405154475502689
	-0.0001406671702252179
	-0.0001408119286340584
	-0.0001409562835350108
	-0.0001411050244858894
	-0.000141255059906463
	-0.0001413992233075575
	-0.0001415338730970517
	-0.0001416584873421854
	-0.0001417725271136461
	-0.0001418761901814092
	-0.0001419698875586993
	-0.0001420525604231929
	-0.0001421253720744103
	-0.0001421924303015454
	-0.0001422556639149268
	-0.000142314904936023
	-0.0001423725408505523
	-0.0001424324190748069
	-0.0001424959048954066
	-0.0001425612771449925
	-0.0001426250237116308
	-0.0001426843218314035
	-0.0001427376414632696
	-0.0001427827736044243
	-0.0001428173106017412
	-0.0001428393102070394
	-0.0001428488173748438
	-0.0001428482189616985
	-0.0001428410622731371
	-0.0001428310557428261
	-0.0001428195319382534
	-0.000142803998549048
	-0.0001427801958444973
	-0.000142745103598964
	-0.0001426976182538653
	-0.000142639580375139
	-0.0001425744600138353
	-0.0001425030086654404
	-0.0001424225530901727
	-0.0001423284176894621
	-0.0001422192710596536
	-0.0001420994915346164
	-0.0001419751189865845
	-0.0001418499550043301
	-0.0001417252444267025
	-0.0001416004961418331
	-0.0001414755172100162
	-0.0001413521028201382
	-0.0001412335995819895
	-0.0001411206544686286
	-0.0001410099256424876
	-0.0001408984059224276
	-0.0001407860945669275
	-0.0001406778569180525
	-0.0001405808929743466
	-0.0001404987911870176
	-0.0001404301850471446
	-0.0001403731200913771
	-0.0001403268658083094
	-0.0001402906763753207
	-0.0001402623453755038
	-0.0001402400255139095
	-0.0001402245804253637
	-0.0001402208621104165
	-0.0001402352055655154
	-0.0001402716761669701
	-0.0001403295735838633
	-0.0001404028229811788
	-0.0001404850631393813
	-0.0001405757522512495
	-0.0001406793684752957
	-0.0001408001063675627
	-0.0001409382812048632
	-0.0001410896520118713
	-0.0001412472169277488
	-0.0001414066240103258
	-0.0001415654795870007
	-0.0001417229757039944
	-0.0001418765357711021
	-0.0001420211577735618
	-0.0001421546428467711
	-0.0001422776242784088
	-0.0001423904734291578
	-0.0001424925329908017
	-0.0001425826325918497
	-0.0001426607355975153
	-0.0001427288409912225
	-0.0001427930240805644
	-0.0001428562085957805
	-0.0001429186109912223
	-0.0001429819302835726
	-0.000143046665690508
	-0.0001431131557236974
	-0.0001431806380366482
	-0.0001432468340158434
	-0.0001433089711099899
	-0.0001433652129758372
	-0.0001434152570858549
	-0.0001434595368408505
	-0.0001434986517123772
	-0.0001435354852598283
	-0.0001435758980813023
	-0.0001436254510105758
	-0.0001436853594305055
	-0.0001437532243941456
	-0.0001438251381299029
	-0.0001438977772972622
	-0.0001439666896052424
	-0.0001440261991691596
	-0.0001440725817829926
	-0.0001441047266381213
	-0.00014412375225913
	-0.0001441336542259217
	-0.0001441403973549975
	-0.0001441474709445063
	-0.000144156665715692
	-0.0001441687362050955
	-0.0001441821176324233
	-0.0001441927441338682
	-0.0001441962183597873
	-0.0001441909215520703
	-0.0001441771017131867
	-0.0001441552481689674
	-0.0001441265584266766
	-0.0001440911895553534
	-0.0001440495133941209
	-0.0001440031255721397
	-0.0001439564514922843
	-0.0001439151573601811
	-0.0001438802334573008
	-0.0001438461133237926
	-0.0001438064092351477
	-0.000143756968952711
	-0.0001436959011418598
	-0.0001436262511130516
	-0.0001435566181009359
	-0.0001434934258759837
	-0.0001434376013276812
	-0.0001433830874207905
	-0.0001433270925893842
	-0.0001432750381446592
	-0.0001432332455118744
	-0.0001432035197277728
	-0.0001431849630232152
	-0.0001431742973109202
	-0.000143167048303286
	-0.0001431588236807861
	-0.0001431475995123747
	-0.0001431357641046166
	-0.0001431264369364106
	-0.000143119361398171
	-0.000143112325669392
	-0.0001431037794678592
	-0.0001430937855871382
	-0.0001430799138077558
	-0.0001430583896433611
	-0.0001430301132882694
	-0.0001429967921168294
	-0.0001429576238503083
	-0.0001429118845601995
	-0.0001428585000769965
	-0.0001427955654356488
	-0.0001427232296406436
	-0.0001426438438783695
	-0.0001425610336776658
	-0.0001424807013849849
	-0.0001424099697664404
	-0.0001423549427278488
	-0.0001423179502483262
	-0.000142297808502734
	-0.000142292320608094
	-0.0001422990169028894
	-0.0001423155794049682
	-0.0001423407181580323
	-0.0001423773404457564
	-0.0001424294017121186
	-0.0001425019778223256
	-0.0001425984296714086
	-0.0001427150389902184
	-0.0001428413561477777
	-0.0001429670124320876
	-0.000143089236307726
	-0.0001432092295897156
	-0.000143325830213534
	-0.0001434365070759472
	-0.000143541046093751
	-0.0001436403504003246
	-0.0001437370745813282
	-0.0001438373258491626
	-0.0001439423782772761
	-0.0001440493712983408
	-0.0001441564694307187
	-0.0001442633580743327
	-0.0001443705011764558
	-0.000144476341141938
	-0.0001445787982342915
	-0.0001446806033662826
	-0.0001447861827719547
	-0.0001448950239839099
	-0.0001450025331124783
	-0.0001451032656444935
	-0.0001451934019716052
	-0.0001452713659562314
	-0.0001453374840055907
	-0.0001453949812698242
	-0.000145447586329066
	-0.0001454955694879588
	-0.0001455357352175666
	-0.0001455661657735315
	-0.0001455876941238188
	-0.0001455994651837141
	-0.0001455978220957099
	-0.0001455805310304718
	-0.000145549343510776
	-0.0001455054064660478
	-0.0001454486714770873
	-0.0001453797260198097
	-0.0001453006575656493
	-0.0001452146613519198
	-0.0001451249324884337
	-0.0001450336146398464
	-0.0001449420906245583
	-0.0001448504429768045
	-0.0001447563639344537
	-0.0001446575421203589
	-0.0001445554344944329
	-0.0001444542755375159
	-0.000144356464518094
	-0.000144264733144049
	-0.0001441815845794017
	-0.0001441073623623819
	-0.0001440424799961215
	-0.0001439865239501828
	-0.0001439390892823199
	-0.0001439000747951507
	-0.0001438699588670778
	-0.000143848202748612
	-0.0001438336513803968
	-0.0001438259563111785
	-0.0001438264648144912
	-0.0001438350209223401
	-0.000143849294614213
	-0.0001438661262742032
	-0.0001438812606326992
	-0.0001438906864883974
	-0.0001438929499912184
	-0.0001438906873627899
	-0.0001438905921803043
	-0.0001439009451185241
	-0.0001439274692713809
	-0.0001439676745403982
	-0.0001440124649069292
	-0.0001440537520950205
	-0.000144090106247558
	-0.0001441220432444683
	-0.0001441519231017929
	-0.0001441847138769881
	-0.0001442261268142618
	-0.0001442781369520544
	-0.0001443381731252486
	-0.0001444007536656625
	-0.0001444598623708432
	-0.0001445119361460408
	-0.0001445572047171323
	-0.0001445981153906391
	-0.0001446381402695868
	-0.0001446853725420407
	-0.0001447453614458389
	-0.0001448142736325884
	-0.0001448840309419447
	-0.0001449496011649787
	-0.0001450120141923902
	-0.0001450764105335803
	-0.00014514577198616
	-0.0001452161941606889
	-0.0001452818042053128
	-0.0001453406573088117
	-0.0001453939089883099
	-0.0001454426134285267
	-0.0001454880745949276
	-0.0001455312310698791
	-0.0001455735340471785
	-0.0001456167814437326
	-0.0001456609278122033
	-0.0001457040915208671
	-0.0001457469447778439
	-0.0001457949449099523
	-0.0001458530978395525
	-0.0001459216792751867
	-0.0001459970613348303
	-0.0001460739944198836
	-0.0001461490307503743
	-0.0001462227985613683
	-0.0001462972701640014
	-0.0001463714920685446
	-0.0001464449205416962
	-0.000146519473217697
	-0.0001465946648388558
	-0.0001466659833057323
	-0.0001467276465188465
	-0.0001467774726882676
	-0.0001468170490701242
	-0.0001468526625108352
	-0.0001468933781469774
	-0.0001469392737364175
	-0.0001469839759259839
	-0.0001470224615200967
	-0.0001470536369744604
	-0.0001470769945567736
	-0.0001470925024260217
	-0.0001471017347463451
	-0.0001471072607806025
	-0.0001471102018166061
	-0.0001471116026031532
	-0.000147114567700989
	-0.0001471227703320287
	-0.0001471361563021283
	-0.0001471506099492564
	-0.0001471607042504061
	-0.0001471630776034506
	-0.000147158026023532
	-0.0001471483682138755
	-0.0001471365186043354
	-0.0001471227656053805
	-0.0001471058315616417
	-0.000147084527710031
	-0.0001470587491540199
	-0.0001470303776223611
	-0.000147000699339819
	-0.0001469686666535009
	-0.0001469330798709622
	-0.0001468961143752067
	-0.0001468609173211327
	-0.0001468281276776684
	-0.000146797467424081
	-0.0001467687148360534
	-0.0001467420588425946
	-0.0001467172285973705
	-0.000146693468885511
	-0.000146671684844882
	-0.0001466532265119236
	-0.0001466362848789452
	-0.0001466191279510402
	-0.0001465997349260583
	-0.0001465773124072513
	-0.0001465558462509516
	-0.0001465410583233727
	-0.0001465352739119385
	-0.0001465376735564845
	-0.00014654704264194
	-0.0001465629284767766
	-0.0001465847802102897
	-0.0001466129404239927
	-0.0001466479274225095
	-0.0001466877384005449
	-0.000146726655605347
	-0.0001467620860541081
	-0.0001467977595820422
	-0.000146839167948217
	-0.0001468868728996977
	-0.0001469390556554874
	-0.0001469918500367886
	-0.000147041054522807
	-0.0001470854024404824
	-0.0001471272805366138
	-0.0001471703002261924
	-0.0001472156267673891
	-0.0001472637279329326
	-0.0001473136446610481
	-0.0001473630136147246
	-0.0001474092678942749
	-0.0001474526039367809
	-0.0001474942387821571
	-0.0001475331893520008
	-0.0001475684851169203
	-0.0001476023324620898
	-0.0001476394497436654
	-0.0001476836493353837
	-0.0001477347593853136
	-0.0001477892532414163
	-0.0001478436873712277
	-0.0001478967710918414
	-0.0001479503276974902
	-0.0001480078502796211
	-0.0001480705904017199
	-0.0001481361712304703
	-0.0001481991063071192
	-0.0001482556563327986
	-0.0001483045689957281
	-0.0001483424851559543
	-0.0001483620773125612
	-0.0001483618054159738
	-0.0001483478588912873
	-0.0001483264046944265
	-0.0001483019508431369
	-0.0001482770349847153
	-0.0001482476395155725
	-0.0001482088978995675
	-0.0001481622560885331
	-0.0001481154080688781
	-0.0001480760361194334
	-0.0001480448391561937
	-0.0001480166174877781
	-0.0001479844602962781
	-0.0001479416742044447
	-0.0001478843407011752
	-0.0001478134606054458
	-0.0001477356577059837
	-0.0001476595040217809
	-0.000147590739560884
	-0.0001475306446392737
	-0.0001474776983585719
	-0.0001474309930930842
	-0.0001473940022313695
	-0.0001473708316117009
	-0.0001473613602145108
	-0.0001473614890081314
	-0.0001473678649688889
	-0.0001473822313964189
	-0.0001474085268433885
	-0.0001474496478316856
	-0.0001475086146415347
	-0.0001475870427835213
	-0.000147684336868511
	-0.0001478005828810508
	-0.0001479366952271003
	-0.0001480919362226108
	-0.0001482624037996172
	-0.0001484410221109815
	-0.0001486227554528615
	-0.0001488053400028406
	-0.0001489872664216424
	-0.0001491670591268937
	-0.0001493440385210539
	-0.000149517494284933
	-0.0001496848290712303
	-0.0001498377192913424
	-0.0001499677996976389
	-0.000150075661907925
	-0.0001501673808949799
	-0.0001502453340128994
	-0.0001503061992549688
	-0.0001503455275990687
	-0.0001503625966445621
	-0.00015036060815217
	-0.0001503429039759767
	-0.0001503090332781456
	-0.0001502571938263664
	-0.000150190255191378
	-0.0001501142694666429
	-0.0001500328400937984
	-0.0001499467370705269
	-0.0001498562703427776
	-0.0001497603814769895
	-0.0001496575791296597
	-0.0001495493902110905
	-0.0001494432895926216
	-0.0001493472354294419
	-0.0001492653942886462
	-0.0001491989457899085
	-0.0001491477507911098
	-0.0001491113936983493
	-0.0001490889602516285
	-0.0001490792844996053
	-0.0001490824299960076
	-0.00014909978673079
	-0.0001491345054296915
	-0.0001491907873311963
	-0.0001492734115176469
	-0.0001493815101594019
	-0.000149508286862183
	-0.0001496470740705727
	-0.000149798547911146
	-0.0001499651139900862
	-0.0001501453800115804
	-0.0001503343048761716
	-0.0001505263262325378
	-0.0001507189983734356
	-0.000150912800514844
	-0.0001511061783862977
	-0.0001512933759053752
	-0.0001514715269460068
	-0.0001516427155348208
	-0.0001518093343073787
	-0.0001519687539707221
	-0.000152114513177152
	-0.0001522418907682606
	-0.0001523510007836367
	-0.0001524462117126674
	-0.0001525322513035498
	-0.0001526105421659964
	-0.0001526797198448464
	-0.0001527389945016665
	-0.0001527893276748557
	-0.000152832160391546
	-0.0001528651227511342
	-0.0001528834490336756
	-0.0001528888467861016
	-0.0001528856427150485
	-0.0001528765037148119
	-0.0001528622068230506
	-0.0001528415335320664
	-0.0001528098005106179
	-0.0001527647430551502
	-0.0001527096591087965
	-0.0001526492160202057
	-0.0001525845274542978
	-0.0001525133901048097
	-0.0001524359354710543
	-0.0001523546648085083
	-0.0001522719620565247
	-0.0001521892830894449
	-0.0001521075816144199
	-0.0001520277082486555
	-0.0001519500076561355
	-0.0001518746349663312
	-0.000151801374432805
	-0.0001517285212958725
	-0.000151652277827862
	-0.0001515675361030445
	-0.0001514737490457323
	-0.0001513761874237126
	-0.0001512821389677256
	-0.0001511957489680349
	-0.0001511167661925146
	-0.0001510423477193269
	-0.0001509680653587232
	-0.0001508936012248108
	-0.0001508226347606427
	-0.0001507563031992864
	-0.0001506919322741291
	-0.0001506305817152641
	-0.0001505731627381539
	-0.0001505201930121264
	-0.0001504721644790388
	-0.0001504311173202408
	-0.0001503995823981912
	-0.0001503785960170295
	-0.0001503655357786376
	-0.0001503567428729141
	-0.000150352698376747
	-0.0001503574224867137
	-0.000150375020960205
	-0.0001504068445025733
	-0.0001504512469702902
	-0.0001505026140660689
	-0.0001505536063486073
	-0.0001506004777512691
	-0.0001506437609805845
	-0.0001506859181062147
	-0.0001507313760210257
	-0.0001507831268969723
	-0.0001508400049245937
	-0.000150898614419931
	-0.0001509563273868518
	-0.0001510129396569865
	-0.0001510699943826165
	-0.0001511272430283865
	-0.0001511829977503881
	-0.0001512341123653295
	-0.000151277943730059
	-0.0001513135507869437
	-0.0001513422551096501
	-0.0001513659244653173
	-0.0001513859117895456
	-0.0001514033869157482
	-0.0001514201846092121
	-0.0001514373427883266
	-0.0001514562229370468
	-0.0001514775997102266
	-0.0001515021628595447
	-0.00015153028389747
	-0.0001515601227347594
	-0.0001515897992988667
	-0.0001516190123656815
	-0.000151649386170438
	-0.0001516816551338998
	-0.0001517159388132584
	-0.000151752593379664
	-0.0001517930675901809
	-0.0001518394751548708
	-0.0001518950225209061
	-0.0001519620152478377
	-0.000152039696918691
	-0.000152124520058614
	-0.0001522127837787147
	-0.0001523029582907389
	-0.0001523960127783339
	-0.00015249460190061
	-0.0001526007089377013
	-0.0001527140649118666
	-0.0001528328651595898
	-0.0001529548727860079
	-0.0001530783205520951
	-0.00015320297066023
	-0.0001533274536789869
	-0.0001534489792200015
	-0.0001535645355030011
	-0.0001536726003043697
	-0.0001537740171847411
	-0.0001538701595254774
	-0.0001539613991955068
	-0.0001540462473819417
	-0.0001541234400140887
	-0.0001541928916058371
	-0.0001542527210657922
	-0.0001542977338419946
	-0.0001543229902424613
	-0.0001543262593033119
	-0.0001543101189800019
	-0.0001542828220305531
	-0.0001542513353882521
	-0.0001542154191073649
	-0.0001541723362228404
	-0.0001541184830433696
	-0.0001540486387020411
	-0.000153960482897544
	-0.0001538564970539651
	-0.0001537415969989438
	-0.0001536198715148153
	-0.0001534922550121171
	-0.0001533585629308986
	-0.0001532200099330074
	-0.0001530797828326189
	-0.0001529389394526151
	-0.0001527942248436613
	-0.0001526428863241596
	-0.0001524862187475963
	-0.0001523276052911922
	-0.0001521721381165151
	-0.0001520243035803719
	-0.0001518849390477927
	-0.0001517535294429317
	-0.0001516320473203653
	-0.0001515239276492882
	-0.0001514308622517346
	-0.000151351124081956
	-0.0001512810549381847
	-0.0001512188672248347
	-0.0001511653779178451
	-0.0001511197138509414
	-0.000151079868021443
	-0.0001510460272352906
	-0.0001510189511159146
	-0.0001509976284476327
	-0.0001509800810423089
	-0.0001509641189813492
	-0.0001509476014745883
	-0.0001509323101538836
	-0.0001509220622947861
	-0.0001509171069938854
	-0.000150914967972123
	-0.0001509136629188305
	-0.0001509146915007077
	-0.0001509212847537344
	-0.0001509350113579398
	-0.0001509585592052191
	-0.0001509957472479951
	-0.000151046377268646
	-0.0001511040472026682
	-0.0001511614050891864
	-0.0001512131492039904
	-0.0001512551695355112
	-0.0001512894327491012
	-0.0001513236456392909
	-0.0001513635711225674
	-0.0001514102605175535
	-0.0001514620462818442
	-0.0001515125312435808
	-0.0001515537771651207
	-0.0001515824503408738
	-0.0001516039466483229
	-0.00015163046053289
	-0.0001516691136043449
	-0.000151720642220703
	-0.0001517839593536194
	-0.0001518593006234261
	-0.0001519452608310404
	-0.0001520371518987909
	-0.0001521291109599978
	-0.0001522195968177491
	-0.0001523106292899319
	-0.0001524058048740759
	-0.0001525095115320945
	-0.0001526244625668812
	-0.0001527486689358597
	-0.0001528762569607908
	-0.000153000240712652
	-0.000153112325769158
	-0.0001532090750710812
	-0.0001532948392548743
	-0.0001533750530450644
	-0.0001534543606355241
	-0.0001535367526565192
	-0.0001536223680085727
	-0.0001537076896311729
	-0.0001537879430282509
	-0.000153859345369943
	-0.0001539193822126595
	-0.0001539673752262653
	-0.0001540055427102661
	-0.0001540360119432998
	-0.0001540586524642078
	-0.000154071073894022
	-0.0001540724157793298
	-0.0001540637650796819
	-0.0001540490504678038
	-0.0001540321823701121
	-0.0001540142939725477
	-0.0001539937004331453
	-0.0001539681135495768
	-0.0001539360564607618
	-0.0001538969611806733
	-0.0001538519202785757
	-0.0001538040168248634
	-0.0001537562266853798
	-0.0001537097930458617
	-0.0001536656221596477
	-0.0001536243961261247
	-0.000153585833980199
	-0.0001535489731278299
	-0.0001535117942610535
	-0.0001534716210067321
	-0.0001534262153597116
	-0.0001533752769683064
	-0.000153317877701363
	-0.0001532512972842204
	-0.000153174905999684
	-0.0001530930545826588
	-0.0001530132055027951
	-0.0001529409085505171
	-0.0001528787856743128
	-0.0001528257740613145
	-0.0001527787461647367
	-0.000152733349696331
	-0.0001526853416812478
	-0.0001526351722372129
	-0.0001525896552736966
	-0.0001525565602742473
	-0.0001525391259409043
	-0.0001525349812632252
	-0.0001525387585200504
	-0.0001525452976556171
	-0.0001525511035305452
	-0.0001525567413914706
	-0.0001525696583831694
	-0.0001525984766456744
	-0.0001526476542692751
	-0.0001527130462252734
	-0.000152784783154024
	-0.0001528557168167864
	-0.0001529230043476201
	-0.0001529875907267253
	-0.0001530550698492519
	-0.0001531310211887143
	-0.0001532156345039977
	-0.0001533031988793895
	-0.0001533853012369014
	-0.0001534554196930531
	-0.0001535121558831684
	-0.0001535597285504919
	-0.000153603870927857
	-0.0001536460135225631
	-0.0001536842470461981
	-0.0001537174790003411
	-0.0001537456551142279
	-0.0001537658827325094
	-0.0001537777866433494
	-0.0001537893905052437
	-0.0001538093989851751
	-0.0001538396998085383
	-0.0001538753972778893
	-0.000153909747365061
	-0.0001539377876641414
	-0.0001539548608432061
	-0.0001539591122676678
	-0.0001539559877031275
	-0.0001539545167989821
	-0.0001539625877476476
	-0.0001539841382305672
	-0.0001540158144522191
	-0.0001540504242680156
	-0.0001540836070177541
	-0.0001541172667730007
	-0.0001541562231642171
	-0.0001542032239271799
	-0.0001542570429548098
	-0.0001543138199793636
	-0.0001543714309894473
	-0.0001544303310402933
	-0.0001544927673230813
	-0.0001545609731375307
	-0.0001546354982500801
	-0.0001547157845611955
	-0.0001548014469837424
	-0.0001548918772465933
	-0.000154984169551766
	-0.0001550748411960999
	-0.0001551622827605637
	-0.0001552452457417314
	-0.0001553205851157327
	-0.0001553858632596413
	-0.0001554409812426152
	-0.0001554882445380767
	-0.0001555285153759097
	-0.0001555611876372959
	-0.0001555866471966323
	-0.0001556071255556494
	-0.0001556260638927026
	-0.0001556466168598438
	-0.0001556698452131214
	-0.0001556934056428362
	-0.0001557140627091128
	-0.0001557286224992032
	-0.0001557343176638013
	-0.0001557296278386098
	-0.0001557138664019813
	-0.0001556863646869792
	-0.0001556478115703603
	-0.0001556019917168
	-0.0001555531309518858
	-0.000155501758433043
	-0.0001554475263290267
	-0.0001553910941477945
	-0.0001553322001866611
	-0.0001552691239267253
	-0.0001552011796226444
	-0.0001551315429984819
	-0.0001550669008549925
	-0.0001550115919724268
	-0.0001549644009452168
	-0.0001549210088607217
	-0.0001548766077737505
	-0.0001548265717173041
	-0.0001547677967403371
	-0.0001547012222762028
	-0.0001546306962145762
	-0.0001545577808075449
	-0.0001544832047803524
	-0.0001544088364778622
	-0.000154335580942921
	-0.0001542636715404188
	-0.0001541949333261874
	-0.0001541337154585099
	-0.0001540841483654866
	-0.000154047727880345
	-0.0001540257229692611
	-0.0001540186200952866
	-0.0001540263693572971
	-0.0001540486820273873
	-0.000154084316709033
	-0.0001541306512459527
	-0.0001541819140261616
	-0.0001542328098661363
	-0.0001542817913934613
	-0.0001543298888117864
	-0.000154376899908871
	-0.000154423507435988
	-0.0001544745689108215
	-0.0001545293438969867
	-0.0001545822106385693
	-0.0001546294697257106
	-0.0001546712102725027
	-0.000154708591939609
	-0.0001547416719400826
	-0.0001547676549963419
	-0.0001547797269849877
	-0.0001547728933080035
	-0.0001547510103161145
	-0.0001547274215155795
	-0.0001547167456442591
	-0.000154724108677218
	-0.0001547452644707556
	-0.0001547698399211952
	-0.00015478965069994
	-0.0001548029157407271
	-0.0001548108469511867
	-0.0001548136553598641
	-0.0001548090366331203
	-0.0001547941971848441
	-0.0001547713153109635
	-0.0001547492767722213
	-0.0001547357671798801
	-0.0001547312275987886
	-0.0001547309608229916
	-0.0001547290165203548
	-0.0001547206344274876
	-0.0001547031821379618
	-0.0001546778739351188
	-0.0001546502707255603
	-0.0001546257247676406
	-0.000154605846311155
	-0.0001545871046093543
	-0.0001545614281088517
	-0.0001545286401142444
	-0.000154501482138421
	-0.0001544975759751483
	-0.0001545247377218914
	-0.0001545699029753783
	-0.0001546103549492057
	-0.0001546342957362869
	-0.0001546481887313719
	-0.0001546688527380861
	-0.0001547081663908117
	-0.0001547668551477116
	-0.0001548381950838923
	-0.0001549181061786483
	-0.0001550078719975449
	-0.0001551067486549931
	-0.0001552062815055003
	-0.0001552942489086187
	-0.0001553634638799546
	-0.0001554183339305581
	-0.0001554708694861899
	-0.0001555276492631154
	-0.0001555868192653475
	-0.0001556443179906211
	-0.000155697027049627
	-0.000155744261676857
	-0.0001557865744638238
	-0.0001558269812500903
	-0.0001558692082680167
	-0.0001559117418046504
	-0.000155950092437899
	-0.000155981428350891
	-0.0001560050340217458
	-0.0001560233087339655
	-0.000156040893662126
	-0.0001560608816205755
	-0.0001560825657267438
	-0.0001561028581763563
	-0.000156122408852652
	-0.0001561450828360309
	-0.0001561721696110027
	-0.0001562025033021712
	-0.0001562345422542709
	-0.0001562651020626338
	-0.000156288542909015
	-0.0001563012605661853
	-0.0001563041582450446
	-0.0001563018843064872
	-0.0001562984507619428
	-0.0001562962922537051
	-0.0001562952237187354
	-0.0001562930226413069
	-0.000156286946655117
	-0.0001562746925048653
	-0.0001562579485821894
	-0.0001562409385077221
	-0.0001562262436609894
	-0.0001562173016823672
	-0.000156217070754191
	-0.0001562231723536494
	-0.000156229970995651
	-0.0001562337657450761
	-0.0001562359871042714
	-0.0001562389532417271
	-0.0001562390979215682
	-0.0001562281724440386
	-0.0001562011816580343
	-0.0001561612428037253
	-0.000156115144060214
	-0.0001560701477871325
	-0.000156032020050633
	-0.0001559996099244659
	-0.0001559685760014637
	-0.000155934197096292
	-0.0001558966117384574
	-0.0001558590040765676
	-0.0001558232727517778
	-0.000155789569635026
	-0.0001557587153885092
	-0.0001557324661781015
	-0.0001557116409535218
	-0.0001556949137529387
	-0.0001556800287793912
	-0.0001556660217528756
	-0.0001556536743845705
	-0.0001556470856714235
	-0.0001556506205161091
	-0.0001556647495155681
	-0.0001556847680381378
	-0.00015570506705555
	-0.0001557247595432687
	-0.0001557472512945535
	-0.0001557757390782695
	-0.000155812114271184
	-0.0001558564067233162
	-0.0001559066900900459
	-0.0001559601655933883
	-0.0001560150021772727
	-0.0001560737972788729
	-0.0001561380809926242
	-0.000156206747689095
	-0.0001562802448473184
	-0.0001563591857126286
	-0.0001564414528827
	-0.0001565256265072845
	-0.000156611334534735
	-0.0001566979431358646
	-0.0001567869790440882
	-0.0001568802552369144
	-0.0001569768839656743
	-0.0001570741759878126
	-0.0001571692922889254
	-0.0001572645781328351
	-0.0001573688713622543
	-0.0001574909261197094
	-0.0001576302071357679
	-0.0001577769175321513
	-0.000157920555206575
	-0.0001580540535090309
	-0.000158176011135987
	-0.0001582894052098499
	-0.0001583974883751911
	-0.0001585024853289264
	-0.0001586058207917266
	-0.0001587082200806537
	-0.0001588065526160923
	-0.0001588953284410092
	-0.0001589716500313676
	-0.0001590365992821471
	-0.0001590941568819577
	-0.0001591456516384935
	-0.0001591899716482599
	-0.0001592258440165329
	-0.000159253056955838
	-0.0001592725629124208
	-0.0001592851581095377
	-0.0001592917097023709
	-0.0001592925928449742
	-0.0001592880116203316
	-0.000159278971719241
	-0.0001592671609799372
	-0.0001592540015424174
	-0.0001592394738521803
	-0.0001592215588406028
	-0.0001591993686399386
	-0.0001591751340415694
	-0.0001591530800169873
	-0.000159135886857589
	-0.000159122981125572
	-0.0001591098772410118
	-0.0001590931830684322
	-0.0001590747988567377
	-0.0001590586388233547
	-0.0001590458521642587
	-0.0001590351733887325
	-0.0001590263485761605
	-0.0001590228459328638
	-0.0001590279928677695
	-0.0001590407742670985
	-0.0001590567176952358
	-0.0001590715259766115
	-0.0001590832788077429
	-0.0001590923789146836
	-0.0001591000788402044
	-0.0001591061198464354
	-0.0001591091541934694
	-0.0001591088535921963
	-0.0001591062304481562
	-0.0001591028141520074
	-0.000159100354003655
	-0.0001590987642586625
	-0.0001590962401807403
	-0.0001590910332942134
	-0.0001590819488785896
	-0.0001590702397301004
	-0.0001590580979521746
	-0.0001590456343233013
	-0.0001590300069187609
	-0.0001590098600223472
	-0.000158989212380436
	-0.0001589727300481908
	-0.0001589615025001261
	-0.0001589553951058648
	-0.0001589549302374904
	-0.0001589607600287812
	-0.0001589713455929702
	-0.0001589833188261938
	-0.0001589945248136412
	-0.0001590056186984078
	-0.0001590189495187842
	-0.0001590373162429283
	-0.0001590632587516677
	-0.0001590993053916686
	-0.0001591467578130717
	-0.0001592028274381645
	-0.0001592620169779349
	-0.0001593199210268836
	-0.0001593744514566136
	-0.0001594254726148207
	-0.0001594747933627789
	-0.0001595266177523995
	-0.0001595851049621887
	-0.0001596491105285596
	-0.0001597153866001652
	-0.0001597805370697653
	-0.0001598408123833737
	-0.0001598930764323232
	-0.0001599367617142693
	-0.0001599746953545677
	-0.0001600092325797801
	-0.000160039671807764
	-0.0001600659971788298
	-0.0001600935335845665
	-0.0001601303070221016
	-0.0001601772761559877
	-0.0001602298549615669
	-0.0001602847007169831
	-0.0001603411608900306
	-0.0001603996586401113
	-0.0001604603832058569
	-0.0001605213532330071
	-0.0001605774628930626
	-0.0001606249390548795
	-0.0001606671366097346
	-0.000160712613459283
	-0.0001607647819825664
	-0.000160824631174195
	-0.0001608928627081191
	-0.0001609664164363842
	-0.0001610395521767902
	-0.000161109026501997
	-0.0001611731751719533
	-0.0001612348298474458
	-0.0001612985200504443
	-0.0001613660335410438
	-0.000161437018558176
	-0.0001615087201586106
	-0.0001615795710727404
	-0.0001616463665223777
	-0.0001617037663083773
	-0.0001617487213841992
	-0.0001617840420333323
	-0.0001618147475080427
	-0.000161842544034092
	-0.0001618666387110497
	-0.0001618855676760669
	-0.0001618955991901125
	-0.0001618922733933356
	-0.0001618739968833252
	-0.0001618448283126215
	-0.0001618124212451479
	-0.0001617826883291531
	-0.000161756669665946
	-0.0001617309329222587
	-0.0001617025174077132
	-0.0001616731986696318
	-0.0001616466851358466
	-0.0001616231674622571
	-0.0001615987984942342
	-0.0001615702806075256
	-0.0001615392840280114
	-0.0001615103909946889
	-0.0001614892496807484
	-0.0001614777968575506
	-0.000161472539187345
	-0.0001614707719442895
	-0.0001614735519217959
	-0.0001614823866458837
	-0.0001614963476536302
	-0.0001615137091602361
	-0.0001615342325098405
	-0.0001615587681888055
	-0.0001615877903238382
	-0.0001616218080113121
	-0.0001616617394003352
	-0.0001617081732466743
	-0.0001617616473361328
	-0.0001618217118356325
	-0.0001618862801927473
	-0.0001619529317379544
	-0.0001620217197391241
	-0.0001620958436237441
	-0.000162177530463291
	-0.0001622644726129103
	-0.000162351763363225
	-0.0001624353033804416
	-0.0001625123877027817
	-0.0001625831224037441
	-0.0001626490582975861
	-0.0001627117800894209
	-0.0001627740577885663
	-0.000162840251999218
	-0.0001629139031447599
	-0.0001629957260840422
	-0.0001630810408644875
	-0.0001631645323455997
	-0.0001632453311040439
	-0.0001633241705877012
	-0.0001633995212786763
	-0.0001634699381490287
	-0.0001635383466419597
	-0.0001636084999861662
	-0.0001636810991085854
	-0.0001637552518521787
	-0.0001638305870678133
	-0.000163906096436756
	-0.0001639782654304634
	-0.0001640430385905129
	-0.000164097074266672
	-0.0001641367895008906
	-0.0001641612849881092
	-0.000164175219824877
	-0.000164186458776951
	-0.0001641995028624505
	-0.0001642115053702951
	-0.0001642156320323554
	-0.0001642066259993469
	-0.0001641828852345047
	-0.0001641463140893005
	-0.0001641010483776988
	-0.0001640505931824814
	-0.000163997020501597
	-0.0001639427982472822
	-0.000163889145906735
	-0.0001638346327090934
	-0.0001637764075309019
	-0.0001637137818834999
	-0.0001636486461402364
	-0.0001635832617925729
	-0.0001635186186804293
	-0.0001634562328130368
	-0.0001633981340460604
	-0.0001633437884446257
	-0.0001632905582773567
	-0.0001632387351119664
	-0.0001631925025533916
	-0.0001631562485959453
	-0.000163129848747965
	-0.0001631097983375472
	-0.0001630924477768722
	-0.0001630759187856863
	-0.0001630613097081511
	-0.000163051755800643
	-0.0001630493650727914
	-0.0001630536697556039
	-0.0001630643772384375
	-0.0001630824687395301
	-0.0001631098330519531
	-0.000163144918765482
	-0.0001631852252680277
	-0.0001632321440026781
	-0.0001632887165639732
	-0.0001633534222927336
	-0.0001634211755689567
	-0.0001634899501108935
	-0.0001635624606873934
	-0.0001636421418280718
	-0.0001637302692358035
	-0.0001638245235221197
	-0.0001639231942719585
	-0.0001640252264646953
	-0.0001641304690585519
	-0.0001642382120485023
	-0.0001643484354455077
	-0.0001644609788210636
	-0.0001645750100132751
	-0.000164691246863663
	-0.0001648108419404517
	-0.0001649323534464282
	-0.0001650521977710321
	-0.0001651677111036584
	-0.0001652771061554549
	-0.0001653783868430632
	-0.0001654713556424809
	-0.000165558537443003
	-0.000165643465789144
	-0.0001657287653173361
	-0.0001658146257324992
	-0.0001658986084756071
	-0.0001659764673063851
	-0.0001660423570927102
	-0.0001660937587554273
	-0.0001661329924595685
	-0.0001661634493057958
	-0.0001661850613569356
	-0.0001661953863620418
	-0.0001661972317109251
	-0.0001661982304623499
	-0.0001662050770743431
	-0.0001662187566284371
	-0.0001662326815132269
	-0.0001662378320560167
	-0.000166232027024089
	-0.0001662212146954478
	-0.0001662124574762684
	-0.0001662036746457563
	-0.0001661835224589248
	-0.000166142472958745
	-0.0001660817993860951
	-0.0001660103313908501
	-0.0001659384196302424
	-0.0001658763931245202
	-0.0001658320700977328
	-0.0001658047902516807
	-0.0001657847807056313
	-0.0001657609062603611
	-0.0001657290606537572
	-0.0001656931082717758
	-0.0001656617171619266
	-0.0001656431652367675
	-0.0001656411373610677
	-0.0001656538874310723
	-0.0001656768302087668
	-0.0001657064016598775
	-0.0001657404949857582
	-0.0001657769491048852
	-0.0001658127298046482
	-0.0001658461192662122
	-0.0001658793134718953
	-0.0001659173402725484
	-0.0001659620164837876
	-0.0001660110310532112
	-0.0001660625350778031
	-0.0001661148617606789
	-0.0001661656954340066
	-0.0001662127497671906
	-0.0001662543057576936
	-0.0001662902660626814
	-0.0001663249002691572
	-0.0001663647734139911
	-0.000166411992038662
	-0.0001664630634898695
	-0.0001665142434447814
	-0.0001665641596969211
	-0.0001666145166273522
	-0.000166667196770352
	-0.0001667224677801138
	-0.0001667814810901325
	-0.0001668449678840872
	-0.0001669100032650819
	-0.0001669720784162633
	-0.0001670295364477879
	-0.0001670825237754262
	-0.0001671324033520981
	-0.0001671790572955007
	-0.0001672221487606688
	-0.0001672630021072624
	-0.0001673021550321705
	-0.000167338766484478
	-0.00016737174336408
	-0.0001674016595077158
	-0.0001674299929440314
	-0.0001674569029810888
	-0.0001674813312502431
	-0.0001675034171080074
	-0.0001675244435941129
	-0.0001675466793366596
	-0.0001675733794248724
	-0.0001676073673127822
	-0.0001676485293649152
	-0.000167695126065089
	-0.0001677465891200264
	-0.0001678020787942164
	-0.0001678607407487382
	-0.0001679196724946647
	-0.0001679734638617209
	-0.0001680234537555468
	-0.0001680796286426192
	-0.0001681472216561495
	-0.0001682227584792973
	-0.0001682994973918312
	-0.0001683733601982628
	-0.0001684440031435383
	-0.0001685118506713128
	-0.0001685772772209701
	-0.0001686404768238927
	-0.0001687005199841546
	-0.0001687563335709183
	-0.0001688070179546384
	-0.0001688531354041437
	-0.0001688944407221148
	-0.0001689288557029514
	-0.0001689552071882412
	-0.0001689736817983088
	-0.0001689861180396439
	-0.0001689934215643276
	-0.000168994297354545
	-0.0001689850774866499
	-0.0001689615795731348
	-0.0001689219063045809
	-0.0001688662797845892
	-0.0001687962278309603
	-0.0001687177532932651
	-0.0001686426891422959
	-0.0001685809839746181
	-0.000168530728904024
	-0.0001684811103225688
	-0.000168421971777054
	-0.0001683535718675495
	-0.0001682861248863648
	-0.0001682285433732266
	-0.0001681817579611757
	-0.0001681408479646239
	-0.0001681015167043631
	-0.0001680611762141709
	-0.0001680187549389524
	-0.0001679734556485583
	-0.0001679241920898128
	-0.0001678712075635627
	-0.0001678172602576473
	-0.000167764032370772
	-0.0001677116777222916
