	-0.0001557733537922795
	1.903491383881187e-05
	7.909163489694438e-05
	6.101145420737289e-05
	2.315849844217571e-05
	-5.003025156965932e-06
	-1.682044161640625e-05
	-1.874935464377394e-05
	-2.383504204827222e-05
	-2.333230962897624e-05
	-1.193442251469829e-05
	-3.025996728817306e-06
	3.732216977923856e-07
	2.361397461536808e-07
	-1.012140823954827e-06
	-1.969093806170462e-06
	-2.381960686186711e-06
	-2.135836919648153e-06
	-2.378032343325975e-06
	-3.003830659762325e-06
	-3.226730690394107e-06
	-2.990610865663313e-06
	-2.473465397386204e-06
	-1.871482481512505e-06
	-1.36385155450623e-06
	-1.003435828847249e-06
	-7.66086324321049e-07
	-6.251405677848634e-07
	-5.443550025395268e-07
	-4.931073189986116e-07
	-4.554038027642473e-07
	-4.174882869368135e-07
	-3.710034811057298e-07
	-3.186776349872576e-07
	-2.735701968220484e-07
	-2.464354272176734e-07
	-2.27419360047514e-07
	-2.081283275017274e-07
	-1.838936679016076e-07
	-1.555058098979617e-07
	-1.259159430071681e-07
	-1.037315167723371e-07
	-9.154493439652913e-08
	-7.816938955857314e-08
	-6.161690125556334e-08
	-4.655621814579107e-08
	-3.117910664177819e-08
	-1.132431072940489e-08
	3.353294472769701e-09
	-4.92310455107833e-10
	-1.433328399043862e-08
	-2.564513835506591e-08
	-2.49334767508136e-08
	-2.638508631941423e-08
	-3.662664575592158e-08
	-4.050515449176119e-08
	-2.029974296796928e-08
	1.276871612317176e-08
	2.336902371918178e-08
	1.420641907055155e-08
	1.009217906984634e-08
	1.333780825769535e-08
	1.224518100900971e-08
	6.085306997871078e-09
	-4.136952794087411e-09
	-1.221280804322342e-08
	-1.085699898765233e-08
	5.342067658742689e-09
	2.99924439383992e-08
	4.783168034737677e-08
	4.15366083952267e-08
	1.886068356228378e-08
	-2.650563165753329e-09
	-1.644595544314941e-08
	-2.282170306975084e-08
	-1.995123324679767e-08
	-6.921880180559024e-09
	5.76691897837012e-09
	8.578835181682569e-09
	5.567288118656737e-09
	5.632762635209375e-09
	8.90260437860784e-09
	1.341444817211306e-08
	1.903215764271389e-08
	2.116144299484386e-08
	9.962018303961778e-09
	-1.660646403122848e-08
	-5.817339809603575e-08
	-1.13902036858204e-07
	-1.772594735914119e-07
	-2.345669868631155e-07
	-2.764728460436118e-07
	-3.01569671536191e-07
	-3.188833080077761e-07
	-3.384829637150787e-07
	-3.680879673985212e-07
	-4.082555274751744e-07
	-4.396751902394691e-07
	-4.415075990381051e-07
	-4.021722511265205e-07
	-3.328571275272842e-07
	-2.592096923412733e-07
	-2.094903343031265e-07
	-2.156868008431734e-07
	-2.899234339575399e-07
	-4.163949689764736e-07
	-5.654522992298578e-07
	-6.953519063303922e-07
	-7.854423949317737e-07
	-8.213067622149799e-07
	-7.727322172099521e-07
	-6.513930403181399e-07
	-4.721734777669115e-07
	-2.684190979931777e-07
	-8.007971799327404e-08
	6.964509181350055e-08
	1.740011494573555e-07
	2.391582688031732e-07
	2.753221747048365e-07
	2.960304080799716e-07
	3.122971601366019e-07
	3.275236874450793e-07
	3.371379731295025e-07
	3.321903099783609e-07
	3.222361642893794e-07
	3.133116858489524e-07
	3.005961506137718e-07
	2.799125810652427e-07
	2.52468604281173e-07
	2.177646670517154e-07
	1.817330017392031e-07
	1.472009544737402e-07
	1.121224590955514e-07
	7.676864576764203e-08
	4.046095024791912e-08
	4.456828516943733e-09
	-2.672171615455436e-08
	-4.734521613028487e-08
	-5.802751763697214e-08
	-6.370540271702279e-08
	-7.183820662774255e-08
	-8.425498645172923e-08
	-9.423007167145366e-08
	-1.055721765588815e-07
	-1.221767078550501e-07
	-1.375896489070952e-07
	-1.462366962003092e-07
	-1.492665114532171e-07
	-1.524662372266277e-07
	-1.595214262718702e-07
	-1.719826460077961e-07
	-1.875112714031922e-07
	-2.014935916122345e-07
	-2.106707155016942e-07
	-2.143865049062044e-07
	-2.137674294359082e-07
	-2.118338819891743e-07
	-2.146534878259159e-07
	-2.248505965162071e-07
	-2.365061647117844e-07
	-2.428562055975393e-07
	-2.406929206105404e-07
	-2.301757452898747e-07
	-2.098736352296466e-07
	-1.812401475298806e-07
	-1.470506095280022e-07
	-1.119076995535327e-07
	-8.212501639609032e-08
	-6.261932394789802e-08
	-5.14967678149745e-08
	-4.618857437337618e-08
	-4.510949995825602e-08
	-4.669385787767792e-08
	-4.578997032125536e-08
	-3.899594834328378e-08
	-2.836920412030908e-08
	-1.834742654878139e-08
	-1.269105798320005e-08
	-1.219181075858228e-08
	-1.519713998226417e-08
	-2.067820216695868e-08
	-2.545375314623054e-08
	-2.756724101053635e-08
	-2.947009362938288e-08
	-3.305748580860074e-08
	-3.966084552488177e-08
	-4.834548296625021e-08
	-5.69627298843081e-08
	-6.282057486637387e-08
	-6.667932777391802e-08
	-7.170501108894981e-08
	-8.016727166474495e-08
	-9.224105842782449e-08
	-1.055067877274327e-07
	-1.183385822515915e-07
	-1.305218711024839e-07
	-1.429078745141012e-07
	-1.550557639733865e-07
	-1.666298445039201e-07
	-1.746344977528042e-07
	-1.760246000670209e-07
	-1.704326827770845e-07
	-1.581762006628721e-07
	-1.398888062125056e-07
	-1.193307841489848e-07
	-1.009375526973312e-07
	-8.557597488383383e-08
	-7.334143832759248e-08
	-6.43468447183593e-08
	-5.596060384065745e-08
	-4.591689319254222e-08
	-3.679099166191812e-08
	-2.769784638039683e-08
	-1.953031621743951e-08
	-1.405358965287694e-08
	-9.577447577710901e-09
	-4.44202228833763e-09
	-7.291067375735363e-09
	-1.883954082471594e-08
	-3.408578975303312e-08
	-4.864589337531085e-08
	-6.050031068581226e-08
	-6.893321704627134e-08
	-7.446586579001156e-08
	-7.839626629327414e-08
	-8.118041909595792e-08
	-8.266158329107845e-08
	-8.282491382174765e-08
	-8.452144097459594e-08
	-9.024835734295592e-08
	-9.857250916036882e-08
	-1.076368119800105e-07
	-1.156177126296204e-07
	-1.217144202315892e-07
	-1.260264305317409e-07
	-1.275675281112356e-07
	-1.279056293875625e-07
	-1.29736016573983e-07
	-1.345935172878724e-07
	-1.425317549458808e-07
	-1.53820321260622e-07
	-1.670589971694884e-07
	-1.76743953356262e-07
	-1.767237118277107e-07
	-1.643109511843689e-07
	-1.490163935374917e-07
	-1.342588679929606e-07
	-1.184917059628801e-07
	-1.008009538131774e-07
	-8.267262157440532e-08
	-6.920461125159423e-08
	-6.028227102699495e-08
	-5.039325509212826e-08
	-3.953003543320262e-08
	-2.86513683729239e-08
	-1.909644984546509e-08
	-1.234966055667161e-08
	-9.047908698212431e-09
	-7.349163418462573e-09
	-5.675510588624014e-09
	-3.845388068619546e-09
	-3.006098505704249e-09
	-5.777076238819711e-09
	-1.190365135472939e-08
	-1.842240965303035e-08
	-2.30365588205306e-08
	-2.466045506410894e-08
	-2.312366286087739e-08
	-1.908099394390267e-08
	-1.867024486387976e-08
	-2.186713475731378e-08
	-2.553948228879937e-08
	-2.850127106276572e-08
	-3.069078050239276e-08
	-3.285370682635693e-08
	-3.581532493052968e-08
	-4.024037272402766e-08
	-4.631804107275973e-08
	-5.293279158600098e-08
	-5.879622744463892e-08
	-6.295094859739757e-08
	-6.641519793096256e-08
	-7.089706226060979e-08
	-7.357902021020476e-08
	-7.126179829323761e-08
	-6.509721361983517e-08
	-5.957130835578529e-08
	-5.753695190267958e-08
	-5.960081833648733e-08
	-6.455316780817054e-08
	-6.947074269902619e-08
	-7.094341523333676e-08
	-6.708898561520113e-08
	-6.021926094488506e-08
	-5.184463936934439e-08
	-4.479306518984443e-08
	-4.383436108380376e-08
	-5.057200459020599e-08
	-6.30456503576384e-08
	-7.700955800951329e-08
	-8.864632171988693e-08
	-9.643009700643502e-08
	-1.015142464140835e-07
	-1.052321687300183e-07
	-1.081650335898837e-07
	-1.100258249487781e-07
	-1.103070092325937e-07
	-1.093726645516706e-07
	-1.079518669725881e-07
	-1.058421807322541e-07
	-1.033362692664219e-07
	-1.013404102673032e-07
	-1.00758765902452e-07
	-1.01187546528661e-07
	-9.973298434095803e-08
	-9.455500572881282e-08
	-8.428829234415503e-08
	-6.83385429977745e-08
	-4.945516293656456e-08
	-3.147208844508801e-08
	-1.654774964476546e-08
	-2.007442709118339e-09
	1.493824568132687e-08
	3.375785179058383e-08
	5.187518225503603e-08
	6.682504855129205e-08
	7.883980778560011e-08
	8.827998880482346e-08
	9.3363757792083e-08
	9.622273310552778e-08
	9.735896652330884e-08
	9.416914004887137e-08
	8.651297468339369e-08
	7.870682953381941e-08
	7.256003981287405e-08
	6.642736169185609e-08
	6.48530305820725e-08
	6.891295021791464e-08
	7.193760107090931e-08
	6.881092292673261e-08
	5.89630053581689e-08
	4.560154174237433e-08
	3.193903975472847e-08
	1.890643950995148e-08
	6.171563666958271e-09
	-6.72876741902414e-09
	-2.070325824529607e-08
	-3.734080195748468e-08
	-5.624220617239972e-08
	-7.286031570418683e-08
	-8.364135811743779e-08
	-8.792555558482673e-08
	-8.815307308440797e-08
	-8.546544230277596e-08
	-8.12454342149809e-08
	-7.695300421026967e-08
	-7.014104136721817e-08
	-5.743939108409608e-08
	-3.73253341205677e-08
	-1.183780885574333e-08
	1.222573511530654e-08
	2.724687857321213e-08
	3.243232901972207e-08
	3.242018027124632e-08
	3.182632797027046e-08
	3.160912159321711e-08
	3.15472052662016e-08
	3.106655216639274e-08
	2.869655670974059e-08
	2.288936422407087e-08
	1.530625791595282e-08
	1.072018700572007e-08
	1.273027023676795e-08
	2.254925321507096e-08
	3.911606317566463e-08
	5.712910598988365e-08
	7.231982956930138e-08
	8.598165838551456e-08
	1.013425640932607e-07
	1.203317763591531e-07
	1.409059935982665e-07
	1.589037746361702e-07
	1.727997928599455e-07
	1.833710672784224e-07
	1.911908330578489e-07
	1.944781521737452e-07
	1.881810045696102e-07
	1.681087361944786e-07
	1.347150319731517e-07
	8.930900709607513e-08
	3.432897020034995e-08
	-2.537895386440394e-08
	-8.160352975206981e-08
	-1.260916924061334e-07
	-1.578333438551924e-07
	-1.808231695972556e-07
	-1.989083576810158e-07
	-2.149937472961369e-07
	-2.312441293252164e-07
	-2.459658088729264e-07
	-2.536757255057422e-07
	-2.518701666897411e-07
	-2.443540180360646e-07
	-2.340633838670881e-07
	-2.199174564891705e-07
	-2.020721825465536e-07
	-1.85110022123735e-07
	-1.709219408279455e-07
	-1.584923490598619e-07
	-1.502043683188399e-07
	-1.507122341553455e-07
	-1.532418199259944e-07
	-1.491436433041674e-07
	-1.362350662536862e-07
	-1.217342235437871e-07
	-1.149886539910286e-07
	-1.160060409641767e-07
	-1.202801759700293e-07
	-1.268484220968946e-07
	-1.320163337103783e-07
	-1.254838360317445e-07
	-1.031515316372551e-07
	-6.507533360946334e-08
	-1.744680052617187e-08
	3.528067935818633e-08
	9.206715615369033e-08
	1.484961730831424e-07
	1.970250888697322e-07
	2.331184248778696e-07
	2.5693640766232e-07
	2.704932872464588e-07
	2.757916750779097e-07
	2.747987982665864e-07
	2.680972722834855e-07
	2.560293458182671e-07
	2.407995479796494e-07
	2.273112675675776e-07
	2.160503388541966e-07
	2.052352798226283e-07
	1.940929997444598e-07
	1.808695843680563e-07
	1.639747143635255e-07
	1.431279678637341e-07
	1.195984414099818e-07
	9.406492122322982e-08
	6.693508044503185e-08
	4.034074726163215e-08
	1.673278002569073e-08
	-2.959755889845272e-09
	-2.004891436235077e-08
	-3.634753033495623e-08
	-5.363749440207914e-08
	-7.110723295020735e-08
	-8.783753542604712e-08
	-1.039969644583843e-07
	-1.196385346637609e-07
	-1.345330024343904e-07
	-1.483325830028821e-07
	-1.62394910487522e-07
	-1.764765453619789e-07
	-1.876901355286998e-07
	-1.904389429837856e-07
	-1.826384899303264e-07
	-1.664277177827043e-07
	-1.466221770336402e-07
	-1.255594319682037e-07
	-1.045725001805199e-07
	-8.255297629121949e-08
	-6.070948943896977e-08
	-4.124649195571871e-08
	-2.822054685346218e-08
	-2.580146405817297e-08
	-3.526412685534959e-08
	-5.557328592869382e-08
	-8.37594876445666e-08
	-1.174144225000003e-07
	-1.55477509129698e-07
	-1.949740681528143e-07
	-2.337509611611952e-07
	-2.716565882243353e-07
	-3.095313381570896e-07
	-3.475543249499271e-07
	-3.828818248997292e-07
	-4.114405220314866e-07
	-4.315278090674724e-07
	-4.424601126848766e-07
	-4.458413210022589e-07
	-4.433870002543103e-07
	-4.40609658732048e-07
	-4.347459414926143e-07
	-4.171295230598301e-07
	-3.845652019069684e-07
	-3.378183412644666e-07
	-2.798424608069489e-07
	-2.160918679931887e-07
	-1.51156572648585e-07
	-8.868295458431537e-08
	-3.209369517121008e-08
	1.697233957572303e-08
	5.8395349073538e-08
	9.414527152364853e-08
	1.236847357974909e-07
	1.419589470392647e-07
	1.452808211694635e-07
	1.354676675449692e-07
	1.180214421470605e-07
	9.715925917092825e-08
	7.697234985927571e-08
	6.163896839730799e-08
	4.979565449219327e-08
	4.001821030820505e-08
	2.968511075440888e-08
	1.674779274015652e-08
	3.501252951043886e-09
	-1.029296860827543e-08
	-2.112405109689558e-08
	-2.842870373735561e-08
	-3.120192780193567e-08
	-2.974240963515266e-08
	-2.692196551507065e-08
	-2.399070669923844e-08
	-2.137952436066105e-08
	-2.045334330426446e-08
	-2.251043239475973e-08
	-2.569229747398957e-08
	-2.558753933112809e-08
	-1.927234155949651e-08
	-9.694850793060724e-09
	-1.632815273232183e-09
	1.631432399842386e-09
	-1.465996238164162e-09
	-7.834704015152126e-09
	-7.156831991571677e-09
	3.02605122856122e-09
	1.912647453941702e-08
	3.48708101343763e-08
	4.440943135220457e-08
	4.788929264876563e-08
	5.028622082473833e-08
	5.6135246060461e-08
	6.56611633352028e-08
	7.672978979089419e-08
	8.540177910456265e-08
	8.808953201325264e-08
	8.377647418725207e-08
	7.55183383883054e-08
	6.944626259760346e-08
	6.951330491719647e-08
	7.465374796012232e-08
	7.927108523901488e-08
	7.74535420376536e-08
	6.795532203033429e-08
	5.396153628917798e-08
	3.972209399634219e-08
	2.848913159690867e-08
	2.211196883762037e-08
	1.935012686536799e-08
	1.710291864125217e-08
	1.586305869016979e-08
	1.692998972147865e-08
	1.928103431540361e-08
	2.208435457932419e-08
	2.432816964552454e-08
	2.61008701423572e-08
	2.714784752557751e-08
	2.927039418003565e-08
	3.310073632739767e-08
	3.894575887203549e-08
	4.657455061989173e-08
	5.441582696387016e-08
	6.076269354152961e-08
	6.338167496214488e-08
	6.130265100183987e-08
	5.829904479253857e-08
	5.456777331329868e-08
	5.077788197864299e-08
	4.763235568837845e-08
	4.325121446245074e-08
	3.328771479124457e-08
	1.461516522648995e-08
	-6.586038616838322e-09
	-2.098083279856137e-08
	-2.399052701655748e-08
	-1.802363618091316e-08
	-1.278201474236762e-08
	-1.125364165344198e-08
	-1.070045801022593e-08
	-7.657770781128266e-09
	-1.128588739493098e-09
	7.564277365515808e-09
	1.774361339266649e-08
	2.871801536111091e-08
	4.043120624903234e-08
	5.317409302091748e-08
	6.681433701260911e-08
	7.972767551694659e-08
	9.23979088163605e-08
	1.055520564204454e-07
	1.143612064180424e-07
	1.149965862429015e-07
	1.082456469646162e-07
	9.583807218097356e-08
	8.012392307585851e-08
	6.494052194200889e-08
	5.341450026725225e-08
	4.566643347395749e-08
	4.11303986429557e-08
	3.870578929213837e-08
	3.62012289726485e-08
	3.125909240085596e-08
	2.508357568514413e-08
	2.045416055345265e-08
	1.856282872104368e-08
	1.743047159634093e-08
	1.379335949370856e-08
	6.337074756018845e-09
	-4.871845793388811e-09
	-1.620908933801571e-08
	-2.329335421878735e-08
	-2.53988630902253e-08
	-2.398319328898349e-08
	-2.236122432959664e-08
	-2.358841084621611e-08
	-2.598517672326364e-08
	-2.678348265341669e-08
	-2.497436266862759e-08
	-2.240478412208148e-08
	-2.176499223021285e-08
	-2.485117838258666e-08
	-3.499715437438811e-08
	-5.037365365537943e-08
	-6.460105558163579e-08
	-7.538336821797463e-08
	-8.527880867243414e-08
	-9.537945891040444e-08
	-1.036137448319786e-07
	-1.08316067000525e-07
	-1.094799505977219e-07
	-1.078813186525607e-07
	-1.039715333870124e-07
	-9.870483025823737e-08
	-9.244256490678114e-08
	-8.329029729092467e-08
	-6.824710079188809e-08
	-4.640062351382201e-08
	-1.930667857406023e-08
	8.39195266585765e-09
	3.025207444595048e-08
	4.553655254998088e-08
	5.755276642997252e-08
	6.874516089612136e-08
	8.036678208803499e-08
	9.278038209836818e-08
	1.064072449540664e-07
	1.212285858366349e-07
	1.359424195825733e-07
	1.493654448660195e-07
	1.614041588769037e-07
	1.71337856049879e-07
	1.797750876069059e-07
	1.879176991825836e-07
	1.947470824234408e-07
	1.984873082329022e-07
	2.002950303674427e-07
	2.016961221557978e-07
	2.021342351500563e-07
	1.98854232630837e-07
	1.909693417331847e-07
	1.811363607655164e-07
	1.729389293555284e-07
	1.66930933749904e-07
	1.611831653975488e-07
	1.544342494035889e-07
	1.4521206002748e-07
	1.349369983388388e-07
	1.247705738374529e-07
	1.138070401110519e-07
	1.018597900028335e-07
	8.89510605754357e-08
	7.483323449853507e-08
	6.046679913184046e-08
	4.72575134069486e-08
	3.418310845845677e-08
	2.033806153004747e-08
	7.468869943046367e-09
	-2.939426381169252e-09
	-1.141099584594033e-08
	-2.034503731271144e-08
	-3.186287019645424e-08
	-4.557143015355207e-08
	-6.145133045921508e-08
	-7.958428191541132e-08
	-9.649099823881434e-08
	-1.086121263369816e-07
	-1.153990283484828e-07
	-1.178866311587383e-07
	-1.172042580503472e-07
	-1.150365358352734e-07
	-1.148617590587731e-07
	-1.171834295323195e-07
	-1.190145191311899e-07
	-1.208522176929747e-07
	-1.241199454172076e-07
	-1.264713274024035e-07
	-1.241965860447412e-07
	-1.175137944201142e-07
	-1.086950148488918e-07
	-9.736039354336707e-08
	-8.271053755597764e-08
	-6.823522944978609e-08
	-5.527586821524864e-08
	-4.494053890809037e-08
	-3.805622684620576e-08
	-3.478088593623126e-08
	-3.572680309204888e-08
	-4.324554899088168e-08
	-5.778541982082598e-08
	-7.616436120103855e-08
	-9.48318089239261e-08
	-1.115866473085455e-07
	-1.275521182952565e-07
	-1.451714878622203e-07
	-1.629059351161175e-07
	-1.806851222212486e-07
	-1.983271723081616e-07
	-2.181333938705732e-07
	-2.406541214791152e-07
	-2.616267283682095e-07
	-2.763963467178779e-07
	-2.849783971206741e-07
	-2.902450738985538e-07
	-2.933662342076459e-07
	-2.941012313019745e-07
	-2.920947528927822e-07
	-2.885378856579518e-07
	-2.826082375822921e-07
	-2.723462148605517e-07
	-2.607591417926011e-07
	-2.487709262016688e-07
	-2.349418335837668e-07
	-2.181676095344326e-07
	-1.975456997850667e-07
	-1.725813515813926e-07
	-1.432997871437664e-07
	-1.104230264348679e-07
	-7.465825583065689e-08
	-3.615248616325932e-08
	2.794941445209403e-09
	3.935262963172237e-08
	7.092218522760444e-08
	9.839406404568589e-08
	1.24912802729022e-07
	1.505540873486281e-07
	1.742818540019754e-07
	1.949027401504873e-07
	2.125559036143122e-07
	2.275165007620965e-07
	2.380135974066495e-07
	2.378722447135129e-07
	2.217542658009159e-07
	1.941120685523228e-07
	1.674174324117478e-07
	1.479589078600727e-07
	1.344926670386674e-07
	1.230814346712051e-07
	1.112040304950935e-07
	9.748736378799946e-08
	8.126735481692964e-08
	6.343512027586812e-08
	4.451857523456155e-08
	2.574193450132185e-08
	8.96032615505468e-09
	-6.008149003538916e-09
	-2.169090851274266e-08
	-3.816785136743019e-08
	-5.228298955253923e-08
	-6.198660062052614e-08
	-6.634891532604597e-08
	-6.668311385641584e-08
	-6.647995388660378e-08
	-6.801679779771605e-08
	-7.197923234895753e-08
	-7.715090134573125e-08
	-8.117430234900195e-08
	-8.308074827576882e-08
	-8.371124521475015e-08
	-8.348544512613728e-08
	-8.437351033795619e-08
	-8.840225770133455e-08
	-9.362018852534521e-08
	-9.707414585283884e-08
	-9.540970428748497e-08
	-8.657582710873062e-08
	-7.427010922284702e-08
	-6.378181889585359e-08
	-5.762597713421942e-08
	-5.451159837975064e-08
	-5.1620077567276e-08
	-4.899904318235694e-08
	-4.880040145114382e-08
	-5.040568414146219e-08
	-5.109532950086325e-08
	-5.093704387121771e-08
	-5.126897467904659e-08
	-5.087700501863904e-08
	-4.639331168484121e-08
	-3.836809029004867e-08
	-3.193859997674292e-08
	-3.075002829850286e-08
	-3.329598062394226e-08
	-3.616473864751214e-08
	-3.627111328950656e-08
	-3.356286970189514e-08
	-2.923454415207773e-08
	-2.510781611907229e-08
	-2.175291821210446e-08
	-1.833564576256711e-08
	-1.282902069596701e-08
	-4.743741398655452e-09
	4.907708892824316e-09
	1.281542902776792e-08
	1.810425191235738e-08
	2.25531281411993e-08
	2.429404990217803e-08
	2.265050881858856e-08
	1.981338034458337e-08
	1.866744868250793e-08
	1.899248511194716e-08
	2.016138390850336e-08
	2.148220889339454e-08
	2.023372595898826e-08
	1.574176433227909e-08
	9.825744755116597e-09
	4.584438796968842e-09
	-2.481115346813902e-11
	-3.688781455819307e-09
	-6.028551094897466e-09
	-6.617118255445058e-09
	-6.456501288499125e-09
	-6.433899101277366e-09
	-5.63893783513007e-09
	-3.908504535292821e-09
	-2.754285473002969e-09
	-2.601815644301681e-09
	-1.717916067093066e-09
	2.461000361435573e-09
	9.402773051833048e-09
	1.605296610068804e-08
	2.241073785290944e-08
	2.908734667755507e-08
	3.150012703737061e-08
	2.580262390949799e-08
	1.874262273047644e-08
	1.97661994254626e-08
	3.167009603986937e-08
	4.795975431743413e-08
	6.253446670488903e-08
	7.758875597463652e-08
	8.606399262833712e-08
	7.896853475539878e-08
	6.003122359266214e-08
	4.222864169184943e-08
	3.560313514445028e-08
	3.816846635793596e-08
	4.144280797795941e-08
	4.140440507433558e-08
	3.779192666995575e-08
	2.841175610713251e-08
	1.481887244762297e-08
	2.269276850466877e-09
	-7.736833372792704e-09
	-1.880721170790786e-08
	-3.25145213209942e-08
	-4.789249272291753e-08
	-6.281524700802991e-08
	-7.713219034309138e-08
	-9.184871593862946e-08
	-1.051719674516013e-07
	-1.161992068914396e-07
	-1.240512636379145e-07
	-1.277993381633077e-07
	-1.282224278773504e-07
	-1.275731549926009e-07
	-1.248407014637207e-07
	-1.169095277543174e-07
	-1.06103762091232e-07
	-9.824618085985403e-08
	-9.589877175481968e-08
	-9.690094904881343e-08
	-9.82102690891508e-08
	-9.650481641257775e-08
	-9.037853682857961e-08
	-8.03057015446663e-08
	-6.881952385938314e-08
	-5.964716661827473e-08
	-5.347869651245458e-08
	-4.822930692280568e-08
	-4.141831784494831e-08
	-3.37501742198291e-08
	-2.843546962565713e-08
	-2.680062632404339e-08
	-2.803512706666274e-08
	-3.020721102738348e-08
	-3.137950230836929e-08
	-3.077148052234858e-08
	-3.095676592744927e-08
	-3.343045413767334e-08
	-3.75698265686864e-08
	-4.236440936859954e-08
	-4.630319161041092e-08
	-4.732032447793285e-08
	-4.704105188804808e-08
	-4.941848732568027e-08
	-5.547287475664311e-08
	-6.263209937808997e-08
	-6.468033765528645e-08
	-5.597013988186389e-08
	-3.922740383107192e-08
	-2.575609484779646e-08
	-2.305279185495852e-08
	-2.70900532216821e-08
	-2.859601724928553e-08
	-2.205425886074576e-08
	-1.018556287745708e-08
	2.192410808902228e-09
	1.105647475669308e-08
	1.350857374981623e-08
	1.173880017788983e-08
	1.032718168156967e-08
	1.344660496752369e-08
	2.243855945072762e-08
	3.36662076911574e-08
	4.294866832394198e-08
	4.89235865056406e-08
	5.349792843019133e-08
	5.860480071945107e-08
	6.540732295748897e-08
	7.478248440683633e-08
	8.581096161728547e-08
	9.416162415876042e-08
	9.932190426355043e-08
	1.052651477134732e-07
	1.144952032861255e-07
	1.261905419246326e-07
	1.374140402892622e-07
	1.476656515746525e-07
	1.591549823732201e-07
	1.730700919655652e-07
	1.851017093559395e-07
	1.889574649234567e-07
	1.848143939832246e-07
	1.776887231227518e-07
	1.712144106133757e-07
	1.646776812016228e-07
	1.569555729987403e-07
	1.473160879854337e-07
	1.363533607058559e-07
	1.226788346284993e-07
	1.052292182686613e-07
	8.813138782084978e-08
	7.573742902262062e-08
	6.533617381115694e-08
	5.521222321480139e-08
	4.731402980112567e-08
	4.524828709641254e-08
	4.956503040795329e-08
	5.726344503899618e-08
	6.279172465629418e-08
	6.108826354160509e-08
	5.028433994490225e-08
	3.422162809319879e-08
	1.950399120209335e-08
	9.948097319783744e-09
	3.464844308743376e-09
	-4.457781553532425e-09
	-1.541153573504846e-08
	-2.735902963397235e-08
	-4.026445182473777e-08
	-5.501458585593198e-08
	-7.02418472799088e-08
	-8.396413444592585e-08
	-9.566536903826848e-08
	-1.067307661309621e-07
	-1.184298000773959e-07
	-1.321980142645225e-07
	-1.488073376333007e-07
	-1.663901691803077e-07
	-1.813488161220101e-07
	-1.909379077621506e-07
	-1.955606569688728e-07
	-1.979560878705227e-07
	-2.005584891552802e-07
	-2.034054156487618e-07
	-2.044449832707923e-07
	-2.028245407158241e-07
	-1.97562239357092e-07
	-1.901250431138796e-07
	-1.828857552970209e-07
	-1.745615974850719e-07
	-1.634710811758151e-07
	-1.490796370979927e-07
	-1.328604157600851e-07
	-1.166612075831403e-07
	-1.01329045744832e-07
	-8.545126606706894e-08
	-6.923653654827881e-08
	-5.38817209169745e-08
	-3.745404083692776e-08
	-1.771529564563259e-08
	2.684645217205256e-09
	2.041523841093857e-08
	3.527514504505603e-08
	5.006583897204601e-08
	6.590455803495948e-08
	8.233932146019939e-08
	9.811532360724534e-08
	1.133678139170342e-07
	1.275859962641238e-07
	1.376801049415888e-07
	1.430966517661396e-07
	1.450831290326984e-07
	1.491243601575817e-07
	1.517310738187412e-07
	1.465036983642929e-07
	1.371352771544271e-07
	1.318660821089429e-07
	1.313820669740904e-07
	1.345733119851359e-07
	1.394228206126593e-07
	1.398393293435274e-07
	1.32813453735031e-07
	1.207939487376349e-07
	1.07934462250751e-07
	1.008287604305576e-07
	9.861581356619311e-08
	9.655617497496819e-08
	9.21174592768749e-08
	8.6398535895131e-08
	8.169712270410495e-08
	7.803583932116004e-08
	7.291969033712322e-08
	6.664157424292828e-08
	6.117181287178782e-08
	5.905600922990873e-08
	6.042840330074411e-08
	6.350262061048213e-08
	6.540487618535144e-08
	6.447358017682454e-08
	6.11841503530193e-08
	5.483088734919141e-08
	4.675746598028212e-08
	4.242394082032238e-08
	4.465378628110995e-08
	4.937011329824765e-08
	5.072888564284012e-08
	4.531731542737308e-08
	3.687759264556384e-08
	3.057375095630085e-08
	2.658147457386466e-08
	2.361376345231874e-08
	2.067232716039727e-08
	1.755906258936134e-08
	1.369058867363905e-08
	6.912979397425005e-09
	-3.395088997428091e-09
	-1.698818087412815e-08
	-3.173212271385627e-08
	-4.503727546074443e-08
	-5.635070247297547e-08
	-6.547542779616413e-08
	-7.367287122594807e-08
	-8.346780538065904e-08
	-9.731875928426132e-08
	-1.155123769488605e-07
	-1.351749142875532e-07
	-1.536772379096502e-07
	-1.698765368253898e-07
	-1.828372439090478e-07
	-1.931700694049298e-07
	-2.03259447454363e-07
	-2.146673249313095e-07
	-2.252858009888562e-07
	-2.335483987553156e-07
	-2.385613534791714e-07
	-2.396491150240239e-07
	-2.378123475475154e-07
	-2.343939198326937e-07
	-2.285149554649531e-07
	-2.201027122340704e-07
	-2.099075111603055e-07
	-1.978538495903545e-07
	-1.858908610626634e-07
	-1.761266182765308e-07
	-1.679898067622837e-07
	-1.601958438828375e-07
	-1.51286057595143e-07
	-1.415037129593627e-07
	-1.303996725876218e-07
	-1.188499812829593e-07
	-1.084129041014295e-07
	-9.84212158527121e-08
	-8.835586255352611e-08
	-7.556193288361098e-08
	-5.858033744699658e-08
	-3.904181920303523e-08
	-2.11293516836968e-08
	-8.883488335141931e-09
	-6.883498470893373e-09
	-1.419146696516825e-08
	-2.021712461779243e-08
	-1.714293866168038e-08
	-6.278746173956077e-09
	7.866459839883729e-09
	2.300297234028512e-08
	3.62427314497143e-08
	4.637266458170946e-08
	5.638529828119221e-08
	6.480098412853137e-08
	6.694850722575925e-08
	6.118178336502213e-08
	4.964246008088063e-08
	4.234653126391015e-08
	4.352554782514049e-08
	4.957516949591663e-08
	5.765717431447292e-08
	6.144657406329927e-08
	5.888706261183539e-08
	5.440126374036848e-08
	5.228424970076647e-08
	5.265472276291394e-08
	5.233381103278779e-08
	4.904041950960359e-08
	4.344241442358881e-08
	3.831142756590302e-08
	3.5923941828827e-08
	3.768931502635095e-08
	4.358288659139695e-08
	5.289729855133055e-08
	6.305241298865765e-08
	7.021761424856342e-08
	7.189780017531658e-08
	6.878594230454407e-08
	6.417666846349229e-08
	6.26572376366556e-08
	6.667359740827978e-08
	7.573109221621069e-08
	8.529419889088224e-08
	9.230826985230232e-08
	9.465640403634443e-08
	9.232207572775954e-08
	8.462525818493515e-08
	7.470018324054553e-08
	6.741841522125297e-08
	6.341963123566912e-08
	6.179221605052508e-08
	6.07459268586615e-08
	5.762692181963522e-08
	5.27384328167434e-08
	4.806051245335879e-08
	4.243851080161465e-08
	3.034291080027554e-08
	1.016893316443643e-08
	-1.203592971035693e-08
	-2.935998737105999e-08
	-3.724189868810121e-08
	-4.23147461274365e-08
	-5.779226638940465e-08
	-8.083313729610022e-08
	-1.002426320241184e-07
	-1.134891770749165e-07
	-1.22372309803515e-07
	-1.315494119359511e-07
	-1.453212572679074e-07
	-1.611151263252181e-07
	-1.733237190934387e-07
	-1.807940156108544e-07
	-1.82528187238784e-07
	-1.803956482715609e-07
	-1.777925295803141e-07
	-1.746967190871358e-07
	-1.694571460815106e-07
	-1.614561734284206e-07
	-1.517226749489283e-07
	-1.447584088405641e-07
	-1.443549009524004e-07
	-1.487409508785424e-07
	-1.500354205735983e-07
	-1.441634010945205e-07
	-1.346497894941827e-07
	-1.246142451337044e-07
	-1.140397714607137e-07
	-1.036630677630933e-07
	-9.369737729013328e-08
	-8.26728644936064e-08
	-7.281165121739935e-08
	-6.70582271350836e-08
	-6.323361338139241e-08
	-5.924102109618997e-08
	-5.763591452930169e-08
	-5.987822425460268e-08
	-6.348582059974559e-08
	-6.537224958582494e-08
	-6.374656663832516e-08
	-5.929811977273949e-08
	-5.331963186609375e-08
	-4.51321411547056e-08
	-3.453699731692425e-08
	-2.199960529816394e-08
	-9.507167804339847e-09
	5.984131452632453e-10
	7.156688561437669e-09
	1.000653031099388e-08
	1.15238045726479e-08
	1.553338920547307e-08
	2.380270455064676e-08
	3.509224553329954e-08
	4.748534509873211e-08
	5.803787872633153e-08
	6.512036130361902e-08
	7.145134839497326e-08
	8.045557526762927e-08
	9.413540071062431e-08
	1.091466298085382e-07
	1.197795250371467e-07
	1.243725480319424e-07
	1.251639822543651e-07
	1.247105776276687e-07
	1.247482848693546e-07
	1.24978931816897e-07
	1.23414389878013e-07
	1.185032381487425e-07
	1.129451133608636e-07
	1.107288261410553e-07
	1.115197200599565e-07
	1.123113555001291e-07
	1.08237648874962e-07
	9.696394370591106e-08
	8.210178732901384e-08
	6.860613987294939e-08
	5.706495576746268e-08
	4.625428306775674e-08
	3.618943298863566e-08
	2.833099981692723e-08
	2.231986159433236e-08
	1.544508854577156e-08
	3.718314947182883e-09
	-1.434345509887777e-08
	-3.647060145468874e-08
	-5.78974168932167e-08
	-7.324939731553152e-08
	-8.224015820243091e-08
	-9.068911186822005e-08
	-1.036162240462157e-07
	-1.207378922670378e-07
	-1.381748373004487e-07
	-1.513708070081284e-07
	-1.575649158775297e-07
	-1.59407082576968e-07
	-1.58855576674888e-07
	-1.57496116993698e-07
	-1.53560067107682e-07
	-1.446220024597571e-07
	-1.334850732092384e-07
	-1.229814316377648e-07
	-1.12849150748945e-07
	-1.020595616439073e-07
	-9.00996010480089e-08
	-7.810300566562328e-08
	-6.810539370716164e-08
	-6.418308934196812e-08
	-6.318451521609439e-08
	-6.240239544180212e-08
	-6.331929235022229e-08
	-6.473540693539469e-08
	-6.649003318945015e-08
	-6.748231295084343e-08
	-6.619597919520223e-08
	-6.213709414644086e-08
	-5.624186584735159e-08
	-5.004411001765724e-08
	-4.427975499560017e-08
	-3.911487152666638e-08
	-3.683354745114481e-08
	-4.041282147403585e-08
	-4.955292927341218e-08
	-5.990841992970439e-08
	-6.786496364009142e-08
	-7.191373575733425e-08
	-7.263916735931356e-08
	-6.891230798015187e-08
	-5.950956391721557e-08
	-4.638261383299219e-08
	-3.214485512872193e-08
	-1.902562100872107e-08
	-9.901966791676058e-09
	-6.743129075816666e-09
	-7.073589508761965e-09
	-9.194771185758534e-09
	-1.207048940346698e-08
	-1.338142732778193e-08
	-1.06265014448905e-08
	-3.47422591916354e-09
	5.296807716995353e-09
	1.381983888365218e-08
	2.185354421923675e-08
	2.868974229084847e-08
	3.536887132320165e-08
	4.167616123250904e-08
	4.63878219812363e-08
	4.667407985537226e-08
	4.129413210317077e-08
	3.492390288037701e-08
	3.412013350817809e-08
	3.970408864487287e-08
	4.944028243667611e-08
	6.106781085127018e-08
	6.965002880814601e-08
	6.963301211572489e-08
	6.319222495217452e-08
	5.582454830245355e-08
	5.451390689075479e-08
	5.599483140626349e-08
	5.205444472496345e-08
	4.179263278483986e-08
	2.972578410155763e-08
	1.85567045575895e-08
	1.06657122950169e-08
	7.249007634240663e-09
	8.22462249987832e-09
	1.122416841140481e-08
	1.183540775804444e-08
	9.327168206011337e-09
	7.075538239665077e-09
	7.035728778945064e-09
	8.54620153286176e-09
	9.993880720947037e-09
	1.387177938245572e-08
	2.152416439469917e-08
	2.827635509172799e-08
	3.332117143993973e-08
	3.916826652114964e-08
	4.573929010879806e-08
	5.338448320293939e-08
	6.293464134771816e-08
	7.233579500525334e-08
	7.938576227408874e-08
	8.281020070363784e-08
	8.033229268093007e-08
	7.073161854448338e-08
	5.502703859164164e-08
	3.699247952256359e-08
	2.014174559223996e-08
	5.487894639938772e-09
	-6.696294795420753e-09
	-1.656250207873843e-08
	-2.513875306405923e-08
	-3.662228772417784e-08
	-5.206126636219219e-08
	-7.257611020703301e-08
	-9.645184908290019e-08
	-1.166093188098885e-07
	-1.263171575592294e-07
	-1.256562843099657e-07
	-1.222238756383829e-07
	-1.199932819895901e-07
	-1.166006238184014e-07
	-1.1067686241324e-07
	-1.045390178038197e-07
	-9.930430657359004e-08
	-9.672418100361209e-08
	-1.002512678343848e-07
	-1.050524281134913e-07
	-1.069930210646859e-07
	-1.070981323778733e-07
	-1.068886436140329e-07
	-1.071431021230936e-07
	-1.058399654822006e-07
	-1.024570923534125e-07
	-1.018051319911651e-07
	-1.055794056720307e-07
	-1.0884121195522e-07
	-1.075091285684298e-07
	-1.007325320152265e-07
	-9.013632711168201e-08
	-7.796398462619465e-08
	-6.611804935928045e-08
	-5.749726423344728e-08
	-5.260505924180684e-08
	-4.79831588928117e-08
	-4.016572960784302e-08
	-3.043055596484073e-08
	-2.152835028734258e-08
	-1.177105989534372e-08
	1.643088004220044e-09
	1.729106523808691e-08
	3.118751969580959e-08
	4.393704472822198e-08
	5.673498896050319e-08
	6.894545727763563e-08
	7.906845416030368e-08
	8.599621372951541e-08
	8.972886348616855e-08
	9.131784858725772e-08
	9.15240152881174e-08
	9.164764775378894e-08
	9.407904235082377e-08
	9.88218140947925e-08
	1.021076259260208e-07
	1.011589569168961e-07
	9.78110194219543e-08
	9.173137404498963e-08
	8.314856464736188e-08
	7.422221701978584e-08
	6.488236626041872e-08
	5.595604593861353e-08
	4.743466786293617e-08
	3.901448716922826e-08
	3.011592807288905e-08
	2.175611846577302e-08
	1.45513682151795e-08
	7.695069218362913e-09
	-5.085033127365015e-10
	-8.556107848946692e-09
	-1.427369187290622e-08
	-1.683165999015038e-08
	-1.513435849597673e-08
	-9.425855698253118e-09
	-2.263502821020102e-09
	2.262628428493413e-09
	9.518248558756447e-11
	-1.035293821979537e-08
	-2.652415285672979e-08
	-4.020526901736541e-08
	-4.479036653097053e-08
	-4.128718809127585e-08
	-3.635415253756373e-08
	-3.193699691025773e-08
	-2.987985732462829e-08
	-3.27907751952137e-08
	-4.141293727365122e-08
	-5.201013779263083e-08
	-6.003617319414245e-08
	-6.258054041397031e-08
	-5.910870518065598e-08
	-5.207377519766148e-08
	-4.526857109147467e-08
	-4.091067350682486e-08
	-4.002487894761109e-08
	-4.723227245394383e-08
	-5.998890379823713e-08
	-6.89121867494412e-08
	-6.975730935630441e-08
	-6.557022303399272e-08
	-6.241302741153884e-08
	-6.439634119011583e-08
	-6.936145257966387e-08
	-7.042217452888035e-08
	-6.561004462385214e-08
	-5.885310349893899e-08
	-5.325167949823512e-08
	-4.870444021673271e-08
	-4.54611664009012e-08
	-4.315647495155062e-08
	-4.230297729943412e-08
	-4.324739655407776e-08
	-4.414636847071035e-08
	-4.31637086637836e-08
	-4.285325697678184e-08
	-4.800013210838955e-08
	-5.815292960022332e-08
	-6.858143563422836e-08
	-7.538205964361985e-08
	-7.693308505325301e-08
	-7.503633049068566e-08
	-7.376781099402268e-08
	-7.44716026330547e-08
	-7.422190454324615e-08
	-7.342847315159943e-08
	-7.455267600079815e-08
	-7.519162115879091e-08
	-7.131846687644415e-08
	-6.166321311429149e-08
	-4.982616942104652e-08
	-3.957638185657623e-08
	-3.561344071101666e-08
	-4.071563614222884e-08
	-4.589558944006567e-08
	-4.470218956634303e-08
	-3.848559411287774e-08
	-3.117545436370846e-08
	-2.335758231313107e-08
	-1.550786924814858e-08
	-9.232320323420824e-09
	-5.526034257423505e-09
	-2.941036003549072e-09
	-1.400786547152382e-09
	-2.965097835765975e-09
	-8.202631039730485e-09
	-1.33859700995487e-08
	-1.445364712809625e-08
	-1.009430114979334e-08
	-2.373353044464459e-09
	5.051579918638958e-09
	9.657809656484199e-09
	1.184960954006252e-08
	1.375299895489412e-08
	1.693404373878542e-08
	2.130385161069767e-08
	2.57785560111248e-08
	2.837153165878623e-08
	2.967828254212494e-08
	3.203268631808169e-08
	3.558678253868904e-08
	3.696549575545508e-08
	3.519705407403188e-08
	3.278964346432978e-08
	3.066025358740676e-08
	2.875258802754387e-08
	2.665599345886792e-08
	2.483024522409707e-08
	2.375971185952493e-08
	2.17840406289683e-08
	1.84583329583761e-08
	1.694163297838897e-08
	1.715692790498538e-08
	1.93930249819517e-08
	2.24225188069779e-08
	2.146615629974291e-08
	1.478792757888722e-08
	5.784411434150691e-09
	-2.399644545984239e-09
	-9.369085455516321e-09
	-1.588583483664377e-08
	-2.185173351300866e-08
	-2.816021370298794e-08
	-3.498699851687875e-08
	-3.981097803541985e-08
	-3.891720480202381e-08
	-3.543044876114384e-08
	-3.56735279340689e-08
	-4.14083661748339e-08
	-4.770495148074468e-08
	-5.218275578969277e-08
	-5.279438130114659e-08
	-4.920448601838503e-08
	-4.434791767541702e-08
	-4.18780961314244e-08
	-4.30196895785653e-08
	-4.532654119678188e-08
	-4.810116554348661e-08
	-4.991672811543884e-08
	-4.936895367651925e-08
	-4.625427955032918e-08
	-4.333604250601434e-08
	-4.163484537616472e-08
	-3.895056984371058e-08
	-3.529576491949364e-08
	-3.384734516949217e-08
	-3.711728157561454e-08
	-4.419959171834713e-08
	-5.111004992991686e-08
	-5.44938561026403e-08
	-5.443412981141112e-08
	-5.308372061368383e-08
	-5.355660564879718e-08
	-5.752258213096191e-08
	-6.274012209875606e-08
	-6.558082875040537e-08
	-6.293507664890281e-08
	-5.655002567938333e-08
	-4.8912662929545e-08
	-3.791616022618753e-08
	-1.959215660693366e-08
	2.718965874944083e-10
	1.394652468645016e-08
	2.145419686085758e-08
	2.445385128955249e-08
	2.491585842156528e-08
	2.939546914285141e-08
	3.874161600493552e-08
	4.664181103443151e-08
	4.684801965500479e-08
	3.937194944465111e-08
	3.119696323974505e-08
	2.822166841565585e-08
	3.215719149996052e-08
	4.278609183337116e-08
	5.733350326953189e-08
	7.088009572937459e-08
	7.780289946211485e-08
	7.615368420278138e-08
	6.876446089694956e-08
	6.009492161027412e-08
	5.294628070182383e-08
	4.670526548771509e-08
	3.699086171468377e-08
	2.317061966855009e-08
	9.471397190103431e-09
	-1.287936206634541e-10
	-6.375960757404944e-09
	-1.436642753007868e-08
	-2.629544696957504e-08
	-4.112098829704987e-08
	-5.896680984918412e-08
	-7.842814198660967e-08
	-9.72940849896792e-08
	-1.162460125397346e-07
	-1.361123460495662e-07
	-1.552409955105318e-07
	-1.70467577006323e-07
	-1.786183113643654e-07
	-1.817333418799327e-07
	-1.825845499791548e-07
	-1.819264188017984e-07
	-1.797927052513207e-07
	-1.769793941601822e-07
	-1.734557638790458e-07
	-1.673347862973107e-07
	-1.528902201120921e-07
	-1.300804062964997e-07
	-1.078622102860821e-07
	-9.171898705498403e-08
	-7.795311791945615e-08
	-6.086524206941455e-08
	-3.932834409988272e-08
	-1.706904549339035e-08
	1.988492392107843e-09
	1.770417619331897e-08
	3.387069783103615e-08
	5.183945177924503e-08
	6.69386349884389e-08
	7.598572473502398e-08
	8.142937284452022e-08
	8.610302327151174e-08
	9.046672774929747e-08
	9.588886578815005e-08
	1.028023473297696e-07
	1.081889185692353e-07
	1.061006184688978e-07
	9.605416317967245e-08
	8.184114079565376e-08
	6.644849873775999e-08
	5.119499879863654e-08
	3.635709276053379e-08
	2.24334467207704e-08
	9.675752023275721e-09
	-3.145496402358418e-09
	-1.735673478235768e-08
	-3.471869890150341e-08
	-5.628190150479805e-08
	-8.262418645069996e-08
	-1.080986417549981e-07
	-1.267767027810346e-07
	-1.387872083897554e-07
	-1.514738405732209e-07
	-1.665660789402226e-07
	-1.802660214941825e-07
	-1.889248645912192e-07
	-1.920213563662338e-07
	-1.926721408977727e-07
	-1.93802141408391e-07
	-1.933778714537533e-07
	-1.871975190775121e-07
	-1.781510406315845e-07
	-1.711885888139957e-07
	-1.666187725579288e-07
	-1.594196633433192e-07
	-1.457592064299216e-07
	-1.273775911086128e-07
	-1.091100153760784e-07
	-9.521092903073632e-08
	-8.603959088239889e-08
	-7.829086244661989e-08
	-6.917767884998246e-08
	-5.927465682011367e-08
	-5.033317318912823e-08
	-4.283271669037926e-08
	-3.296235958812662e-08
	-1.832628254147605e-08
	-5.397752425934931e-09
	3.204071053138516e-09
	9.139000236539147e-09
	1.429689176133637e-08
	2.067329098419983e-08
	3.173302144848295e-08
	4.505745546766246e-08
	5.508394635371097e-08
	6.044308859079221e-08
	6.468856590787143e-08
	7.113734948809611e-08
	7.745463375544721e-08
	8.127066254596479e-08
	8.270275198365901e-08
	8.267896707979187e-08
	8.170147502504809e-08
	7.987336576435511e-08
	7.770059251996292e-08
	7.537268980429122e-08
	7.326053352627213e-08
	7.285313693247018e-08
	7.624346801046964e-08
	8.474172481755102e-08
	9.378705731214477e-08
	9.756162201974081e-08
	9.404845598701165e-08
	8.638999969065447e-08
	7.898277552031957e-08
	7.441847318777854e-08
	7.428236060365118e-08
	7.446413391242065e-08
	7.096646416806016e-08
	6.633156135627227e-08
	6.437092515732935e-08
	6.135055886505028e-08
	5.741897711020538e-08
	5.296972602745806e-08
	4.802853308767188e-08
	4.104715879792416e-08
	3.15349220496063e-08
	2.098638116174169e-08
	1.306023839187816e-08
	8.792905723481971e-09
	4.04449616715782e-09
	-4.724109966748888e-09
	-1.759847349127602e-08
	-3.182354236831634e-08
	-4.44024677169251e-08
	-5.136709577864039e-08
	-5.099228253845409e-08
	-4.687140266174811e-08
	-4.328322931543624e-08
	-4.215712563014018e-08
	-4.545791481102044e-08
	-5.175087594659065e-08
	-5.687802762147165e-08
	-5.860949533728506e-08
	-5.771296692084207e-08
	-5.661227013462666e-08
	-5.705472563007859e-08
	-5.724864576998492e-08
	-5.57547220015919e-08
	-5.111461494136956e-08
	-4.383136472956472e-08
	-3.560705688466738e-08
	-2.870432270638304e-08
	-2.366935566717019e-08
	-1.998732422833939e-08
	-1.747512620255376e-08
	-1.679769346389252e-08
	-1.715817911448663e-08
	-1.888014872020817e-08
	-2.137677317985686e-08
	-2.456314931805018e-08
	-2.812103792526795e-08
	-2.983883728943284e-08
	-2.967656410729841e-08
	-2.921306681480198e-08
	-3.037380475653222e-08
	-3.226896346179791e-08
	-3.428367935861695e-08
	-3.665456640556869e-08
	-4.04742105169031e-08
	-4.640756468990537e-08
	-5.554736603528402e-08
	-6.699272693160255e-08
	-7.76816708532484e-08
	-8.482313992308665e-08
	-8.826372010065109e-08
	-9.017451202423978e-08
	-9.305448759493277e-08
	-9.858912227616547e-08
	-1.061070370912301e-07
	-1.133559741653237e-07
	-1.188002477232229e-07
	-1.22007626418041e-07
	-1.234477660871938e-07
	-1.24650108134968e-07
	-1.244830187568783e-07
	-1.215255410145401e-07
	-1.155562829996887e-07
	-1.080648013685382e-07
	-1.014168803714308e-07
	-9.614234073626812e-08
	-9.123967002939379e-08
	-8.484818643487842e-08
	-7.71926321470642e-08
	-6.945159174838648e-08
	-5.982945995505426e-08
	-4.501277620240963e-08
	-2.525640046671342e-08
	-3.269060850643382e-09
	1.614032330997616e-08
	2.729694944880101e-08
	3.148664230107613e-08
	3.591628088715974e-08
	4.308288452448689e-08
	5.385317947078732e-08
	6.984434132847991e-08
	8.815580449715857e-08
	1.039858435788978e-07
	1.149000550212333e-07
	1.217254841285816e-07
	1.276165026981754e-07
	1.336920812184638e-07
	1.385529978911886e-07
	1.402271003885394e-07
	1.408433800037745e-07
	1.447146089537647e-07
	1.513385195017618e-07
	1.566675765632733e-07
	1.586134564040775e-07
	1.554671746771003e-07
	1.47834536143212e-07
	1.393645325792402e-07
	1.314096048609355e-07
	1.214821225664439e-07
	1.081196710771178e-07
	9.306539755358219e-08
	7.973816977857629e-08
	7.006914377136352e-08
	6.21877133499388e-08
	5.34893069896769e-08
	4.566406690362209e-08
	3.984582949844051e-08
	3.384078615239511e-08
	2.707611937598154e-08
	2.13226682818515e-08
	1.754740532382523e-08
	1.596206095968963e-08
	1.651750676088118e-08
	1.5291320704701e-08
	1.024785909750181e-08
	4.955300900700572e-09
	2.139021762482285e-09
	1.305053292450401e-09
	-1.028581877172189e-09
	-6.593253026776871e-09
	-1.37266042053709e-08
	-2.354784727926183e-08
	-3.718804277599762e-08
	-5.063002065091231e-08
	-5.76699340222464e-08
	-5.735788651818585e-08
	-5.1744114803997e-08
	-4.202033152082565e-08
	-3.426321358992977e-08
	-3.421289018973524e-08
	-3.992548327650415e-08
	-4.668939498607028e-08
	-5.178576429069104e-08
	-5.048496173663566e-08
	-4.124592153985497e-08
	-2.867317575310493e-08
	-2.149630744912464e-08
	-2.651388456704504e-08
	-3.865307145495832e-08
	-5.152861635804231e-08
	-6.331713291639866e-08
	-7.534126980676963e-08
	-8.59602076142283e-08
	-9.189106775049424e-08
	-9.195906120691961e-08
	-9.048585775130047e-08
	-9.103247218281578e-08
	-9.517558414398219e-08
	-1.037066580186197e-07
	-1.149510347867119e-07
	-1.242063689784434e-07
	-1.275880249311067e-07
	-1.239837518612618e-07
	-1.120850565059807e-07
	-9.674930192319492e-08
	-8.576418379310967e-08
	-8.021379019014481e-08
	-7.930759045970091e-08
	-8.239202099504954e-08
	-8.561535205351519e-08
	-8.532162260025298e-08
	-8.025339707795518e-08
	-7.140234169207567e-08
	-6.003684271649706e-08
	-4.799301360579328e-08
	-3.816748400082454e-08
	-3.046923303374152e-08
	-2.264052090800673e-08
	-1.242142981410929e-08
	-1.34188530784395e-09
	8.650699647929741e-09
	1.471461187806889e-08
	1.686809769170129e-08
	1.788839756443519e-08
	2.059353940238767e-08
	2.558688356853157e-08
	3.205708881498392e-08
	3.90952800884651e-08
	4.504090209765849e-08
	4.790345371228735e-08
	4.779013948353495e-08
	4.643363951812236e-08
	4.417088621406421e-08
	4.122603352292232e-08
	3.856214592574186e-08
	3.686085236910498e-08
	3.717886677644468e-08
	4.017325432137971e-08
	4.540564702054692e-08
	5.093839140518288e-08
	5.739926694335126e-08
	6.658041714265308e-08
	7.639128453637669e-08
	8.185141702511982e-08
	7.984907986372112e-08
	7.229695227800394e-08
	6.212287620433151e-08
	5.301161299825095e-08
	4.702789657783924e-08
	4.539646840566838e-08
	4.800801508320174e-08
	5.016944403493893e-08
	4.551696351621923e-08
	3.309499944935132e-08
	1.743433334297368e-08
	4.14467767909612e-09
	-3.777256825202152e-09
	-6.539135566722672e-09
	-5.805874928080535e-09
	-5.637860925357269e-09
	-1.291699169879509e-08
	-2.8818262505046e-08
	-4.917762360065128e-08
	-6.539195599833281e-08
	-7.173692875060032e-08
	-7.093366276239608e-08
	-6.728753083372192e-08
	-6.458637910515233e-08
	-6.747912252665626e-08
	-7.595133946236192e-08
	-8.461331528338907e-08
	-8.756437539179997e-08
	-8.210235751190878e-08
	-7.011845615168233e-08
	-5.673619011529077e-08
	-4.757266732350951e-08
	-4.414237736508218e-08
	-4.214259470613854e-08
	-3.823352363501936e-08
	-3.3231954143031e-08
	-2.817611388673768e-08
	-2.022761828153127e-08
	-1.190391084002505e-08
	-1.160386189427679e-08
	-2.000847993142377e-08
	-3.030082336313404e-08
	-3.569746935100991e-08
	-3.435008717175665e-08
	-2.804029908038895e-08
	-1.707317906468497e-08
	-4.251424461669393e-09
	3.124564540260827e-09
	1.470904145371983e-09
	-8.070948665494167e-09
	-2.155048291955688e-08
	-3.167622165190457e-08
	-3.460981579646046e-08
	-3.318274973854201e-08
	-3.365975524661732e-08
	-3.89563912163526e-08
	-4.700076296277113e-08
	-5.381902762994432e-08
	-5.677702455381167e-08
	-5.76110100836396e-08
	-5.890005084603264e-08
	-6.243628278800529e-08
	-6.820581444942996e-08
	-7.452511254933264e-08
	-8.028631111540547e-08
	-8.566242254689037e-08
	-9.043026285096437e-08
	-9.229230517264421e-08
	-9.067164433390555e-08
	-8.744156446379539e-08
	-8.296298116773378e-08
	-7.533937400124185e-08
	-6.527814390860929e-08
	-5.511798297396011e-08
	-4.726329546149389e-08
	-4.027083783292418e-08
	-3.267226138622614e-08
	-2.545955933639959e-08
	-2.04783590171407e-08
	-1.893833705322e-08
	-2.055296714116667e-08
	-2.322835327757783e-08
	-2.356042971483197e-08
	-2.06570662766043e-08
	-1.455979009037801e-08
	-5.695164598113867e-09
	4.689825191482026e-09
	1.576143662847959e-08
	2.750171500211714e-08
	3.855311661891085e-08
	4.581985356033076e-08
	4.886076491412497e-08
	5.137251884283287e-08
	5.423210401636847e-08
	5.643218123211039e-08
	5.889396113350006e-08
	6.307625993574863e-08
	6.794430408087258e-08
	6.963662416257935e-08
	6.464214348934277e-08
	5.5308882565714e-08
	4.719102720997829e-08
	4.339208449512185e-08
	4.440108697117244e-08
	5.003605644644014e-08
	5.877497696705287e-08
	6.657446413427976e-08
	7.052606162655739e-08
	7.291540703131773e-08
	7.457602719247716e-08
	7.436830249026146e-08
	7.325553494118011e-08
	7.190940250223675e-08
	6.873821423134569e-08
	6.121786767756211e-08
	4.956709302323328e-08
	3.642048514156913e-08
	2.200491108399242e-08
	7.102873974417698e-09
	-7.749262010427301e-09
	-2.231267009025209e-08
	-3.563468164571959e-08
	-4.633453691967512e-08
	-5.126278020893209e-08
	-5.089583997465103e-08
	-4.898152732505382e-08
	-4.809741832509578e-08
	-4.70110970845414e-08
	-4.660752711707703e-08
	-5.10614748335123e-08
	-5.477498616513778e-08
	-5.28667415826491e-08
	-4.725908714125074e-08
	-4.17405467920661e-08
	-3.738166710630492e-08
	-3.308000047360762e-08
	-2.598305625930141e-08
	-1.207198864581096e-08
	6.833676984207985e-09
	2.188299188893821e-08
	2.358880053499899e-08
	1.067587132042881e-08
	-7.363032958930334e-09
	-2.115579353758705e-08
	-2.457545043959149e-08
	-1.981077874481119e-08
	-1.326504078713571e-08
	-7.93121045960023e-09
	-2.808408677367148e-09
	4.618726743784789e-09
	1.483944827626879e-08
	2.288187388051587e-08
	2.203853874223767e-08
	1.350959234116174e-08
	4.539581091562286e-09
	2.667757969186662e-10
	1.944302636801076e-09
	8.382092867249613e-09
	1.74522895257677e-08
	2.530820284309484e-08
	2.760320955850131e-08
	2.454595791965476e-08
	1.987845648565289e-08
	1.874170180065683e-08
	2.567650050258469e-08
	3.278799460728799e-08
	2.715797582346499e-08
	3.906163272678051e-09
	-2.716174674310398e-08
	-4.51652534869178e-08
	-4.045197382735881e-08
	-2.39407870812115e-08
	-1.389299508500394e-08
	-2.066400671416027e-08
	-3.931365272567081e-08
	-5.868875689982657e-08
	-7.133993618076373e-08
	-7.991109475591384e-08
	-8.976581889667423e-08
	-9.887665744814648e-08
	-9.953285050715781e-08
	-8.796740311842422e-08
	-6.921497133589518e-08
	-5.487005060347106e-08
	-5.253555563185104e-08
	-5.67797769254573e-08
	-5.917000223218884e-08
	-5.749872527358745e-08
	-5.270905900585493e-08
	-4.723462723004116e-08
	-4.231278696674097e-08
	-4.040678626649795e-08
	-4.222701792647405e-08
	-4.253353663364468e-08
	-3.835063324867522e-08
	-3.133591299194258e-08
	-2.360567085477545e-08
	-1.827471221966171e-08
	-1.758492816050227e-08
	-1.99879584495016e-08
	-2.168410616835922e-08
	-2.029244961241885e-08
	-1.955067629577873e-08
	-2.267398337885908e-08
	-2.708677497180976e-08
	-3.033369116851886e-08
	-3.203895209969606e-08
	-3.055980836293124e-08
	-2.344084638119509e-08
	-1.271765717031796e-08
	-2.89767885927325e-09
	2.273938557479977e-09
	3.433544544400117e-09
	2.158508237667721e-09
	1.068534969654438e-09
	2.201077428594372e-09
	6.075986189806808e-09
	1.225415025170931e-08
	1.674392267592804e-08
	1.701007446723242e-08
	1.469484673269576e-08
	8.941978622240109e-09
	2.30928176173632e-10
	-6.101599458362845e-09
	-6.798642001675505e-09
	-3.794749425080502e-09
	-2.221359195283452e-09
	-2.966137455717965e-09
	-1.446798410742304e-10
	1.09254775295542e-08
	2.699078600431873e-08
	3.993885430899586e-08
	4.609874351133756e-08
	4.499627308146506e-08
	3.812773649957486e-08
	3.241012616706248e-08
	3.103392300223528e-08
	3.437890517167226e-08
	3.758535783457945e-08
	3.760766188981119e-08
	3.573132478976894e-08
	3.370311675181847e-08
	3.085424651676855e-08
	2.62492104077755e-08
	2.08252245797035e-08
	1.672720058307358e-08
	1.488497354746526e-08
	1.400702651564874e-08
	1.234736830507704e-08
	6.588713147003994e-09
	-3.534844685640731e-09
	-1.412899945902626e-08
	-2.001852256969656e-08
	-2.029901741217966e-08
	-1.969248771862755e-08
	-2.249175128482589e-08
	-2.848778371605558e-08
	-3.637519291445716e-08
	-4.429245213224352e-08
	-5.02833667296837e-08
	-5.347550334237686e-08
	-5.483658388435821e-08
	-5.87951016002461e-08
	-6.428371375126654e-08
	-6.866669647078149e-08
	-7.349715822342841e-08
	-7.89408653101732e-08
	-8.226717007143837e-08
	-8.417362458448763e-08
	-8.570802745057197e-08
	-8.660860112958003e-08
	-8.903590822363766e-08
	-9.327619282615078e-08
	-9.66287287599183e-08
	-9.729202213825524e-08
	-9.511630111281535e-08
	-9.528584390974253e-08
	-1.042932294191625e-07
	-1.220547574551624e-07
	-1.392810160584885e-07
	-1.467103963834074e-07
	-1.436376744236631e-07
	-1.334983024558896e-07
	-1.219576269561661e-07
	-1.133940738628201e-07
	-1.080831653411895e-07
	-1.049969537353366e-07
	-1.03335462800187e-07
	-1.023992889270703e-07
	-9.83325354386152e-08
	-8.877582491694495e-08
	-7.632159035840814e-08
	-6.49492507794081e-08
	-5.755759981066788e-08
	-5.149475653579527e-08
	-4.432000976634859e-08
	-3.587236827307019e-08
	-2.721293930502171e-08
	-1.950595658280162e-08
	-1.259519711692467e-08
	-6.551592833238957e-09
	-8.831426032901971e-10
	4.581224642644495e-09
	9.039901090628959e-09
	1.181073930377245e-08
	1.315943751980146e-08
	1.452769023707953e-08
	1.791501157748745e-08
	2.219020066427027e-08
	2.423459836913734e-08
	2.205402458210097e-08
	1.719315939835368e-08
	1.290573201695594e-08
	1.310388456020193e-08
	1.669417257957451e-08
	1.838421169450594e-08
	1.616003338297952e-08
	1.278665909598593e-08
	1.067877552622856e-08
	8.82481257204777e-09
	3.50264329671224e-09
	-5.146934905731875e-09
	-1.278139932899423e-08
	-1.594342813733265e-08
	-1.480828137565903e-08
	-1.175283113136603e-08
	-9.100106940727329e-09
	-7.699925520804346e-09
	-6.04100623095088e-09
	-3.034347034059132e-09
	3.006012731435224e-10
	2.62314404000129e-09
	3.416296148825453e-09
	2.460148352356055e-09
	1.58974499258302e-09
	2.524077922155381e-09
	5.206886526904696e-09
	9.084415623824524e-09
	1.170914848919468e-08
	1.214177792583271e-08
	1.246362887333417e-08
	1.562740454033797e-08
	2.0146896413731e-08
	2.064764191123137e-08
	1.648233224513386e-08
	1.122754806471106e-08
	6.107394261280782e-09
	4.648683743921152e-10
	-5.829791290734587e-09
	-1.058556418906443e-08
	-1.197323322352062e-08
	-1.120598744744198e-08
	-1.109388476664888e-08
	-1.333082037639292e-08
	-1.836672414403853e-08
	-2.594250873944107e-08
	-3.604664000088671e-08
	-4.745242140312298e-08
	-5.606962509278594e-08
	-5.918953977043905e-08
	-5.790404894862778e-08
	-5.453042972999494e-08
	-5.102115820708919e-08
	-4.932074795824439e-08
	-5.182438962057074e-08
	-5.848720978921251e-08
	-6.400556637090051e-08
	-6.627607160560239e-08
	-6.515046960006909e-08
	-6.027531360847672e-08
	-5.226404894949505e-08
	-4.368528194606438e-08
	-3.793364029840346e-08
	-3.453722521242317e-08
	-3.043922798386427e-08
	-2.632537106581928e-08
	-2.753640573668479e-08
	-3.677343753510806e-08
	-4.696913388606087e-08
	-5.257880557929386e-08
	-5.484575541614667e-08
	-5.646017304748237e-08
	-5.849775008067081e-08
	-6.072456574568162e-08
	-6.097002715016638e-08
	-5.610966005552912e-08
	-4.747616181690577e-08
	-4.219755485509162e-08
	-4.547684954846022e-08
	-5.216852328338381e-08
	-5.984919162855914e-08
	-6.823153392413951e-08
	-7.355372826503578e-08
	-7.313574040599968e-08
	-6.947432520682742e-08
	-6.414866995628613e-08
	-6.16546754925727e-08
	-6.369020299851438e-08
	-6.751349059947177e-08
	-7.098501713218566e-08
	-7.170160043461478e-08
	-7.08509141297919e-08
	-6.679544963733023e-08
	-5.739978599954644e-08
	-4.495507582189603e-08
	-3.53206491331729e-08
	-3.070547471035201e-08
	-2.779652604925353e-08
	-2.409467695776816e-08
	-1.892896501720415e-08
	-1.003151404559485e-08
	3.325796776920144e-09
	1.827651001043342e-08
	2.916857070364818e-08
	3.240706747363306e-08
	2.973291599475368e-08
	2.601866320715109e-08
	2.573674368729743e-08
	2.841551454544194e-08
	2.931873808144082e-08
	2.651353378514803e-08
	2.351767358957882e-08
	2.436896802290833e-08
	2.851788670857308e-08
	3.099657951416475e-08
	2.889303332257434e-08
	2.114131394049122e-08
	1.145282319784882e-08
	5.257670205534967e-09
	1.767243055495176e-09
	-2.779977506421317e-09
	-8.834724087734352e-09
	-1.396100774655502e-08
	-1.736150660582182e-08
	-2.052334960441881e-08
	-2.45356789650876e-08
	-2.902213503262844e-08
	-3.401768747392767e-08
	-3.993138902308631e-08
	-4.643384633912204e-08
	-5.347408945850639e-08
	-6.006449949968157e-08
	-6.456835711481742e-08
	-6.665154520715743e-08
	-6.87880011696826e-08
	-7.412388461996649e-08
	-8.168683954694549e-08
	-8.694214961926449e-08
	-8.729075031471966e-08
	-8.354001721666387e-08
	-7.708432234008423e-08
	-7.073470096243581e-08
	-6.593589384192638e-08
	-6.272179183477439e-08
	-6.227769914547046e-08
	-6.619421065170989e-08
	-7.365114554187487e-08
	-8.182293928228573e-08
	-8.53147804452675e-08
	-8.34914811122185e-08
	-8.079875844417631e-08
	-7.883948365731491e-08
	-7.535069097507071e-08
	-7.041687035239995e-08
	-6.840849293103556e-08
	-7.01533442064571e-08
	-7.259912241920684e-08
	-7.415274359332177e-08
	-7.533521563456675e-08
	-7.550936894276651e-08
	-7.216899370738287e-08
	-6.477316004952341e-08
	-5.403567615909257e-08
	-3.971523421855675e-08
	-2.449548721866685e-08
	-1.393483676782473e-08
	-1.123895207394173e-08
	-1.304408549954335e-08
	-1.200250784463337e-08
	-4.126662060239312e-09
	9.006033008510958e-09
	2.374076484216621e-08
	3.657114520416048e-08
	4.526571160178399e-08
	5.045519521741183e-08
	5.35726808843556e-08
	5.422225431482592e-08
	5.365234054721875e-08
	5.451319764153289e-08
	5.822517819152294e-08
	6.262564740205991e-08
	6.513574326351848e-08
	6.538434766341465e-08
	6.464311214359245e-08
	6.238586739257765e-08
	5.809876697631089e-08
	5.434560143478587e-08
	5.32301672689593e-08
	5.182316539027133e-08
	4.623255857485351e-08
	3.625395744624648e-08
	2.639984798037425e-08
	2.005041041779639e-08
	1.735056067496093e-08
	1.652899118587596e-08
	1.460907753515633e-08
	9.553907508180956e-09
	2.390727851550197e-09
	-4.304682812482754e-09
	-1.070748283358938e-08
	-1.809150109265317e-08
	-2.736431242294598e-08
	-3.508571352887147e-08
	-4.030650254575917e-08
	-4.691873465037601e-08
	-5.657256129508716e-08
	-6.470572876043151e-08
	-6.775327622307294e-08
	-6.877454193679396e-08
	-7.25105764999034e-08
	-7.968114067837368e-08
	-8.812740773176142e-08
	-9.425428631617967e-08
	-9.867074983884799e-08
	-1.020321927367323e-07
	-1.05242593856662e-07
	-1.07742989950353e-07
	-1.102233970054494e-07
	-1.125433755558687e-07
	-1.140311922115364e-07
	-1.162368503878979e-07
	-1.195950767886999e-07
	-1.215115059764488e-07
	-1.198443246039429e-07
	-1.155133326262692e-07
	-1.093950517965736e-07
	-1.012806876082441e-07
	-9.296879941773517e-08
	-8.71818005220484e-08
	-8.492834614104903e-08
	-8.529952819207629e-08
	-8.586041516312768e-08
	-8.398274310787452e-08
	-7.785883077800821e-08
	-6.588978632507962e-08
	-5.140166271716587e-08
	-3.923370414118185e-08
	-3.04568462273494e-08
	-2.161205113975603e-08
	-1.032500510616412e-08
	-1.845348883340306e-09
	-9.987514247955709e-10
	-6.846611993234111e-09
	-1.367955409398113e-08
	-1.392488478984727e-08
	-5.150542789796523e-09
	5.805031927689762e-09
	1.081232864118299e-08
	8.757219179445998e-09
	8.782830512064678e-09
	2.015218683152725e-08
	4.104950017974677e-08
	6.067357264991267e-08
	7.146799524503867e-08
	7.191176060772166e-08
	6.202650572219746e-08
	4.432302678735576e-08
	2.72798460520484e-08
	2.000954604943202e-08
	2.387444527020066e-08
	3.184560660391799e-08
	3.595238198142281e-08
	3.139110984917317e-08
	1.85519251591148e-08
	2.027875699748794e-09
	-1.27500700046275e-08
	-2.294277769447116e-08
	-2.957145111067247e-08
	-3.409332588068445e-08
	-3.645411912704501e-08
	-3.57806997630032e-08
	-3.338946156399699e-08
	-3.319420568305857e-08
	-3.802680065313125e-08
	-4.467621123915001e-08
	-4.901456942357707e-08
	-5.150402459194565e-08
	-5.232668287577736e-08
	-5.083367332772359e-08
	-4.705433318399545e-08
	-4.155599050306548e-08
	-3.596030498775963e-08
	-3.463420647585147e-08
	-3.987314483383541e-08
	-4.721862467093078e-08
	-5.107145120753045e-08
	-5.117995491182453e-08
	-4.991625213978226e-08
	-5.035693043108407e-08
	-5.26801429997358e-08
	-5.527100976182438e-08
	-5.901331001866253e-08
	-6.348679395472273e-08
	-6.503538099469967e-08
	-6.207515118140432e-08
	-5.74580315246345e-08
	-5.298732763830526e-08
	-4.987957667189132e-08
	-4.665394340263188e-08
	-4.309146516810037e-08
	-4.085334659352517e-08
	-3.915292490818594e-08
	-3.661145230751168e-08
	-3.297687960194821e-08
	-2.991614363582631e-08
	-2.833343631557602e-08
	-2.691003705739244e-08
	-2.44282691542578e-08
	-2.208585776431953e-08
	-2.102648610551664e-08
	-2.223574254664722e-08
	-2.670008821286145e-08
	-3.398788790974132e-08
	-4.116205213299872e-08
	-4.659670017382449e-08
	-5.146305493745876e-08
	-5.548967419000754e-08
	-5.866195452169249e-08
	-5.893174592656438e-08
	-5.379136705614996e-08
	-4.998989382594555e-08
	-5.617488707238371e-08
	-6.759301353027306e-08
	-7.553682314780254e-08
	-7.673891253395137e-08
	-7.386280643162999e-08
	-7.064294527544912e-08
	-6.784752777452504e-08
	-6.542654965726337e-08
	-6.319960292257416e-08
	-6.004316026197272e-08
	-5.581358676368649e-08
	-5.068438372003401e-08
	-4.611744950538134e-08
	-4.13053179710743e-08
	-3.44149808366154e-08
	-2.635148528974415e-08
	-1.847461006760142e-08
	-1.243624133514898e-08
	-7.303524683661124e-09
	-8.757902174426429e-10
	9.219867895124035e-09
	2.349791351512278e-08
	3.96732685538169e-08
	5.562651999175884e-08
	7.005195362885936e-08
	7.847453769525914e-08
	7.506415096919668e-08
	6.170516767773944e-08
	5.025507059417624e-08
	4.96185814551598e-08
	5.913854551480626e-08
	6.839990950447729e-08
	6.744698118471809e-08
	5.7581513138164e-08
	4.678541205093306e-08
	4.09099965517849e-08
	3.933126026083434e-08
	4.034049019215539e-08
	4.242127521856046e-08
	4.52992903940637e-08
	4.926355874548353e-08
	5.298452625009744e-08
	5.394730591543132e-08
	5.322788687531457e-08
	5.235464848033478e-08
