	0.001270611433288713
	0.0007023091461691331
	0.0007755298669449041
	0.0006666959062625149
	0.000399441079325338
	0.0001954270784657178
	0.0001373812579502843
	0.0001265788954876702
	0.0001112589887082426
	9.151076058157764e-05
	6.893840672132713e-05
	5.914318613254284e-05
	5.635094617386966e-05
	5.039384265223185e-05
	4.347693312345231e-05
	3.628230261898907e-05
	2.767968135869311e-05
	2.497604063132015e-05
	3.450310364627867e-05
	3.889963029343048e-05
	3.911799739111754e-05
	3.730831044183764e-05
	3.534466422573646e-05
	3.347510751833421e-05
	3.193416315989529e-05
	3.090099046793603e-05
	3.071112069293035e-05
	3.138377189625895e-05
	3.199039565408626e-05
	3.159319084480776e-05
	3.019259562097733e-05
	2.875048383450131e-05
	2.776189952257569e-05
	2.730098675599902e-05
	2.74378814076148e-05
	2.797393001825255e-05
	2.83216377241217e-05
	2.810807745221735e-05
	2.749677753389144e-05
	2.692607892583977e-05
	2.640836818708789e-05
	2.562882575424417e-05
	2.472375311964966e-05
	2.383671526294186e-05
	2.304361445883907e-05
	2.243047382557659e-05
	2.24992507345238e-05
	2.335533574600378e-05
	2.424996768788969e-05
	2.486603837241006e-05
	2.494048166610674e-05
	2.478300717158469e-05
	2.425432360296264e-05
	2.389494726237865e-05
	2.41457669751645e-05
	2.472701588488981e-05
	2.467623589304466e-05
	2.426015383777486e-05
	2.398058538133794e-05
	2.37544314881623e-05
	2.366397595245787e-05
	2.374772085470845e-05
	2.381833010374224e-05
	2.382146764308189e-05
	2.382448517488605e-05
	2.355019103343628e-05
	2.312300614691768e-05
	2.260167259672533e-05
	2.221318031965333e-05
	2.195482274223081e-05
	2.218786146706398e-05
	2.286306255602271e-05
	2.32120889952308e-05
	2.276956808305882e-05
	2.205597843424233e-05
	2.170290599187637e-05
	2.193132674060067e-05
	2.254392984390866e-05
	2.304143949774939e-05
	2.277480930382217e-05
	2.186248533851878e-05
	2.084867924095863e-05
	2.012677949298036e-05
	1.959291049946844e-05
	1.909667128833536e-05
	1.86511057105809e-05
	1.82093901041864e-05
	1.791084148363239e-05
	1.783416829773315e-05
	1.794473465981719e-05
	1.789090625488549e-05
	1.754617242914856e-05
	1.716951952859534e-05
	1.720416457998004e-05
	1.765364682214626e-05
	1.804404814295277e-05
	1.8231844237682e-05
	1.83553691209795e-05
	1.849861645460957e-05
	1.850384307763024e-05
	1.82298120520926e-05
	1.767963832054669e-05
	1.691721876225633e-05
	1.636006288233534e-05
	1.625844015688289e-05
	1.653284512028e-05
	1.69980768596009e-05
	1.740557021393903e-05
	1.762738575915233e-05
	1.747726413433909e-05
	1.691540328062502e-05
	1.606255160518951e-05
	1.516797853401729e-05
	1.449162428435111e-05
	1.413788250812334e-05
	1.410364681000443e-05
	1.424754461666925e-05
	1.430269219314528e-05
	1.416782412829947e-05
	1.389476249176753e-05
	1.359339125004298e-05
	1.331490014508702e-05
	1.312595486132862e-05
	1.323393754673824e-05
	1.356566992251532e-05
	1.390283885376576e-05
	1.406812148468598e-05
	1.393919048268018e-05
	1.361652436962742e-05
	1.332912745493888e-05
	1.303339823916781e-05
	1.281805827321014e-05
	1.272872703140261e-05
	1.270042488635503e-05
	1.261764121705808e-05
	1.237121028278175e-05
	1.197458174445747e-05
	1.155280973620731e-05
	1.130623560798661e-05
	1.12599522512696e-05
	1.137388008749215e-05
	1.153516460370992e-05
	1.151798092544648e-05
	1.147595932802468e-05
	1.146000143924669e-05
	1.147958982061789e-05
	1.157265910940424e-05
	1.177702814172918e-05
	1.205882866841626e-05
	1.227231946342057e-05
	1.234576249510511e-05
	1.226040056498985e-05
	1.203286506281083e-05
	1.169703032925298e-05
	1.130361761734789e-05
	1.092503084039275e-05
	1.063896384754817e-05
	1.050503224172852e-05
	1.052836528827387e-05
	1.068628439973971e-05
	1.096227520482976e-05
	1.122738640764747e-05
	1.139357686088097e-05
	1.136960442293844e-05
	1.1243199138205e-05
	1.109070727370272e-05
	1.095687679688726e-05
	1.090210826573912e-05
	1.097274892756048e-05
	1.11751560029433e-05
	1.141140494746406e-05
	1.159507381178781e-05
	1.174651770519052e-05
	1.18436429632806e-05
	1.187475456879757e-05
	1.184026089061694e-05
	1.172328825410102e-05
	1.1601212670769e-05
	1.153498412986259e-05
	1.148880426668347e-05
	1.145414839053835e-05
	1.144352261970288e-05
	1.144804960294641e-05
	1.149086826226197e-05
	1.156261572114742e-05
	1.162783369818675e-05
	1.165864251710244e-05
	1.1647338765691e-05
	1.159486172023348e-05
	1.150061222120856e-05
	1.134705334724888e-05
	1.116940073179994e-05
	1.105638676974994e-05
	1.100995815492521e-05
	1.097477198895003e-05
	1.09725116575839e-05
	1.107625823753214e-05
	1.126287304730801e-05
	1.149842436628511e-05
	1.17230948190635e-05
	1.187411056382162e-05
	1.190839791510385e-05
	1.181816733621769e-05
	1.159829169839963e-05
	1.129593271044116e-05
	1.105820573044436e-05
	1.098672723185854e-05
	1.10705482117923e-05
	1.120729603713205e-05
	1.124475507129899e-05
	1.103926772209967e-05
	1.071458479612727e-05
	1.041826825139498e-05
	1.023783423749854e-05
	1.019797482489773e-05
	1.022449919550551e-05
	1.023468799392007e-05
	1.029608694029304e-05
	1.031927194682142e-05
	1.019987345053645e-05
	1.001052366834103e-05
	9.889690040668363e-06
	9.936902189997474e-06
	1.017265434699789e-05
	1.049765018977589e-05
	1.070359294049515e-05
	1.067110822252089e-05
	1.039985209319938e-05
	1.007882159857857e-05
	9.94906416094888e-06
	1.000217712314295e-05
	1.014989116760215e-05
	1.02879914573314e-05
	1.038000355317171e-05
	1.044343068400064e-05
	1.04717128278912e-05
	1.043001600034993e-05
	1.028250313416253e-05
	1.004471258566927e-05
	9.799199621400326e-06
	9.693326642036702e-06
	9.865793781867368e-06
	1.028251442683053e-05
	1.088843444871763e-05
	1.136628044013798e-05
	1.146072136516171e-05
	1.123822402756803e-05
	1.089045155364532e-05
	1.058328823347269e-05
	1.031497415149355e-05
	1.013460595450784e-05
	1.010611725170148e-05
	1.022760317961756e-05
	1.046231060090758e-05
	1.070493523890256e-05
	1.081313147411986e-05
	1.074985640124647e-05
	1.054150110727518e-05
	1.025455430738222e-05
	9.986353437025395e-06
	9.805707894954855e-06
	9.71873003929051e-06
	9.663064052479573e-06
	9.595817991473138e-06
	9.497264787186232e-06
	9.370136997102185e-06
	9.251240204567755e-06
	9.129034123440657e-06
	8.962510044783099e-06
	8.861382900996078e-06
	8.866783807049639e-06
	8.943856688779065e-06
	9.017670396270224e-06
	8.998404142753947e-06
	8.88560682677135e-06
	8.82516462517031e-06
	8.944989972754146e-06
	9.233087104605327e-06
	9.569018479473176e-06
	9.795018293230258e-06
	9.886552678526051e-06
	9.85181947381361e-06
	9.761358540806335e-06
	9.702036717710308e-06
	9.694322933149948e-06
	9.739106238480882e-06
	9.860940028923787e-06
	1.003015509202609e-05
	1.019556566737134e-05
	1.032818530732678e-05
	1.044232089546743e-05
	1.053185482393454e-05
	1.058009298319533e-05
	1.059455070105494e-05
	1.05380316013993e-05
	1.041580290124873e-05
	1.028071181521567e-05
	1.019578259309996e-05
	1.024373412294278e-05
	1.041521638298761e-05
	1.057124349508002e-05
	1.061510733982097e-05
	1.057903576065971e-05
	1.050627933388057e-05
	1.041046369442487e-05
	1.02985145213203e-05
	1.018362355844261e-05
	1.006973135320295e-05
	9.946203452824828e-06
	9.808378710199337e-06
	9.659555660870257e-06
	9.521078835521842e-06
	9.45920552773767e-06
	9.507116291650199e-06
	9.625762734767081e-06
	9.757178717416198e-06
	9.836152933995414e-06
	9.840561097744314e-06
	9.848136445993774e-06
	9.914573275409022e-06
	1.000647807769234e-05
	1.005308870279083e-05
	1.001508237442049e-05
	9.933809475539107e-06
	9.858414951578633e-06
	9.838891705110736e-06
	9.868608100081731e-06
	9.908621964359753e-06
	9.950162760626033e-06
	9.943683703700947e-06
	9.91972425492301e-06
	9.940646353357126e-06
	9.971206225960735e-06
	9.941639293500782e-06
	9.882065947176522e-06
	9.901316665531978e-06
	1.00410609908781e-05
	1.027163526814728e-05
	1.055067678971453e-05
	1.083175257348384e-05
	1.110888518459088e-05
	1.138648905145204e-05
	1.166438523780316e-05
	1.189356848502062e-05
	1.201721531035818e-05
	1.200892839334691e-05
	1.192674527727287e-05
	1.185535078318539e-05
	1.182581022709795e-05
	1.184924168710205e-05
	1.197669858276472e-05
	1.22076843382927e-05
	1.248070698974945e-05
	1.270364408326215e-05
	1.28681787480083e-05
	1.304674865970546e-05
	1.327951868726195e-05
	1.349210917535336e-05
	1.353040360501315e-05
	1.333388781494025e-05
	1.302007560498725e-05
	1.277989766557143e-05
	1.269677832539253e-05
	1.272457338743082e-05
	1.273861376201316e-05
	1.27305970676325e-05
	1.270254418743948e-05
	1.267521649338287e-05
	1.265435711198488e-05
	1.263710185002561e-05
	1.263131715194563e-05
	1.264324850079011e-05
	1.268348311849373e-05
	1.270648484354075e-05
	1.265907508752749e-05
	1.25398948847886e-05
	1.240249445561749e-05
	1.233938272110484e-05
	1.243251556415483e-05
	1.269301916007131e-05
	1.306982550228535e-05
	1.351079030581904e-05
	1.392761798811951e-05
	1.424199722609433e-05
	1.439203594944382e-05
	1.431317746139388e-05
	1.403837936775107e-05
	1.364726319821932e-05
	1.322608239424033e-05
	1.286964910967198e-05
	1.268599291886318e-05
	1.272712807847434e-05
	1.287704839152658e-05
	1.293361081059354e-05
	1.2815619222832e-05
	1.267764764130898e-05
	1.258670372403775e-05
	1.257203020575023e-05
	1.259789957629743e-05
	1.267332999709888e-05
	1.27167719278861e-05
	1.26597848684707e-05
	1.255893618322875e-05
	1.246156802019051e-05
	1.237385150806642e-05
	1.23343020972834e-05
	1.236660554047609e-05
	1.244253482175575e-05
	1.248420015261098e-05
	1.247162123182043e-05
	1.254345803189099e-05
	1.277073643446505e-05
	1.304723294912684e-05
	1.321880624958001e-05
	1.327815553815534e-05
	1.321476228398248e-05
	1.296493429535968e-05
	1.262966987637926e-05
	1.234437891847958e-05
	1.216382585150825e-05
	1.209931163757966e-05
	1.218621913939609e-05
	1.23029098851988e-05
	1.243573517193633e-05
	1.259419552533053e-05
	1.265930206350566e-05
	1.255682507234071e-05
	1.234230582640015e-05
	1.207918018470431e-05
	1.184993139857119e-05
	1.167726971570733e-05
	1.156414561657207e-05
	1.151728356277439e-05
	1.150528591349933e-05
	1.147595755827581e-05
	1.142862227199455e-05
	1.131751009372084e-05
	1.119630460491136e-05
	1.115921146347281e-05
	1.115545605044163e-05
	1.116366231902062e-05
	1.119061589529883e-05
	1.125861380066481e-05
	1.134940537208034e-05
	1.137358209560089e-05
	1.127134340096925e-05
	1.106247062252375e-05
	1.082642493397449e-05
	1.060941056306306e-05
	1.039824105236331e-05
	1.019517626402376e-05
	1.010512122875306e-05
	1.017962338101731e-05
	1.039329913889158e-05
	1.068127449745278e-05
	1.095439866300488e-05
	1.114874539969856e-05
	1.118427239064161e-05
	1.102966469747046e-05
	1.075893495420525e-05
	1.047922279969509e-05
	1.021860139196429e-05
	1.012618617662398e-05
	1.025474552315107e-05
	1.052156280998319e-05
	1.075883127912276e-05
	1.086235360388779e-05
	1.072139162638951e-05
	1.041402691588706e-05
	1.008796578856022e-05
	9.837605260567149e-06
	9.684408581311231e-06
	9.646588907465159e-06
	9.764643350337515e-06
	9.951558926047511e-06
	1.010384791257171e-05
	1.017970957520708e-05
	1.023409183768854e-05
	1.029689916741192e-05
	1.035931924692087e-05
	1.039363963325169e-05
	1.044155498778795e-05
	1.055214334337998e-05
	1.06875079932844e-05
	1.082360133478568e-05
	1.090863985282622e-05
	1.089259989687909e-05
	1.075373359650075e-05
	1.054271975656666e-05
	1.031621938318988e-05
	1.009987752266857e-05
	9.924050654587563e-06
	9.83563393726109e-06
	9.814855087187627e-06
	9.813418262043231e-06
	9.814144987018898e-06
	9.799371079050936e-06
	9.78537734677063e-06
	9.795793029529083e-06
	9.840457009433746e-06
	9.913630425278138e-06
	9.940850088458408e-06
	9.809494555306555e-06
	9.582574048087435e-06
	9.430262934910047e-06
	9.3552768419707e-06
	9.339856130877341e-06
	9.38430068844287e-06
	9.432927716970945e-06
	9.485769168059375e-06
	9.537750024979346e-06
	9.600597886014597e-06
	9.68532129872739e-06
	9.729711262426926e-06
	9.738703567162245e-06
	9.717079321722019e-06
	9.722800218838076e-06
	9.813496302615234e-06
	1.000230291386264e-05
	1.020779008044668e-05
	1.032542587877359e-05
	1.037211062977273e-05
	1.036677859290261e-05
	1.028660626598843e-05
	1.014766671217555e-05
	9.997476015406006e-06
	9.806079467087786e-06
	9.618619043334671e-06
	9.524974327126376e-06
	9.537976342225838e-06
	9.585522072952217e-06
	9.684689245326649e-06
	9.7822208927924e-06
	9.839049891421054e-06
	9.810110036872535e-06
	9.742308797212126e-06
	9.695504239553067e-06
	9.666322635068247e-06
	9.650015854934718e-06
	9.626677989237603e-06
	9.588728242492685e-06
	9.548738010586022e-06
	9.514037259179536e-06
	9.486534005881407e-06
	9.501408163606357e-06
	9.62500340472249e-06
	9.861232035054053e-06
	1.010079658568729e-05
	1.020554577317186e-05
	1.014822401453478e-05
	9.979771105806509e-06
	9.736831577795657e-06
	9.462488462074581e-06
	9.206512243147162e-06
	9.021609194031977e-06
	8.925767013507958e-06
	8.92561764653151e-06
	9.033165684292666e-06
	9.236304549124291e-06
	9.456035861308988e-06
	9.616047239957359e-06
	9.697923417249162e-06
	9.704358821678466e-06
	9.603263426517812e-06
	9.44431557047877e-06
	9.292042816264572e-06
	9.17532640243674e-06
	9.09551195691538e-06
	9.048109265519969e-06
	9.043672729675041e-06
	9.093524274136604e-06
	9.193332963475732e-06
	9.332286515959971e-06
	9.455481332416013e-06
	9.550323161737862e-06
	9.589345109669865e-06
	9.600891179911209e-06
	9.588353133468412e-06
	9.564784500158637e-06
	9.620943393056328e-06
	9.83665535633236e-06
	1.016005396407942e-05
	1.043650313410112e-05
	1.057299566958008e-05
	1.061669300068632e-05
	1.066494020558199e-05
	1.071388880877156e-05
	1.069357869915672e-05
	1.05881504287099e-05
	1.043472435943419e-05
	1.032257985208748e-05
	1.029878258859291e-05
	1.038348277305553e-05
	1.056365683546438e-05
	1.079125899973881e-05
	1.099877936516831e-05
	1.112059402915145e-05
	1.110061784546519e-05
	1.093861473689399e-05
	1.06338723383118e-05
	1.024391446707627e-05
	9.888266898062188e-06
	9.69451883930959e-06
	9.69919513750712e-06
	9.782199399385808e-06
	9.858713543747127e-06
	9.920039277069495e-06
	9.969150029145283e-06
	1.000140329426992e-05
	1.005979471942168e-05
	1.015973177579556e-05
	1.025299898481255e-05
	1.029335456932087e-05
	1.028045947643283e-05
	1.021606762890521e-05
	1.012693255989516e-05
	1.004832100539567e-05
	1.00164788239181e-05
	1.006936763592083e-05
	1.02030297845264e-05
	1.031684093673264e-05
	1.034204935511349e-05
	1.031961450969087e-05
	1.033502681773031e-05
	1.041006650243472e-05
	1.050701372347265e-05
	1.05798846347219e-05
	1.061454472808635e-05
	1.063212224565047e-05
	1.067377243585583e-05
	1.07173854168696e-05
	1.07123785300159e-05
	1.06582062511056e-05
	1.058069729400487e-05
	1.051182279639523e-05
	1.045514472241235e-05
	1.035691664142125e-05
	1.024188698101683e-05
	1.013714818902071e-05
	1.003339118207561e-05
	9.917017495453831e-06
	9.781404869598717e-06
	9.656370582307864e-06
	9.600186875802069e-06
	9.639080252343213e-06
	9.711448650921214e-06
	9.767338569562107e-06
	9.802599836662517e-06
	9.822711627436173e-06
	9.811456536467316e-06
	9.77754192186103e-06
	9.726999415284178e-06
	9.659953277291115e-06
	9.602285454940829e-06
	9.592499649185652e-06
	9.652579540893812e-06
	9.744155736683551e-06
	9.80657028543837e-06
	9.822572382997033e-06
	9.797875720089693e-06
	9.765018144653501e-06
	9.806877663624254e-06
	9.942978122389394e-06
	1.009408489597523e-05
	1.018970740994009e-05
	1.019486168253376e-05
	1.015159181082801e-05
	1.009601287735071e-05
	1.006053742109095e-05
	1.000171960215869e-05
	9.888947205102457e-06
	9.729489666307032e-06
	9.599089845155122e-06
	9.614112800505788e-06
	9.761845501803636e-06
	9.93235007498144e-06
	1.004567141678652e-05
	1.010281716532979e-05
	1.01045374118642e-05
	1.006136622462086e-05
	1.003376292137668e-05
	1.004034703935586e-05
	1.005856157419698e-05
	1.005126884531553e-05
	1.00202132369807e-05
	9.940429375458641e-06
	9.811466464901424e-06
	9.640572212360552e-06
	9.478263437443077e-06
	9.355351573979418e-06
	9.256860811035096e-06
	9.213064444943105e-06
	9.250505916047524e-06
	9.346376973911824e-06
	9.433532589907182e-06
	9.476941763129239e-06
	9.469395243888152e-06
	9.401179561744715e-06
	9.302982703996292e-06
	9.211668867396273e-06
	9.129630209448005e-06
	9.038304079058332e-06
	8.901926464254318e-06
	8.722854976187523e-06
	8.536746697848502e-06
	8.381508910957014e-06
	8.268889591567688e-06
	8.193729937731548e-06
	8.143603450505468e-06
	8.144500241653178e-06
	8.183831749419613e-06
	8.207466412326217e-06
	8.186368533344515e-06
	8.094630286032099e-06
	7.946008942486533e-06
	7.809598580925604e-06
	7.74150534815566e-06
	7.770093612705524e-06
	7.891125862068519e-06
	8.050719475758934e-06
	8.200153425270016e-06
	8.348684352548274e-06
	8.515079660760995e-06
	8.658472553902244e-06
	8.706250808738525e-06
	8.673617097721711e-06
	8.641781621590174e-06
	8.630435733158008e-06
	8.61932369482016e-06
	8.606887552655667e-06
	8.56777178469507e-06
	8.47631269803766e-06
	8.294515057330393e-06
	8.011371976152554e-06
	7.691780250967367e-06
	7.429599476994856e-06
	7.271702664667273e-06
	7.276116937048038e-06
	7.378917059256633e-06
	7.483553667247715e-06
	7.495914894714257e-06
	7.382286873968253e-06
	7.199675739604583e-06
	6.999849165405304e-06
	6.821393495652357e-06
	6.720898718407661e-06
	6.714016863235312e-06
	6.781288085831254e-06
	6.895610288085912e-06
	7.086165916481435e-06
	7.344035797225464e-06
	7.555246921981839e-06
	7.671131169971975e-06
	7.765202536736905e-06
	7.868324680857398e-06
	7.889047515894856e-06
	7.764461927172467e-06
	7.479763487070052e-06
	7.110562197586902e-06
	6.852518189364332e-06
	6.865217432971524e-06
	7.111956849052341e-06
	7.456390872430339e-06
	7.714546464945143e-06
	7.813719178949098e-06
	7.78352057918887e-06
	7.689679629332489e-06
	7.551547429598993e-06
	7.38692214623003e-06
	7.230449318917508e-06
	7.144743907054588e-06
	7.164508488429343e-06
	7.254622110860348e-06
	7.371822310964925e-06
	7.494861018468467e-06
	7.610734941052418e-06
	7.691306847998045e-06
	7.696044041058178e-06
	7.639388627915304e-06
	7.597710937943338e-06
	7.599721399253563e-06
	7.604733497912889e-06
	7.595115257425352e-06
	7.567299583672262e-06
	7.526255892260504e-06
	7.525825504606499e-06
	7.571544741664131e-06
	7.665436176115182e-06
	7.782718250332671e-06
	7.855437502958512e-06
	7.866559713142451e-06
	7.854092030277989e-06
	7.822265730235756e-06
	7.781814527682142e-06
	7.753699746357109e-06
	7.779660410242463e-06
	7.833488238719859e-06
	7.883306746284828e-06
	7.917329066142483e-06
	7.915765178700425e-06
	7.87078608637604e-06
	7.772047755030132e-06
	7.653220030674381e-06
	7.527041826702824e-06
	7.465044746548647e-06
	7.502196545773576e-06
	7.569449232784273e-06
	7.604129079870389e-06
	7.575126731121481e-06
	7.488648585684144e-06
	7.387014396253991e-06
	7.353593052335559e-06
	7.409488933631091e-06
	7.537564266699433e-06
	7.691314829292422e-06
	7.82209202582984e-06
	7.905392500827155e-06
	7.975174424959459e-06
	8.041478874719656e-06
	8.081028969099263e-06
	8.039274019309502e-06
	7.943625988229722e-06
	7.834896040471454e-06
	7.784533512525943e-06
	7.810757368745454e-06
	7.89756367862354e-06
	7.968863290317566e-06
	8.034270767486216e-06
	8.111935876349279e-06
	8.160862553144417e-06
	8.172364138053387e-06
	8.160835401129897e-06
	8.161224618070004e-06
	8.189703964585019e-06
	8.227533321525937e-06
	8.246302490976398e-06
	8.228457238989958e-06
	8.153865402900079e-06
	8.057261075337751e-06
	7.992327260721393e-06
	8.026200430951549e-06
	8.198753885744308e-06
	8.483962892091332e-06
	8.810637596279427e-06
	9.084118124396101e-06
	9.249342145202328e-06
	9.342546581578817e-06
	9.419086994761103e-06
	9.442324912671101e-06
	9.308980769395885e-06
	9.031857796787008e-06
	8.776650776081915e-06
	8.606866529557317e-06
	8.594277114180335e-06
	8.702915936493889e-06
	8.902053559275266e-06
	9.159419843757682e-06
	9.292467299434086e-06
	9.19108245023938e-06
	8.879108448597769e-06
	8.506077363825935e-06
	8.202222675551115e-06
	8.032893300895535e-06
	7.974974768036035e-06
	8.017837188994292e-06
	8.129370331000869e-06
	8.30530200082128e-06
	8.527933531207321e-06
	8.706285727217622e-06
	8.7657868315904e-06
	8.735927862152315e-06
	8.656570432400788e-06
	8.530001233487142e-06
	8.478546262241461e-06
	8.559535171576638e-06
	8.664314566206261e-06
	8.713994701480058e-06
	8.678673622265097e-06
	8.591942429390056e-06
	8.521529530614912e-06
	8.565123870673117e-06
	8.762665237076059e-06
	9.118640692578802e-06
	9.511708646455663e-06
	9.673325129567157e-06
	9.504605405991798e-06
	9.075700153688004e-06
	8.611394649502328e-06
	8.301287357617616e-06
	8.184778803504017e-06
	8.229852456279218e-06
	8.435356468846782e-06
	8.708079323480019e-06
	8.884512876698752e-06
	8.882704101861671e-06
	8.731078123087707e-06
	8.538004827651278e-06
	8.395099360955011e-06
	8.306408472593753e-06
	8.230637932257879e-06
	8.193862347101178e-06
	8.274088382651493e-06
	8.50679922531194e-06
	8.845279107426958e-06
	9.123007163535653e-06
	9.241820431714355e-06
	9.169614031898857e-06
	8.961975971749873e-06
	8.754249102377141e-06
	8.686349972454206e-06
	8.785289154673493e-06
	9.009535325938452e-06
	9.280903656545137e-06
	9.461034242746118e-06
	9.580390029225706e-06
	9.729542260654544e-06
	9.882134274797115e-06
	9.927926567028796e-06
	9.878074832776099e-06
	9.80972918450869e-06
	9.782282164885882e-06
	9.813654799801561e-06
	9.880819133006022e-06
	9.916470100079528e-06
	9.889060925713909e-06
	9.817143689470945e-06
	9.761296600501125e-06
	9.745174635449209e-06
	9.788498718060686e-06
	9.901736193089057e-06
	1.00274090026865e-05
	1.012873503205218e-05
	1.014218224507124e-05
	1.007707967896817e-05
	9.994746204935678e-06
	9.885271807433599e-06
	9.774996095476315e-06
	9.606360045051715e-06
	9.35126217748104e-06
	9.16879522841038e-06
	9.17676126868156e-06
	9.341741218875908e-06
	9.538860506513027e-06
	9.724786217791795e-06
	9.901934799101132e-06
	1.007646290492981e-05
	1.021063819445906e-05
	1.027441550519069e-05
	1.032582654705762e-05
	1.041257396005156e-05
	1.049336456801931e-05
	1.051364895284263e-05
	1.042831527555474e-05
	1.030981852488959e-05
	1.022607631130692e-05
	1.017784866260737e-05
	1.009257349761313e-05
	9.917638679188663e-06
	9.72318922884493e-06
	9.572979266071286e-06
	9.462895478298895e-06
	9.479311425515076e-06
	9.597293624803541e-06
	9.741983839598389e-06
	9.84062660859447e-06
	9.897274320972173e-06
	9.884201882529344e-06
	9.763233089603843e-06
	9.561271883973824e-06
	9.388226691416739e-06
	9.310846149491374e-06
	9.298667663146929e-06
	9.324692490627055e-06
	9.374596934967719e-06
	9.432383515815922e-06
	9.490721533680005e-06
	9.526191305653951e-06
	9.51727571849011e-06
	9.46440161452513e-06
	9.3802935325167e-06
	9.293583945311805e-06
	9.229064047071556e-06
	9.186941086760176e-06
	9.143291944646947e-06
	9.098412822583977e-06
	9.076834043282253e-06
	9.076184679352107e-06
	9.10316742183774e-06
	9.167797684768279e-06
	9.204221961274923e-06
	9.156254858978182e-06
	9.049681978254614e-06
	8.919709137670201e-06
	8.759700955181785e-06
	8.641780417045577e-06
	8.573341958993059e-06
	8.582683502824331e-06
	8.700869390893662e-06
	8.873813694481888e-06
	9.050800673078213e-06
	9.166669706835818e-06
	9.181656471837671e-06
	9.0655461261305e-06
	8.846254002152563e-06
	8.563323142741583e-06
	8.301230714697724e-06
	8.168899605050206e-06
	8.217601407042266e-06
	8.428440852593922e-06
	8.690960807881085e-06
	8.938019171907205e-06
	9.17752316805888e-06
	9.342330803747508e-06
	9.356317449189197e-06
	9.199057397805783e-06
	8.990343426140075e-06
	8.762344189546778e-06
	8.553521298670798e-06
	8.463383426378728e-06
	8.526608224909603e-06
	8.800972661874401e-06
	9.133800462320688e-06
	9.288300436918495e-06
	9.229926737475958e-06
	9.030225912218387e-06
	8.776259855386371e-06
	8.564539478338813e-06
	8.396845930238939e-06
	8.181584192709497e-06
	7.912063244609082e-06
	7.649835292177383e-06
	7.513472125159217e-06
	7.653709969552945e-06
	7.951180031848208e-06
	8.226545141797892e-06
	8.324145238370112e-06
	8.173414628129786e-06
	7.900692856155809e-06
	7.701702409340347e-06
	7.608422227287581e-06
	7.651876801193753e-06
	7.852750708838131e-06
	8.096004535172205e-06
	8.262723517658913e-06
	8.340076850495721e-06
	8.307959166085792e-06
	8.193311021489404e-06
	8.084040560374496e-06
	8.008300733688376e-06
	8.003379541891084e-06
	8.08097735236946e-06
	8.21458081053993e-06
	8.336161948221417e-06
	8.393655406111542e-06
	8.40347332417436e-06
	8.447535596939684e-06
	8.543757458133031e-06
	8.641407014673793e-06
	8.656217677314492e-06
	8.509605560002991e-06
	8.195044386150714e-06
	7.824995056219657e-06
	7.531296098142663e-06
	7.417433558865887e-06
	7.392037807532858e-06
	7.406278018357003e-06
	7.439217975204412e-06
	7.499383888443534e-06
	7.626242441901374e-06
	7.78799529197059e-06
	7.884992852297956e-06
	7.828765057802722e-06
	7.650964128044437e-06
	7.501082118168725e-06
	7.412739073893761e-06
	7.380806088368265e-06
	7.377803182497311e-06
	7.349381394116551e-06
	7.260031122425887e-06
	7.167156654023077e-06
	7.133085822964026e-06
	7.150607175615076e-06
	7.209502307710586e-06
	7.278471027161706e-06
	7.335742418238354e-06
	7.42146811707491e-06
	7.583773648881678e-06
	7.783174658546962e-06
	7.929996445243508e-06
	7.987055704697236e-06
	7.946204984845526e-06
	7.810371181431729e-06
	7.667924728924425e-06
	7.627480596167221e-06
	7.676724586144893e-06
	7.753396709371532e-06
	7.80970626567654e-06
	7.836287156902189e-06
	7.863751891330663e-06
	7.97452965907685e-06
	8.191320892832736e-06
	8.481691195941022e-06
	8.757726739443268e-06
	8.88892473004367e-06
	8.808297975559508e-06
	8.575986013505287e-06
	8.295039637537597e-06
	8.035443195898636e-06
	7.989054301891304e-06
	8.22524436242271e-06
	8.601996468990861e-06
	8.968151142121005e-06
	9.22031649366704e-06
	9.26348735673622e-06
	9.124925702454528e-06
	8.937851620203832e-06
	8.773656521833128e-06
	8.632821169996191e-06
	8.51005164429815e-06
	8.443766922500573e-06
	8.480895237767254e-06
	8.565274689510009e-06
	8.600499383513744e-06
	8.519453253948868e-06
	8.315351985602558e-06
	8.048765064600237e-06
	7.848471306523634e-06
	7.749141668111292e-06
	7.704562553393547e-06
	7.686634558589723e-06
	7.63582540011196e-06
	7.577103810736062e-06
	7.606847217954947e-06
	7.77671483693511e-06
	8.030871259291437e-06
	8.266801628458744e-06
	8.446082324687903e-06
	8.519313432168648e-06
	8.467155675877329e-06
	8.428414379278183e-06
	8.449799547482309e-06
	8.506992407138775e-06
	8.558070431426121e-06
	8.618084729257049e-06
	8.727467684804241e-06
	8.797134141824427e-06
	8.729877635551585e-06
	8.530773296887371e-06
	8.297473532589104e-06
	8.098344350296995e-06
	7.962828634941609e-06
	7.899513677307802e-06
	7.889676073913892e-06
	7.910653686229116e-06
	7.961525893669612e-06
	8.007219001166697e-06
	8.075441548338621e-06
	8.137977670298253e-06
	8.117300336388543e-06
	7.97093159614798e-06
	7.794631935678987e-06
	7.650733046873238e-06
	7.572179466849757e-06
	7.574890408687386e-06
	7.645496348446206e-06
	7.682382153493705e-06
	7.690040271087472e-06
	7.701633379227111e-06
	7.700734136382405e-06
	7.740208130889775e-06
	7.768409106798264e-06
	7.712903066924758e-06
	7.593102330974105e-06
	7.481540126002879e-06
	7.434002730930648e-06
	7.514291114713719e-06
	7.628615826364624e-06
	7.695947592290286e-06
	7.80327708180391e-06
	7.987595871954074e-06
	8.205775164257654e-06
	8.38898697208595e-06
	8.43528509923328e-06
	8.244590615789968e-06
	7.866354350814547e-06
	7.597709092849781e-06
	7.68325925613437e-06
	8.074238455070183e-06
	8.521963051649445e-06
	8.859424305329063e-06
	9.032866076286035e-06
	9.020986117288395e-06
	8.88475942404112e-06
	8.746553431716737e-06
	8.668330809288504e-06
	8.644727161880171e-06
	8.640729944248929e-06
	8.604934343894175e-06
	8.49992754023141e-06
	8.359512213587502e-06
	8.177547006487913e-06
	8.001175545280176e-06
	7.88550983889908e-06
	7.838148053218299e-06
	7.832178557383118e-06
	7.824789560636547e-06
	7.797590332002352e-06
	7.79246298207828e-06
	7.806247687188496e-06
	7.835025129224523e-06
	7.873964996291726e-06
	7.919784326544191e-06
	7.969345770726744e-06
	8.02566736867438e-06
	8.069442432356685e-06
	8.065970663971294e-06
	8.035694446487079e-06
	8.021787453131147e-06
	8.065987786783856e-06
	8.190950889259408e-06
	8.389255832550955e-06
	8.556264153753945e-06
	8.615948521091938e-06
	8.574421127962307e-06
	8.506523442785235e-06
	8.473617851085076e-06
	8.511419917676006e-06
	8.611660050743818e-06
	8.731900914970585e-06
	8.728109862302488e-06
	8.586078632440102e-06
	8.450557541805705e-06
	8.434473505185195e-06
	8.536112902148906e-06
	8.663659827727651e-06
	8.724179890395072e-06
	8.673091952223664e-06
	8.565694133969616e-06
	8.469797547850305e-06
	8.381016726616452e-06
	8.3444594304119e-06
	8.437115020907992e-06
	8.661371427598085e-06
	8.900643852513611e-06
	9.015297745555837e-06
	8.971291129662122e-06
	8.803588073706783e-06
	8.614596315206679e-06
	8.525765871411806e-06
	8.566821044183751e-06
	8.649132687315706e-06
	8.634480211621025e-06
	8.510098910583879e-06
	8.314407586087192e-06
	8.072184193983584e-06
	7.860949499551957e-06
	7.749196047831531e-06
	7.795720748111153e-06
	7.853318709170184e-06
	7.813112767577871e-06
	7.683918669768908e-06
	7.499707264085915e-06
	7.305605032002339e-06
	7.173947469238753e-06
	7.149490396417209e-06
	7.206750388388613e-06
	7.273158100060768e-06
	7.295353958193381e-06
	7.265090805002326e-06
	7.246091382772216e-06
	7.28911644416648e-06
	7.354848196826199e-06
	7.457165312229671e-06
	7.575810959153674e-06
	7.683069048322231e-06
	7.768444956195418e-06
	7.879295670485584e-06
	8.026137425223213e-06
	8.183680897939793e-06
	8.326408994736832e-06
	8.414048622954583e-06
	8.388241527101335e-06
	8.220132169326687e-06
	7.941124066551709e-06
	7.688015653482874e-06
	7.561576822314127e-06
	7.598769669995333e-06
	7.752615782092182e-06
	7.912051057964526e-06
	8.06697510684959e-06
	8.264084606969382e-06
	8.433687687755459e-06
	8.476797358103433e-06
	8.401102165886663e-06
	8.27659269988353e-06
	8.178713751424289e-06
	8.107504131508303e-06
	8.022854926858606e-06
	7.898852158688723e-06
	7.796849612017343e-06
	7.768818700779882e-06
	7.827925511183559e-06
	7.942778179923794e-06
	8.044338522152125e-06
	8.112498005551425e-06
	8.147407419220953e-06
	8.122200451066584e-06
	7.999589798080073e-06
	7.811125882763803e-06
	7.64757999897242e-06
	7.608869439792273e-06
	7.684147405780478e-06
	7.76851580277577e-06
	7.822147814362886e-06
	7.824022283730149e-06
	7.775202067324259e-06
	7.706966279460667e-06
	7.648255457922064e-06
	7.631114755302854e-06
	7.68991986285655e-06
	7.770319642285334e-06
	7.83205360747266e-06
	7.842667045369409e-06
	7.74777807845539e-06
	7.605739471222634e-06
	7.573870485660821e-06
	7.687327321934103e-06
	7.838274193704525e-06
	7.941709074030177e-06
	8.003512163667753e-06
	8.03934517493108e-06
	8.029814276882572e-06
	7.9652138498458e-06
	7.901176754256045e-06
	7.88030889186953e-06
	7.898946844021764e-06
	7.895922977898723e-06
	7.871818960225261e-06
	7.901305691170522e-06
	7.996772178954768e-06
	8.133662386878884e-06
	8.251494699138358e-06
	8.303948225221647e-06
	8.224409935134052e-06
	8.040625335546107e-06
	7.827199783152803e-06
	7.641635112866216e-06
	7.529747106405269e-06
	7.47915159424199e-06
	7.479652310009088e-06
	7.461010291810385e-06
	7.425788324395476e-06
	7.475874624217059e-06
	7.633202823416324e-06
	7.83018294902407e-06
	7.917977875254499e-06
	7.913365425116767e-06
	7.806587067700698e-06
	7.577257467348564e-06
	7.395962562098709e-06
	7.405355272006985e-06
	7.595217828532075e-06
	7.800650045350775e-06
	7.941986426252855e-06
	7.999507399240749e-06
	7.954019939818967e-06
	7.860701824193124e-06
	7.784972473732204e-06
	7.726065553857546e-06
	7.677040575357542e-06
	7.679499939427263e-06
	7.674742450432866e-06
	7.672852034023036e-06
	7.704421608179593e-06
	7.722508692747303e-06
	7.705352406816444e-06
	7.662602305193773e-06
	7.628527471845806e-06
	7.654347785816069e-06
	7.685380462811941e-06
	7.663532121109792e-06
	7.614486321620916e-06
	7.568779223581486e-06
	7.495019567748506e-06
	7.315471805124215e-06
	7.068671999043481e-06
	6.906019108892339e-06
	6.884054960262622e-06
	6.936850186274706e-06
	6.943929196569461e-06
	6.846663122756802e-06
	6.704518207087767e-06
	6.600006954717174e-06
	6.556827418935414e-06
	6.579133851555909e-06
	6.690419381411737e-06
	6.842962412964155e-06
	7.00769964139313e-06
	7.164480193150443e-06
	7.283272223162029e-06
	7.343993631193303e-06
	7.341750021927599e-06
	7.254585939394754e-06
	7.097400410379165e-06
	6.9310199918508e-06
	6.816402192058154e-06
	6.764570433850874e-06
	6.752291268466692e-06
	6.756601728087624e-06
	6.757401709389186e-06
	6.752634924157125e-06
	6.75164450412397e-06
	6.721737865659576e-06
	6.69700050301332e-06
	6.684147540886301e-06
	6.692948149774158e-06
	6.730999643319768e-06
	6.794721769583657e-06
	6.884159859718466e-06
	6.968531915555764e-06
	6.996321053905176e-06
	7.019642421978394e-06
	7.098047626043705e-06
	7.249098859956471e-06
	7.455781825188836e-06
	7.705555354423533e-06
	7.961223404310585e-06
	8.13332333312881e-06
	8.189399400750426e-06
	8.174995549203783e-06
	8.125142567346379e-06
	8.087704563671297e-06
	8.088972511519848e-06
	8.082054826977276e-06
	8.030500201729442e-06
	7.950028353702116e-06
	7.826673776923749e-06
	7.682411036225269e-06
	7.562116575522849e-06
	7.516911349720124e-06
	7.633558310551541e-06
	7.993326742807598e-06
	8.528056505726464e-06
	9.03629651309835e-06
	9.313554555875664e-06
	9.311201332502857e-06
	9.064424924983824e-06
	8.61653715656468e-06
	8.122009282767808e-06
	7.801921234129695e-06
	7.798166484871984e-06
	7.995562832599509e-06
	8.14223729155988e-06
	8.108320405793879e-06
	7.942701814711383e-06
	7.777043060988821e-06
	7.650906527719923e-06
	7.558620558197842e-06
	7.489043057668733e-06
	7.456595922937667e-06
	7.454101948282943e-06
	7.511784577754219e-06
	7.602483229399781e-06
	7.674028130299076e-06
	7.734148263857737e-06
	7.813331808722489e-06
	7.877989472063657e-06
	7.894990473007209e-06
	7.847877071723244e-06
	7.807434704006901e-06
	7.863414452569534e-06
	8.029561426401033e-06
	8.249502367475978e-06
	8.483937744586487e-06
	8.684654477377678e-06
	8.773664260983492e-06
	8.701879347351481e-06
	8.533325411098761e-06
	8.383861809124077e-06
	8.300222572771835e-06
	8.254735839439171e-06
	8.178405126820238e-06
	8.034783680108991e-06
	7.798119216748361e-06
	7.519589895875697e-06
	7.335068425485496e-06
	7.280191552892099e-06
	7.295703606665892e-06
	7.314825306816871e-06
	7.305902744786661e-06
	7.283885074432999e-06
	7.270407298301896e-06
	7.269959952105412e-06
	7.280242600798164e-06
	7.305531974992638e-06
	7.331289849297018e-06
	7.363764644032815e-06
	7.42974425356037e-06
	7.548854946702287e-06
	7.687556138430199e-06
	7.819851296646046e-06
	7.913961312179494e-06
	7.938427638730145e-06
	7.913620434747015e-06
	7.870654532304376e-06
	7.820668986277088e-06
	7.772775063840322e-06
	7.720608853017474e-06
	7.649976700785535e-06
	7.592603202369208e-06
	7.550379491604107e-06
	7.483032068013693e-06
	7.368395897337791e-06
	7.251576941317602e-06
	7.199027879021889e-06
	7.208019309439727e-06
	7.23084362059875e-06
	7.222744915971881e-06
	7.183128322025469e-06
	7.139772870807518e-06
	7.170905751833709e-06
	7.300153858082141e-06
	7.515307892763342e-06
	7.715676137717104e-06
	7.920256824151945e-06
	8.122912752176331e-06
	8.265090537821734e-06
	8.301842000071612e-06
	8.168564505556441e-06
	7.919279750738552e-06
	7.718194259548761e-06
	7.679446851820285e-06
	7.808968796560756e-06
	8.035879927818735e-06
	8.272372557305638e-06
	8.45129285126636e-06
	8.555940395384261e-06
	8.558183688487189e-06
	8.517047012248059e-06
	8.480172323547232e-06
	8.433910837187566e-06
	8.320864201554544e-06
	8.187568461418135e-06
	8.110092903553611e-06
	8.091501062681165e-06
	8.111859164649782e-06
	8.220904908072852e-06
	8.409531484702716e-06
	8.48699410340095e-06
	8.409938670497123e-06
	8.284094879299437e-06
	8.199417424292357e-06
	8.147072955364526e-06
	8.114456749736073e-06
	8.061935113659542e-06
	8.024778675181744e-06
	8.042614748853951e-06
	8.068959127570659e-06
	8.036382329548313e-06
	7.954993142872359e-06
	7.888137348312802e-06
	7.902241148166096e-06
	7.961470425415655e-06
	8.02251090029009e-06
	8.089894059764187e-06
	8.197235678457235e-06
	8.337137865786399e-06
	8.50823493922441e-06
	8.559643276707928e-06
	8.405980309740561e-06
	8.107491834528761e-06
	7.832272578397369e-06
	7.692369318010153e-06
	7.759743909337466e-06
	7.976101439057201e-06
	8.218973133317841e-06
	8.370487746429055e-06
	8.393383916691201e-06
	8.271219751165931e-06
	8.073467202194792e-06
	7.915672424920484e-06
	7.870994535318941e-06
	7.999357094698496e-06
	8.2271576341059e-06
	8.424915214684943e-06
	8.508903506637632e-06
	8.48914736818178e-06
	8.41048063204215e-06
	8.311947362032623e-06
	8.25130809674282e-06
	8.254013298162091e-06
	8.322457529219703e-06
	8.414277074836312e-06
	8.489349620724408e-06
	8.513264561447846e-06
	8.52243722649004e-06
	8.526253581953808e-06
	8.512687899542634e-06
	8.496399899578205e-06
	8.478556207832148e-06
	8.497377500463332e-06
	8.533434539233892e-06
	8.515973610071374e-06
	8.444409872816547e-06
	8.290381799449773e-06
	8.108333043251313e-06
	8.070288107705786e-06
	8.23477977537721e-06
	8.47197601081356e-06
	8.622455265268411e-06
	8.65138394923683e-06
	8.606985833088616e-06
	8.524029233362503e-06
	8.443704300238217e-06
	8.384676778243928e-06
	8.372497956037741e-06
	8.447319937457943e-06
	8.635317082279473e-06
	8.817963336333806e-06
	8.859793086341624e-06
	8.755204356254764e-06
	8.568028251037484e-06
	8.421101142881589e-06
	8.40290230455282e-06
	8.493106668003753e-06
	8.530854003684765e-06
	8.449285548521269e-06
	8.293910340332066e-06
	8.132716652843747e-06
	8.045082796007955e-06
	8.077906215306845e-06
	8.202513029252979e-06
	8.341626768222677e-06
	8.488195482669332e-06
	8.626050993281187e-06
	8.681057178571387e-06
	8.605277628402985e-06
	8.41354723016604e-06
	8.199861053259942e-06
	8.07742259179386e-06
	8.107335288223848e-06
	8.278563491959756e-06
	8.524975318184415e-06
	8.741641896831297e-06
	8.855264614711938e-06
	8.806581679572322e-06
	8.609268214046205e-06
	8.297450133473871e-06
	8.047922376698908e-06
	7.905045131687422e-06
	7.827348215537261e-06
	7.840425979079225e-06
	7.960594237330056e-06
	8.117023114765128e-06
	8.300012538222497e-06
	8.506095883867115e-06
	8.698717757690948e-06
	8.822946558189168e-06
	8.808601157073202e-06
	8.613842162651942e-06
	8.289253861534795e-06
	7.987500682767859e-06
	7.876817706887159e-06
	8.018989456060876e-06
	8.320371573489054e-06
	8.646423267549294e-06
	8.89146021805984e-06
	8.992292790796561e-06
	8.939778389838986e-06
	8.731985668630822e-06
	8.360364276947294e-06
	7.968256564165779e-06
	7.670311924371487e-06
	7.518151727126978e-06
	7.483236744448629e-06
	7.500368511999673e-06
	7.555678642884081e-06
	7.639578127959484e-06
	7.732075996142916e-06
	7.825979440888932e-06
	7.88598166624226e-06
	7.838877503741582e-06
	7.651482973848437e-06
	7.422112127001096e-06
	7.247295168545348e-06
	7.147787197532345e-06
	7.130970806832991e-06
	7.274381007173853e-06
	7.538010058024541e-06
	7.751662982183022e-06
	7.834764331684121e-06
	7.754775947824832e-06
	7.55272287335332e-06
	7.27226631845654e-06
	6.994858874349017e-06
	6.791265581953902e-06
	6.712111150555783e-06
	6.741001853672363e-06
	6.825403441050127e-06
	6.911032001298929e-06
	6.98782386084402e-06
	7.035563191932868e-06
	7.05166511810011e-06
	7.051545640505161e-06
	7.054679924075754e-06
	7.044235018112178e-06
	7.015257407306368e-06
	6.982639399855926e-06
	6.930298979422143e-06
	6.900007048687464e-06
	6.912131930560399e-06
	6.924027487569456e-06
	6.876072059118429e-06
	6.82894445908478e-06
	6.795186227560658e-06
	6.762098621924741e-06
	6.706273209526258e-06
	6.638428784680352e-06
	6.596843281258593e-06
	6.606666659074662e-06
	6.703981440848045e-06
	6.846146405256677e-06
	6.936295589557198e-06
	6.912065607813695e-06
	6.787336790709133e-06
	6.668422167666944e-06
	6.715645820883371e-06
	6.989060686146668e-06
	7.362117945898916e-06
	7.6874985991337e-06
	7.893248313325118e-06
	7.927070581972706e-06
	7.840193161206512e-06
	7.693687537218119e-06
	7.623157449942998e-06
	7.642616220142849e-06
	7.685072364274849e-06
	7.781161037049734e-06
	7.947197824653169e-06
	8.155201819079739e-06
	8.287978620707291e-06
	8.252712561677699e-06
	8.082737037153636e-06
	7.86128079025544e-06
	7.657278517547907e-06
	7.548089075149778e-06
	7.54529697948061e-06
	7.605675029630754e-06
	7.677950293064685e-06
	7.694187771962864e-06
	7.667453784451718e-06
	7.6603398552887e-06
	7.694435224349921e-06
	7.824256435732383e-06
	8.008324522961938e-06
	8.19471937051831e-06
	8.31154210650877e-06
	8.333590981542125e-06
	8.22328709357631e-06
	8.021366132959544e-06
	7.789965258978576e-06
	7.610666217815134e-06
	7.51050742078241e-06
	7.497123039965731e-06
	7.593592912940139e-06
	7.778694927154506e-06
	7.994604219568987e-06
	8.151646405322266e-06
	8.206243415599828e-06
	8.162820549175069e-06
	8.059053892701933e-06
	7.93509448030669e-06
	7.822539140076832e-06
	7.743641791777468e-06
	7.713888733225769e-06
	7.758347932649933e-06
	7.861148661910354e-06
	7.982119478832897e-06
	8.103731357019723e-06
	8.179636786382289e-06
	8.179675202798287e-06
	8.114851214784831e-06
	8.032049325280018e-06
	7.99811388791623e-06
	8.001284850646687e-06
	8.027134001090792e-06
	8.054106472938667e-06
	8.073813875544943e-06
	8.07461096845183e-06
	8.061064993389883e-06
	8.092970246878156e-06
	8.151150783339106e-06
	8.231250643449285e-06
	8.284445748738715e-06
	8.301025020476558e-06
	8.329032563659767e-06
	8.397744134429746e-06
	8.411100229956314e-06
	8.324609306750803e-06
	8.175436530560952e-06
	8.033264256601201e-06
	7.967635204508203e-06
	8.002687625683639e-06
	8.1279104273364e-06
	8.319286229585828e-06
	8.529627136812617e-06
	8.704479308128225e-06
	8.812995748649069e-06
	8.822525842579508e-06
	8.707896091562897e-06
	8.462377791791694e-06
	8.15786438920076e-06
	7.929635955160271e-06
	7.869999256343989e-06
	7.945524403298044e-06
	8.058645747929531e-06
	8.110427561080101e-06
	8.087046410022153e-06
	8.005894435731352e-06
	7.871870836174728e-06
	7.705775448245451e-06
	7.598271084441154e-06
	7.592689412016016e-06
	7.670802344993821e-06
	7.816658105907827e-06
	8.019528410976713e-06
	8.262816476998131e-06
	8.524176043893386e-06
	8.748730248880098e-06
	8.913558630581654e-06
	9.031992627272771e-06
	9.127997061036984e-06
	9.212878121609096e-06
	9.248236774380288e-06
	9.176434050738773e-06
	8.993915749122703e-06
	8.711807733112851e-06
	8.348714360052788e-06
	8.056370313414267e-06
	8.029369465736648e-06
	8.245987724713185e-06
	8.489410266376796e-06
	8.662691732286832e-06
	8.806225777451692e-06
	8.9040261786607e-06
	8.881848824255916e-06
	8.763608814077459e-06
	8.645523823884836e-06
	8.631055932719013e-06
	8.700715403538321e-06
	8.800476715143533e-06
	8.923427691695166e-06
	9.11745116748953e-06
	9.269535482720157e-06
	9.377001551126942e-06
	9.370359230509568e-06
	9.198652701818563e-06
	8.982113522699831e-06
	8.750346595814162e-06
	8.489958830380959e-06
	8.278459646172704e-06
	8.12913911798153e-06
	8.008749176918604e-06
	7.883147236373903e-06
	7.763818428594769e-06
	7.700691108003527e-06
	7.74818935688204e-06
	7.86852301711413e-06
	7.960854387884916e-06
	7.999860791812362e-06
	7.951808839561863e-06
	7.839141828154189e-06
	7.68397684735348e-06
	7.509558031056073e-06
	7.399830485819926e-06
	7.391660884089815e-06
	7.423492582605769e-06
	7.408211415812729e-06
	7.333111413492939e-06
	7.23504163598043e-06
	7.142874933457449e-06
	7.050836665096636e-06
	6.969490597345863e-06
	6.89530379516189e-06
	6.839585904672083e-06
	6.805798041394714e-06
	6.838538757710056e-06
	6.884879399652299e-06
	6.88638761616404e-06
	6.843502923871877e-06
	6.825480482317708e-06
	6.886429862065791e-06
	7.06198494655032e-06
	7.319621682696974e-06
	7.537419609560789e-06
	7.61702923792033e-06
	7.576595471075948e-06
	7.478050384230863e-06
	7.359809946421789e-06
	7.300195428618392e-06
	7.320071095957301e-06
	7.40371460416212e-06
	7.518034237385233e-06
	7.655484539888878e-06
	7.784493143460651e-06
	7.880589747542316e-06
	7.937741008510115e-06
	7.9058703209474e-06
	7.760846488814741e-06
	7.588575435764882e-06
	7.525644800986299e-06
	7.609656742380004e-06
	7.745116637507818e-06
	7.831126533543338e-06
	7.858772170651554e-06
	7.853203522872079e-06
	7.841621555562373e-06
	7.838531050746506e-06
	7.821715401832435e-06
	7.770109507886813e-06
	7.679066789691698e-06
	7.589714305360436e-06
	7.560690805975663e-06
	7.651999496276564e-06
	7.847924898585143e-06
	8.011363386542101e-06
	7.98295803374944e-06
	7.829366113165857e-06
	7.640055068168314e-06
	7.46742297619931e-06
	7.368278125793921e-06
	7.438916580142779e-06
	7.6757823259684e-06
	7.898643637339743e-06
	7.941027493319998e-06
	7.873252954003386e-06
	7.786647010894934e-06
	7.673168990122039e-06
	7.564416169749841e-06
	7.595327772086146e-06
	7.802968697773255e-06
	8.104324176490379e-06
	8.376042956247076e-06
	8.561549931771121e-06
	8.621185433071139e-06
	8.514824754593532e-06
	8.31173726583572e-06
	8.188458926274648e-06
	8.114727674289015e-06
	8.074899408722981e-06
	8.058836236295682e-06
	8.031242259120498e-06
	8.024668488092037e-06
	8.127108094727549e-06
	8.384928200655358e-06
	8.680167880979919e-06
	8.825094758070574e-06
	8.698816058042727e-06
	8.375592130674093e-06
	8.004397669525048e-06
	7.683672898148886e-06
	7.47743238258336e-06
	7.414252565715775e-06
	7.497692575809029e-06
	7.643013863969254e-06
	7.762746595421921e-06
	7.82914336637762e-06
	7.830413739912354e-06
	7.787324200942756e-06
	7.735109393193415e-06
	7.678983781362878e-06
	7.604227973631916e-06
	7.526970251148337e-06
	7.493649440238888e-06
	7.527842594015002e-06
	7.589314989906838e-06
	7.61385206651549e-06
	7.592969657480177e-06
	7.513021985005969e-06
	7.388811573993678e-06
	7.283566228668109e-06
	7.260008951504909e-06
	7.322188146387192e-06
	7.359088889743885e-06
	7.278445299408518e-06
	7.153312486650283e-06
	7.044486724758292e-06
	6.958344370545502e-06
	6.88838079351224e-06
	6.805887880313743e-06
	6.722188422750283e-06
	6.667133892697055e-06
	6.656972386692782e-06
	6.675900572374256e-06
	6.740090972630068e-06
	6.840179335064673e-06
	6.932254214278625e-06
	6.997235869722791e-06
	7.060534210593484e-06
	7.195360514896733e-06
	7.390654751650356e-06
	7.59101330358563e-06
	7.754786942948074e-06
	7.866877569993881e-06
	7.906665992119407e-06
	7.880764453011827e-06
	7.824155382863357e-06
	7.779362203222445e-06
	7.773812903855491e-06
	7.798169897962402e-06
	7.862555048809533e-06
	7.929768758249851e-06
	7.973003277695225e-06
	8.023253462066735e-06
	8.134405782379507e-06
	8.302619509603369e-06
	8.542860952341463e-06
	8.785411934517587e-06
	8.887278978399198e-06
	8.758194347747593e-06
	8.426878296945098e-06
	8.085707107506186e-06
	7.880668432995433e-06
	7.80194930197019e-06
	7.798202363361418e-06
	7.835422328394828e-06
	7.885423800394915e-06
	7.918963743528655e-06
	7.952887352288425e-06
	7.999722038212456e-06
	8.092472552900335e-06
	8.245595259728775e-06
	8.387111380499275e-06
	8.457006284321637e-06
	8.442178442632125e-06
	8.378540957399691e-06
	8.318915840453514e-06
	8.315718335187066e-06
	8.40822133669676e-06
	8.535920582650092e-06
	8.626310126420617e-06
	8.597906545101041e-06
	8.501832936955472e-06
	8.394575999809936e-06
	8.307888773737639e-06
	8.27012684128724e-06
	8.304407425794507e-06
	8.3900903200261e-06
	8.45969405873483e-06
	8.435531381128013e-06
	8.299750896030103e-06
	8.100861537067114e-06
	7.972850735441528e-06
	8.033384609425399e-06
	8.252027449029652e-06
	8.507321953389123e-06
	8.697318366617013e-06
	8.755917164312889e-06
	8.666765298007459e-06
	8.500940817168398e-06
	8.370426615628308e-06
	8.354178364964046e-06
	8.409319919541601e-06
	8.491045213871954e-06
	8.550325521934233e-06
	8.586949727229368e-06
	8.604285561697794e-06
	8.599651674987944e-06
	8.56765386303716e-06
	8.539219749758083e-06
	8.533461234189393e-06
	8.641571672900345e-06
	8.922142887212526e-06
	9.312027618016493e-06
	9.668642655195974e-06
	9.842791991810851e-06
	9.626196443400372e-06
	9.189312215066439e-06
	8.851174228153325e-06
	8.887472607888913e-06
	9.274367959468565e-06
	9.761811951865255e-06
	1.001076107116641e-05
	9.931264042574574e-06
	9.666399868816393e-06
	9.352217956185661e-06
	9.127773632936466e-06
	8.98490706150384e-06
	8.873963538299056e-06
	8.821992520013012e-06
	8.879855043615026e-06
	9.031154739082535e-06
	9.206705431717257e-06
	9.349657967948652e-06
	9.380749243207896e-06
	9.338327811409688e-06
	9.266443160058984e-06
	9.162832150755524e-06
	9.039618971968108e-06
	8.916746642671241e-06
	8.830991493410411e-06
	8.798181359888835e-06
	8.802364237925486e-06
	8.890111040265275e-06
	9.070859458260868e-06
	9.344160363052306e-06
	9.636222112080199e-06
	9.771309462617239e-06
	9.602583605108483e-06
	9.183084048866393e-06
	8.701505759578954e-06
	8.390273425325458e-06
	8.283209183424905e-06
	8.309646659421448e-06
	8.444465993447969e-06
	8.639805698571606e-06
	8.813446382511338e-06
	8.910042133164541e-06
	8.897546540095365e-06
	8.776258751087317e-06
	8.593765872086898e-06
	8.391778890802151e-06
	8.227500657697669e-06
	8.106031608811814e-06
	7.98398383709963e-06
	7.849227319452213e-06
	7.743555876005598e-06
	7.666016683792075e-06
	7.620027085865293e-06
	7.565917088882156e-06
	7.482059049022155e-06
	7.360647328886638e-06
	7.218811983497752e-06
	7.160054178281312e-06
	7.251334624564953e-06
	7.387783390952323e-06
	7.406501301624598e-06
	7.380327715425568e-06
	7.383343045320283e-06
	7.399151182279407e-06
	7.410316398705716e-06
	7.40767808046735e-06
	7.404266818262966e-06
	7.369175777463866e-06
	7.205382019710407e-06
	6.953841633583585e-06
	6.738212937654319e-06
	6.667692746950654e-06
	6.620620384052215e-06
	6.520413522325936e-06
	6.420441554124784e-06
	6.360143162877194e-06
	6.300451215915594e-06
	6.236653682872831e-06
	6.242422641487683e-06
	6.359119316603269e-06
	6.505675720202547e-06
	6.604985504965093e-06
	6.634718741819957e-06
	6.576617283121636e-06
	6.503317850487378e-06
	6.466830828367954e-06
	6.543896886754935e-06
	6.71985794587033e-06
	6.893926104391886e-06
	6.968890106210765e-06
	6.937831187690847e-06
	6.850875239814027e-06
	6.744631765235961e-06
	6.63483395259085e-06
	6.569738428025507e-06
	6.598712316465481e-06
	6.663970277166742e-06
	6.767409576252923e-06
	6.863144314068202e-06
	6.864991686852565e-06
	6.811939547243898e-06
	6.826064971579286e-06
	6.936622315626512e-06
	7.041024784449105e-06
	7.115126963646943e-06
	7.171185570066695e-06
	7.258588228378791e-06
	7.395884143032919e-06
	7.548083598181328e-06
	7.673270111084213e-06
	7.654286107043464e-06
	7.489911189776402e-06
	7.21831407318912e-06
	6.9605197216397e-06
	6.914255063323186e-06
	7.124844879646704e-06
	7.43818570983641e-06
	7.663831210209233e-06
	7.682304873331679e-06
	7.512555097061548e-06
	7.297180465949461e-06
	7.150334050001271e-06
	7.08566536181705e-06
	7.101508463998124e-06
	7.170713911732779e-06
	7.160873594175073e-06
	6.983369697864412e-06
	6.686377063591695e-06
	6.467671418536498e-06
	6.436638604913351e-06
	6.530685460759042e-06
	6.63561893232251e-06
	6.693794298000342e-06
	6.722415064082324e-06
	6.720985383901214e-06
	6.727017673328893e-06
	6.766633553647437e-06
	6.839416420959848e-06
	6.935774402507302e-06
	7.074686440429226e-06
	7.228745722649648e-06
	7.375035404922723e-06
	7.455390925660646e-06
	7.492282472610373e-06
	7.506062590749695e-06
	7.519342693118918e-06
	7.590443557963678e-06
	7.727181031716579e-06
	7.909271411031199e-06
	8.001974295649752e-06
	7.894755402289021e-06
	7.615953194976045e-06
	7.307164517780341e-06
	7.082215417414215e-06
	7.006835580465103e-06
	7.045844222539453e-06
	7.149563832975808e-06
	7.277152384489227e-06
	7.383287919490554e-06
	7.4265075133422e-06
	7.421447534622812e-06
	7.369193104329227e-06
	7.349992841151825e-06
	7.397867769881436e-06
	7.427547777799576e-06
	7.387638820607825e-06
	7.268725748557534e-06
	7.136676374574439e-06
	7.034025673476527e-06
	7.007460467197808e-06
	7.028068330749799e-06
	7.072900213936527e-06
	7.162791883689426e-06
	7.316365746298319e-06
	7.573526589681623e-06
	7.927409477029219e-06
	8.27826123894534e-06
	8.525471493180558e-06
	8.647450814703764e-06
	8.64380949432331e-06
	8.538789718669387e-06
	8.396191536790169e-06
	8.329468029667315e-06
	8.467960608479287e-06
	8.757374606971771e-06
	9.051602921317666e-06
	9.237646323285171e-06
	9.259312661857019e-06
	9.122716933066282e-06
	8.912075716310522e-06
	8.694980227541059e-06
	8.542936896112719e-06
	8.523808740495914e-06
	8.598528045682729e-06
	8.638440773169549e-06
	8.565649067867494e-06
	8.394732767949588e-06
	8.236873911408326e-06
	8.164210457237151e-06
	8.236239444710286e-06
	8.488039218085191e-06
	8.910293408278216e-06
	9.391159522848898e-06
	9.758074791380151e-06
	9.798860257321471e-06
	9.506984640624068e-06
	9.025045340492482e-06
	8.591287127925028e-06
	8.357677044841126e-06
	8.329635883029924e-06
	8.406802431988149e-06
	8.401322183536685e-06
	8.366902393483145e-06
	8.293321201700686e-06
	8.240600801937888e-06
	8.226179709128377e-06
	8.276285281942524e-06
	8.36820146504489e-06
	8.445694199062585e-06
	8.448275155631581e-06
	8.339689060851866e-06
	8.11921617567997e-06
	7.813400056586577e-06
	7.514951083317382e-06
	7.312312378411585e-06
	7.320999740868203e-06
	7.503140070891816e-06
	7.737045826011118e-06
	7.874874322603289e-06
	7.876324981896381e-06
	7.767475594634574e-06
	7.615634314339272e-06
	7.489987316450046e-06
	7.410177319654377e-06
	7.437967776388823e-06
	7.479080059529938e-06
	7.475654625770126e-06
	7.418568345328389e-06
	7.279451839681122e-06
	7.054844693004825e-06
	6.911604370892419e-06
	6.957393814281125e-06
	7.189685180748172e-06
	7.456409559358711e-06
	7.626447843127737e-06
	7.690153073142807e-06
	7.66059578825014e-06
	7.546250261620757e-06
	7.402433322610419e-06
	7.250794220484051e-06
	7.169197501365231e-06
	7.223319511678841e-06
	7.354827433543208e-06
	7.466898855411348e-06
	7.537537696039438e-06
	7.535301933867716e-06
	7.447409921758185e-06
	7.280019324131312e-06
	7.116038267469372e-06
	7.009473325887205e-06
	6.926453645068965e-06
	6.905347964105023e-06
	6.98739439888773e-06
	7.127328461512222e-06
	7.256800708696499e-06
	7.346780580353762e-06
	7.380218123613998e-06
	7.363485342386047e-06
	7.332825938295031e-06
	7.29840733097496e-06
	7.266315230380638e-06
	7.220186445095798e-06
	7.150798097544525e-06
	7.068278830697396e-06
	7.033800884303965e-06
	7.092939609302555e-06
	7.224716243834605e-06
	7.383142706552006e-06
	7.575347610456404e-06
	7.762296366830528e-06
	7.915749945823688e-06
	8.042172627502352e-06
	8.164620030272208e-06
	8.320177948850799e-06
	8.507939591780707e-06
	8.734016392752052e-06
	8.967935771190596e-06
	9.037958871420553e-06
	8.88670629676602e-06
	8.604778692320962e-06
	8.287122190121552e-06
	8.076314931962768e-06
	8.136634685287636e-06
	8.423027287854787e-06
	8.662593821662986e-06
	8.720702744102908e-06
	8.621293622484566e-06
	8.394727186667822e-06
	8.090180799860808e-06
	7.793278197574863e-06
	7.622087908577925e-06
	7.658892838636428e-06
	7.883749524992907e-06
	8.198531027919064e-06
	8.536632520858596e-06
	8.803269687199898e-06
	8.918359649198618e-06
	8.879701574691939e-06
	8.722800399191175e-06
	8.513536128749746e-06
	8.272106191909219e-06
	8.040795995196874e-06
	7.892057161811571e-06
	7.923897720987857e-06
	8.092703908209862e-06
	8.276940316628925e-06
	8.353345382463988e-06
	8.284330744353245e-06
	8.125562609660851e-06
	7.935709248604538e-06
	7.735390553410152e-06
	7.595436497516063e-06
	7.617316832573175e-06
	7.789801090645867e-06
	7.958524809383304e-06
	8.025943629870389e-06
	8.005047774714205e-06
	7.934847988439049e-06
	7.811290442499395e-06
	7.671039946762174e-06
	7.595952909197852e-06
	7.624533682530552e-06
	7.652582961289177e-06
	7.582514599604083e-06
	7.444130170137094e-06
	7.348903556796713e-06
	7.305320366462492e-06
	7.272835017570949e-06
	7.234165450311783e-06
	7.182944060811346e-06
	7.112703300605553e-06
	7.05168104057872e-06
	6.972174618166166e-06
	6.842790061070854e-06
	6.706916469422397e-06
	6.598780283000855e-06
	6.545775299779059e-06
	6.518373626356629e-06
	6.491178502412114e-06
	6.502265816884513e-06
	6.617921512667773e-06
	6.818356187624369e-06
	7.016665011153131e-06
	7.144365948176626e-06
	7.19744541748612e-06
	7.171475928324918e-06
	7.121247398295466e-06
	6.972993416652287e-06
	6.766376235049406e-06
	6.552293916670854e-06
	6.494463921376773e-06
	6.620570539810857e-06
	6.813665961667477e-06
	6.99159730246293e-06
	7.122932154594239e-06
	7.204296320830521e-06
	7.249258820302567e-06
	7.273080995843158e-06
	7.302069893994851e-06
	7.340621584694072e-06
	7.362736131060319e-06
	7.37256303692691e-06
	7.382588731848362e-06
	7.377972222591219e-06
	7.362918488415656e-06
	7.39513532786761e-06
	7.520290212978642e-06
	7.727049054860843e-06
	7.975101367385837e-06
	8.131925449411873e-06
	8.201770339658055e-06
	8.213813579964243e-06
	8.185292989945118e-06
	8.188524674051025e-06
	8.159656762306885e-06
	7.98470418242128e-06
	7.621270080354272e-06
	7.220372022944863e-06
	7.032520701558887e-06
	7.135233694056253e-06
	7.333877653843407e-06
	7.468947868449938e-06
	7.525423659457496e-06
	7.570112389878321e-06
	7.622181348453407e-06
	7.638160809898475e-06
	7.564183463729557e-06
	7.402593736024223e-06
	7.219668454012888e-06
	7.062896393991937e-06
	6.994825836488146e-06
	7.020725664921634e-06
	7.16271244335397e-06
	7.389029708086433e-06
	7.566012397645996e-06
	7.60327052999606e-06
	7.500285133677881e-06
	7.295880217344656e-06
	7.073084908507507e-06
	6.888630113227287e-06
	6.806572839242229e-06
	6.844518843405464e-06
	6.926487268832455e-06
	6.964921993435962e-06
	6.936272442840782e-06
	6.879089219138023e-06
	6.838639604004025e-06
	6.822934165310192e-06
	6.813107276549672e-06
	6.815683355068199e-06
	6.866021181249547e-06
	6.981934901436062e-06
	7.095234598847299e-06
	7.188232168495517e-06
	7.300605500705604e-06
	7.369175981577936e-06
	7.317318769957755e-06
	7.116364170434079e-06
	6.828377311007548e-06
	6.593493368860836e-06
	6.523958112037952e-06
	6.639399871866139e-06
	6.811993333990473e-06
	6.950341319479943e-06
	6.99707677077529e-06
	6.937590898412941e-06
	6.863045927108721e-06
	6.845026589945136e-06
	6.841089486529078e-06
	6.772975749703624e-06
	6.636781916767143e-06
	6.502691470210675e-06
	6.488598256047486e-06
	6.556502837247507e-06
	6.612670691329137e-06
	6.669418296596594e-06
	6.774529573669367e-06
	6.891052563087037e-06
	6.976588781553957e-06
	7.088320105093573e-06
	7.273496439591975e-06
	7.482034118576289e-06
	7.617793778572603e-06
	7.650663274108081e-06
	7.626319992238835e-06
	7.609702298261525e-06
	7.614980115290661e-06
	7.692047240962881e-06
	7.8347087351632e-06
	7.964658861258907e-06
	8.085769441651032e-06
	8.198956324991585e-06
	8.302837847719024e-06
	8.347381275645189e-06
	8.264628412654859e-06
	8.076119854163803e-06
	7.937454418453306e-06
	7.842322270728824e-06
	7.820901579994323e-06
	7.916502204492143e-06
	8.114315643919844e-06
	8.344199099620705e-06
	8.504185312424421e-06
	8.527870541836793e-06
	8.459060592727236e-06
	8.362353314214784e-06
	8.240417882441779e-06
	8.144937429462271e-06
	8.107154734712199e-06
	8.064796919188023e-06
	7.964421106569196e-06
	7.865517692718045e-06
	7.83711823701461e-06
	7.918651768869533e-06
	8.125898191337471e-06
	8.424058887947413e-06
	8.706356905464536e-06
	8.891280741862995e-06
	8.978926926116154e-06
	8.968350980886684e-06
	8.862578711369025e-06
	8.711711736320786e-06
	8.506152933177706e-06
	8.345333549653118e-06
	8.321428609593711e-06
	8.376792877389569e-06
	8.400152020205243e-06
	8.314466642018108e-06
	8.14237473808737e-06
	7.946065740601119e-06
	7.785776145897431e-06
	7.670935787436269e-06
	7.64523452155477e-06
	7.697598223541099e-06
	7.779505262488991e-06
	7.877244231141739e-06
	7.980359398089331e-06
	8.093548591045544e-06
	8.206353200866646e-06
	8.302621159833848e-06
	8.353186937525634e-06
