	8.039999999999999
	9.23
	10.66
	11.72
	12.78
	14.2
	15.27
	16.34
	17.4
	18.43
	19.5
	20.55
	21.9
	22.94
	24.29
	25.79
	26.92
	28.32
	29.38
	30.5
	31.93
	33.05
	34.46
	35.61
	36.67
	37.75
	39.19
	40.22
	41.32
	42.66
	43.74
	44.81
	46.21
	47.65
	49.08
	50.5
	51.93
	52.99
	54.03
	55.39
	56.43
	57.53
	58.63
	60.02
	61.13
	62.51
	63.93
	65.38
	66.72
	67.8
	68.87
	69.91
	71.33
	72.37
	73.81
	74.89
	75.93000000000001
	77.03
	78.11
	79.13
	80.17
	81.54000000000001
	82.61
	84
	85.14
	86.22
	87.59999999999999
	88.67
	90.13
	91.56
	92.90000000000001
	94.27
	95.34
	96.38
	97.72
	98.78
	100.21
	101.57
	102.91
	104.34
	105.78
	107.2
	108.61
	109.99
	111.37
	112.8
	113.9
	114.98
	116.07
	117.11
	118.15
	119.53
	120.6
	122.07
	123.48
	124.87
	125.93
	127.01
	128.42
	129.85
	131.19
	132.59
	133.71
	135.15
	136.55
	137.59
	138.67
	139.72
	140.77
	142.18
	143.65
	145.08
	146.51
	147.57
	148.97
	150.39
	151.45
	152.8
	154.26
	155.94
	157.35
	158.82
	159.93
	161.25
	162.61
	164.13
	165.18
	166.2
	167.29
	168.41
	169.83
	170.86
	171.91
	173.28
	174.37
	175.46
	176.5
	177.57
	178.62
	179.65
	181.02
	182.07
	183.43
	184.52
	185.88
	186.93
	187.99
	189.38
	190.41
	191.77
	193.16
	194.56
	195.95
	197.02
	198.43
	199.82
	201.24
	202.43
	203.48
	204.87
	205.92
	207.34
	208.37
	209.72
	211.2
	212.26
	213.3
	214.34
	215.38
	216.79
	217.9
	219.29
	220.63
	222.07
	223.42
	225.15
	226.55
	227.91
	228.99
	230.41
	231.47
	232.83
	233.87
	234.92
	235.99
	237.04
	238.1
	239.46
	240.52
	241.57
	242.62
	243.65
	244.71
	245.76
	247.16
	248.56
	249.91
	250.97
	252.03
	253.1
	254.14
	255.24
	256.58
	257.93
	258.98
	260.02
	261.5
	262.89
	264.34
	265.41
	266.8
	267.91
	269.37
	270.47
	271.85
	273.21
	274.6
	276.03
	277.08
	278.43
	279.82
	280.93
	282.33
	283.37
	284.76
	285.8
	287.16
	288.55
	289.6
	290.66
	291.71
	293.08
	294.13
	295.5
	296.85
	298.28
	299.35
	300.41
	301.46
	302.83
	303.87
	305.3
	306.34
	307.68
	309.03
	310.07
	311.4
	312.43
	313.48
	314.53
	315.94
	317.3
	318.39
	319.83
	321.26
	322.33
	323.41
	324.47
	325.84
	326.9
	327.97
	329.4
	330.73
	332.1
	333.52
	334.59
	335.65
	336.72
	338.14
	339.21
	340.27
	341.33
	342.4
	343.83
	344.87
	345.95
	346.99
	348.05
	349.09
	350.46
	351.52
	352.6
	353.99
	355.11
	356.16
	357.22
	358.59
	359.66
	361.08
	362.15
	363.52
	364.73
	365.8
	366.87
	367.92
	368.97
	370.05
	371.08
	372.47
	373.85
	375.25
	376.3
	377.69
	379.13
	380.18
	381.6
	383.02
	384.07
	385.15
	386.28
	387.63
	389.04
	390.11
	391.2
	392.61
	393.67
	395.08
	396.44
	397.79
	399.22
	400.28
	401.34
	402.41
	403.44
	404.87
	406.26
	407.31
	408.73
	410.16
	411.51
	412.9
	414.01
	415.36
	416.42
	417.85
	419.22
	420.29
	421.36
	422.43
	423.49
	424.88
	426.26
	427.33
	428.38
	429.76
	431.19
	432.31
	433.38
	434.44
	435.88
	437.28
	438.72
	439.8
	440.86
	442.24
	443.65
	444.7
	445.75
	447.16
	448.24
	449.33
	450.71
	451.77
	453.17
	454.57
	455.93
	457
	458.06
	459.47
	460.53
	461.6
	462.68
	464.1
	465.54
	467.01
	468.14
	469.53
	470.67
	472.11
	473.45
	474.52
	475.97
	477.02
	478.11
	479.2
	480.28
	481.34
	482.81
	483.86
	484.91
	486.02
	487.4
	488.48
	489.54
	490.95
	492.35
	493.42
	494.83
	496.35
	497.41
	498.58
	499.67
	500.72
	501.78
	503.17
	504.55
	505.61
	507.02
	508.07
	509.48
	510.52
	511.57
	512.9400000000001
	514.3
	515.33
	516.71
	517.79
	519.22
	520.62
	521.6900000000001
	522.74
	523.79
	525.13
	526.23
	527.29
	528.64
	529.6799999999999
	531.1
	532.16
	533.52
	534.61
	535.73
	536.83
	538.22
	539.29
	540.34
	541.42
	542.8099999999999
	544.21
	545.34
	546.45
	547.84
	549.26
	550.7
	552.08
	553.52
	554.67
	556.41
	557.8099999999999
	558.88
	560.3
	561.35
	562.4299999999999
	563.86
	564.96
	566.3200000000001
	567.37
	568.73
	569.79
	570.84
	572.21
	573.5599999999999
	574.62
	576.1
	577.15
	578.52
	579.96
	581.01
	582.78
	583.8200000000001
	585.21
	586.3
	587.37
	588.77
	590.1900000000001
	591.24
	592.35
	593.79
	595.1799999999999
	596.26
	597.67
	599.0700000000001
	600.14
	601.54
	602.9
	603.96
	605.01
	606.17
	607.27
	608.38
	609.75
	610.8200000000001
	612.2
	613.65
	614.74
	615.8200000000001
	616.92
	618.28
	619.71
	621.11
	622.46
	623.8200000000001
	624.88
	625.95
	627.02
	628.09
	629.17
	630.52
	631.97
	633.37
	634.42
	635.8
	637.21
	638.62
	640.03
	641.0700000000001
	642.11
	643.1900000000001
	644.5599999999999
	645.64
	646.99
	648.38
	649.4400000000001
	650.8099999999999
	652.17
	653.21
	654.28
	655.33
	656.38
	657.4400000000001
	658.5
	659.91
	660.96
	662.38
	663.46
	664.51
	665.89
	667.3200000000001
	668.73
	669.77
	670.83
	671.89
	673.05
	674.11
	675.49
	676.88
	678.36
	679.41
	680.8200000000001
	682.24
	683.63
	685
	686.36
	687.78
	688.88
	690.61
	692.01
	693.4299999999999
	694.5
	695.87
	697.23
	698.63
	699.7
	700.76
	701.83
	702.9
	703.95
	705
	706.42
	707.47
	708.83
	710.1900000000001
	711.54
	712.89
	714.23
	715.62
	717.01
	718.08
	719.47
	720.88
	721.92
	723
	724.1
	725.54
	726.96
	728.02
	729.1
	730.17
	731.27
	732.6900000000001
	734.1
	735.45
	736.88
	737.9299999999999
	739.3
	740.37
	741.84
	743.29
	744.7
	746.12
	747.5
	748.5700000000001
	749.65
	751.05
	752.12
	753.53
	754.9
	756
	757.08
	758.45
	759.83
	760.91
	762.34
	763.75
	764.79
	765.91
	767.3200000000001
	768.67
	769.6900000000001
	771.1
	772.48
	773.6
	774.95
	776.3
	777.6900000000001
	779.08
	780.45
	781.78
	782.83
	784.21
	785.26
	786.3200000000001
	787.73
	789.13
	790.21
	791.71
	792.78
	794.15
	795.24
	796.29
	797.38
	798.45
	799.53
	800.67
	802.09
	803.15
	804.1900000000001
	805.6
	806.67
	807.74
	808.8
	809.87
	810.9299999999999
	812.3099999999999
	813.37
	814.51
	815.5700000000001
	816.61
	817.78
	818.8200000000001
	820.25
	821.3200000000001
	822.36
	823.41
	824.76
	826.15
	827.91
	828.97
	830.0599999999999
	831.12
	832.15
	833.53
	834.59
	836.02
	837.39
	838.46
	839.89
	841.24
	842.65
	843.99
	845.38
	846.77
	847.85
	848.92
	850.02
	851.08
	852.17
	853.23
	854.63
	855.76
	856.88
	857.95
	859.33
	860.72
	862.11
	863.51
	864.92
	866.02
	867.13
	868.5
	869.86
	871.2
	872.6
	874.02
	875.0700000000001
	876.48
	877.87
	879.26
	880.3099999999999
	881.6900000000001
	882.74
	884.16
	885.5700000000001
	886.63
	887.6799999999999
	888.73
	890.13
	891.1799999999999
	892.58
	894.01
	895.08
	896.12
	897.51
	898.87
	899.9400000000001
	901.33
	902.39
	903.4400000000001
	904.49
	905.55
	906.97
	908.4
	909.8200000000001
	911.24
	912.6
	913.76
	915.13
	916.1799999999999
	917.5700000000001
	918.98
	920.04
	921.11
	922.1799999999999
	923.5700000000001
	925
	926.05
	927.5
	928.5599999999999
	930.01
	931.42
	932.79
	933.84
	935.24
	936.65
	938.0700000000001
	939.47
	940.86
	941.92
	943.33
	944.38
	945.76
	946.83
	948.2
	949.63
	951.04
	952.4299999999999
	953.8200000000001
	955.24
	956.65
	958.02
	959.09
	960.15
	961.24
	962.64
	964.02
	965.45
	966.92
	968.35
	969.4299999999999
	970.48
	971.53
	972.59
	973.99
	975.0599999999999
	976.42
	977.84
	979.34
	980.75
	982.17
	983.59
	985.01
	986.0700000000001
	987.45
	988.49
	990.1900000000001
	991.61
	992.98
	994.39
	995.79
	997.23
	998.29
	999.71
	1001.12
	1002.56
	1003.98
	1005.39
	1006.8
	1008.16
	1009.58
	1010.63
	1012.05
	1013.43
	1014.49
	1015.56
	1016.95
	1018.39
	1019.78
	1021.18
	1022.61
	1023.96
	1025
	1026.41
	1027.47
	1028.87
	1030.3
	1031.72
	1033.15
	1034.19
	1035.23
	1036.29
	1037.37
	1038.44
	1039.85
	1041.27
	1042.32
	1043.72
	1045.16
	1046.58
	1048.01
	1049.44
	1050.8
	1051.85
	1052.93
	1054.36
	1055.74
	1056.83
	1057.9
	1059.29
	1060.44
	1061.85
	1063.23
	1064.66
	1066.08
	1067.14
	1068.51
	1069.58
	1070.95
	1072.31
	1073.37
	1074.76
	1076.17
	1077.23
	1078.69
	1079.75
	1081.12
	1082.48
	1083.86
	1084.95
	1086.39
	1087.43
	1088.49
	1089.9
	1091.37
	1092.75
	1094.12
	1095.19
	1096.62
	1098.04
	1099.46
	1101
	1102.42
	1103.46
	1104.51
	1105.58
	1106.63
	1108.05
	1109.42
	1110.48
	1111.54
	1112.97
	1114.02
	1115.07
	1116.53
	1117.92
	1119
	1120.09
	1121.44
	1122.51
	1123.56
	1124.98
	1126.05
	1127.1
	1128.54
	1129.95
	1131.02
	1132.45
	1133.5
	1134.9
	1136.31
	1137.36
	1138.47
	1139.88
	1141.28
	1142.33
	1143.42
	1144.5
	1145.55
	1146.95
	1148.34
	1149.78
	1151.26
	1152.31
	1153.75
	1155.46
	1156.88
	1157.93
	1159.63
	1161.04
	1162.56
	1163.99
	1165.03
	1166.13
	1167.17
	1168.58
	1170
	1171.39
	1172.44
	1173.8
	1175.2
	1176.58
	1177.96
	1179.42
	1180.51
	1181.91
	1183.26
	1184.32
	1185.48
	1186.53
	1187.6
	1188.65
	1189.73
	1190.78
	1191.87
	1192.93
	1193.99
	1195.4
	1196.82
	1198.25
	1199.31
	1200.34
	1201.39
	1202.53
	1203.91
	1204.97
	1206.34
	1207.41
	1208.46
	1209.55
	1210.97
	1212.4
	1213.46
	1214.89
	1215.94
	1216.99
	1218.04
	1219.09
	1220.51
	1221.61
	1223.01
	1224.05
	1225.13
	1226.22
	1227.58
	1228.96
	1230.03
	1231.12
	1232.54
	1233.59
	1235.02
	1236.47
	1237.9
	1238.97
	1240.42
	1241.46
	1242.83
	1243.89
	1244.95
	1246.04
	1247.14
	1248.25
	1250.93
	1252
	1253.07
	1254.47
	1255.55
	1256.66
	1258.12
	1259.54
	1260.97
	1262.42
	1263.83
	1264.97
	1266.39
	1267.46
	1268.56
	1269.99
	1271.37
	1272.77
	1274.21
	1275.64
	1277
	1278.44
	1279.81
	1280.99
	1282.06
	1283.12
	1284.46
	1285.53
	1286.58
	1287.66
	1289.04
	1290.11
	1291.22
	1292.27
	1293.33
	1294.77
	1295.86
	1297.28
	1298.65
	1300.1
	1301.15
	1302.24
	1303.6
	1304.74
	1306.14
	1307.19
	1308.25
	1309.3
	1310.4
	1311.78
	1313.47
	1314.84
	1315.95
	1317.38
	1318.74
	1319.85
	1320.91
	1321.98
	1323.41
	1324.82
	1326.25
	1327.35
	1328.7
	1330.08
	1331.48
	1332.54
	1333.61
	1334.66
	1335.72
	1336.79
	1338.19
	1339.29
	1340.71
	1341.77
	1342.85
	1343.91
	1345.02
	1346.11
	1347.17
	1348.59
	1350.08
	1351.44
	1352.48
	1353.93
	1355.32
	1356.7
	1357.75
	1359.13
	1360.55
	1361.98
	1363.39
	1364.78
	1365.88
	1366.92
	1367.98
	1369.38
	1370.44
	1371.85
	1372.91
	1374.27
	1375.4
	1376.46
	1377.86
	1379.26
	1380.7
	1381.77
	1383.21
	1384.27
	1385.32
	1386.38
	1387.48
	1388.83
	1389.9
	1391.28
	1392.63
	1393.67
	1394.73
	1395.79
	1396.83
	1398.23
	1399.3
	1400.35
	1401.72
	1403.1
	1404.53
	1405.58
	1406.99
	1408.04
	1409.74
	1411.13
	1412.54
	1413.89
	1415.29
	1416.37
	1417.44
	1418.78
	1420.2
	1421.58
	1422.71
	1423.75
	1425.14
	1426.41
	1427.82
	1428.88
	1430.3
	1431.36
	1432.78
	1433.86
	1435.28
	1436.37
	1437.76
	1439.18
	1440.24
	1441.29
	1442.36
	1443.44
	1444.53
	1445.6
	1446.66
	1448.02
	1449.08
	1450.15
	1451.2
	1452.29
	1453.36
	1454.45
	1455.5
	1456.92
	1457.98
	1459.03
	1460.08
	1461.48
	1462.56
	1463.61
	1464.66
	1465.72
	1466.78
	1468.18
	1469.23
	1470.6
	1472.05
	1473.1
	1474.49
	1475.55
	1476.98
	1478.08
	1479.15
	1480.55
	1481.61
	1482.99
	1484.04
	1485.1
	1486.18
	1487.24
	1488.66
	1489.71
	1490.76
	1491.81
	1492.99
	1494.04
	1495.09
	1496.2
	1497.57
	1498.63
	1499.68
	1500.78
	1501.85
	1503.23
	1504.31
	1505.36
	1506.42
	1507.84
	1509.27
	1510.32
	1511.43
	1512.51
	1513.58
	1514.99
	1516.37
	1517.44
	1518.8
	1519.9
	1521.29
	1522.72
	1523.79
	1524.85
	1525.91
	1526.96
	1528.37
	1529.79
	1530.85
	1531.92
	1532.99
	1534.05
	1535.15
	1536.56
	1537.63
	1538.7
	1539.77
	1541.16
	1542.55
	1543.61
	1544.99
	1546.1
	1547.54
	1548.62
	1550
	1551.14
	1552.54
	1553.96
	1555.37
	1556.83
	1558.25
	1559.61
	1561.01
	1562.45
	1563.83
	1564.88
	1566.24
	1567.67
	1569.02
	1570.44
	1571.84
	1573.3
	1574.75
	1575.82
	1576.9
	1578.31
	1579.67
	1580.78
	1581.83
	1582.91
	1584.33
	1585.67
	1587.39
	1588.45
	1589.88
	1590.91
	1591.97
	1593.38
	1594.42
	1595.47
	1596.53
	1597.89
	1599.31
	1600.73
	1601.79
	1602.87
	1604.28
	1605.32
	1606.72
	1607.89
	1608.99
	1610.38
	1611.81
	1613.22
	1614.61
	1616.05
	1617.11
	1618.17
	1619.24
	1620.69
	1621.76
	1623.15
	1624.61
	1625.98
	1627.04
	1628.45
	1629.51
	1630.88
	1631.93
	1633.01
	1634.47
	1635.82
	1636.87
	1637.95
	1639.01
	1640.07
	1641.18
	1642.6
	1644.09
	1645.55
	1646.62
	1647.68
	1648.73
	1649.81
	1650.92
	1652.42
	1653.57
	1654.64
	1655.78
	1656.89
	1658.33
	1659.46
	1660.58
	1661.64
	1662.79
	1663.86
	1664.98
	1666.05
	1667.49
	1668.55
	1669.64
	1670.71
	1672.07
	1673.12
	1674.58
	1675.93
	1677
	1678.04
	1679.11
	1680.22
	1681.62
	1683.03
	1684.11
	1685.56
	1686.67
	1687.73
	1688.78
	1689.85
	1690.95
	1692.02
	1693.08
	1694.18
	1695.58
	1696.66
	1697.72
	1698.79
	1699.85
	1700.91
	1701.96
	1703.06
	1704.47
	1705.87
	1707.3
	1708.36
	1709.42
	1710.49
	1711.57
	1712.62
	1713.96
	1715.38
	1716.8
	1717.86
	1718.92
	1719.96
	1721.03
	1722.4
	1723.44
	1724.84
	1725.9
	1726.97
	1728.06
	1729.13
	1730.2
	1731.3
	1732.4
	1733.47
	1734.59
	1735.64
	1736.69
	1737.76
	1738.83
	1739.9
	1741.25
	1742.35
	1743.43
	1744.49
	1745.56
	1746.96
	1748.36
	1749.41
	1750.82
	1751.88
	1752.95
	1754
	1755.37
	1756.44
	1757.85
	1758.92
	1759.97
	1761.02
	1762.07
	1763.14
	1764.2
	1765.3
	1766.35
	1767.43
	1768.49
	1769.83
	1770.9
	1771.95
	1773.36
	1774.45
	1775.54
	1776.6
	1777.67
	1779.03
	1780.1
	1781.27
	1782.61
	1783.67
	1784.8
	1785.86
	1787.3
	1788.68
	1790.1
	1791.77
	1792.87
	1793.92
	1795.31
	1796.73
	1797.81
	1798.93
	1799.97
	1801.38
	1802.42
	1803.5
	1804.6
	1805.65
	1807.08
	1808.13
	1809.16
	1810.24
	1811.3
	1812.7
	1813.77
	1814.8
	1815.88
	1816.96
	1818.07
	1819.15
	1820.51
	1821.61
	1822.66
	1823.7
	1824.76
	1826.14
	1827.2
	1828.25
	1829.32
	1830.67
	1832.07
	1833.48
	1834.54
	1835.92
	1837
	1838.1
	1839.46
	1840.89
	1842.25
	1843.59
	1844.98
	1846.05
	1847.43
	1848.51
	1849.57
	1850.95
	1852.36
	1853.78
	1855.15
	1856.55
	1857.96
	1859.01
	1860.42
	1861.48
	1862.51
	1863.91
	1864.99
	1866.04
	1867.08
	1868.17
	1869.52
	1870.92
	1871.98
	1873.35
	1874.42
	1875.77
	1877.17
	1878.25
	1879.3
	1880.34
	1881.38
	1882.44
	1883.49
	1884.88
	1885.98
	1887.07
	1888.18
	1889.24
	1890.3
	1891.66
	1892.77
	1894.17
	1895.23
	1896.65
	1898.08
	1899.14
	1900.18
	1901.56
	1902.65
	1903.72
	1905.13
	1906.48
	1907.88
	1908.94
	1910.31
	1911.41
	1912.81
	1913.89
	1914.96
	1916
	1917.06
	1918.51
	1919.92
	1921.28
	1922.35
	1923.75
	1924.82
	1925.87
	1926.91
	1927.98
	1929.04
	1930.11
	1931.17
	1932.22
	1933.3
	1934.35
	1935.7
	1937.13
	1938.21
	1939.61
	1940.99
	1942.4
	1943.47
	1944.55
	1945.61
	1946.71
	1948.14
	1949.21
	1950.61
	1951.73
	1952.82
	1954.22
	1955.29
	1956.34
	1957.45
	1958.86
	1959.96
	1961.12
	1962.57
	1963.94
	1965
	1966.47
	1967.51
	1968.62
	1969.66
	1971.11
	1972.21
	1973.26
	1974.45
	1975.5
	1976.62
	1977.78
	1978.84
	1979.98
	1981.11
	1982.16
	1983.25
	1984.32
	1985.79
	1987.31
	1988.39
	1989.51
	1990.6
	1991.65
	1992.69
	1993.73
	1994.81
	1995.86
	1996.93
	1998.67
	1999.72
	2000.8
	2001.85
	2002.91
	2003.97
	2005.03
	2006.09
	2007.15
	2008.22
	2009.3
	2010.69
	2011.73
	2012.76
	2013.81
	2015.17
	2016.23
	2017.33
	2018.42
	2019.78
	2021.15
	2022.3
	2023.39
	2024.45
	2025.83
	2026.93
	2028.02
	2029.08
	2030.12
	2031.19
	2032.26
	2033.32
	2034.37
	2035.77
	2036.83
	2037.9
	2038.97
	2040.45
	2041.51
	2042.91
	2044.01
	2045.07
	2046.16
	2047.21
	2048.29
	2049.36
	2050.44
	2051.5
	2052.58
	2053.64
	2054.73
	2055.81
	2056.87
	2057.91
	2059
	2060.06
	2061.41
	2062.8
	2063.85
	2064.95
	2066.04
	2067.09
	2068.15
	2069.22
	2070.27
	2071.34
	2072.4
	2073.86
	2074.94
	2076.34
	2077.41
	2078.46
	2079.52
	2080.57
	2081.64
	2082.7
	2083.74
	2084.8
	2086.18
	2087.54
	2088.6
	2089.66
	2090.76
	2091.81
	2092.9
	2093.94
	2095.03
	2096.07
	2097.19
	2098.25
	2099.69
	2100.74
	2101.78
	2102.82
	2103.85
	2104.9
	2106.03
	2107.44
	2108.8
	2109.84
	2110.88
	2111.92
	2112.96
	2114.03
	2115.07
	2116.49
	2117.58
	2119
	2120.05
	2121.1
	2122.48
	2123.53
	2124.59
	2125.67
	2127.01
	2128.08
	2129.17
	2130.22
	2131.64
	2133.04
	2134.43
	2135.83
	2137.21
	2138.59
	2140.01
	2141.08
	2142.15
	2143.48
	2144.61
	2145.67
	2147.36
	2148.41
	2149.49
	2150.88
	2151.93
	2153.3
	2154.36
	2155.42
	2156.82
	2158.17
	2159.23
	2160.65
	2161.73
	2162.77
	2163.82
	2165.22
	2166.59
	2167.99
	2169.1
	2170.79
	2171.85
	2173.23
	2174.29
	2175.71
	2177.07
	2178.46
	2179.86
	2181.27
	2182.65
	2184
	2185.05
	2186.11
	2187.52
	2188.87
	2190.33
	2191.73
	2193.09
	2194.47
	2195.55
	2196.96
	2197.99
	2199.45
	2200.51
	2201.91
	2202.95
	2204.01
	2205.12
	2206.5
	2207.94
	2209.35
	2210.42
	2211.53
	2213
	2214.04
	2215.13
	2216.51
	2217.88
	2219.28
	2220.71
	2221.77
	2222.81
	2223.88
	2224.97
	2226.35
	2227.75
	2229.11
	2230.54
	2231.62
	2233.03
	2234.38
	2235.42
	2236.47
	2237.86
	2239.32
	2240.67
	2241.72
	2243.06
	2244.46
	2245.88
	2247.26
	2248.32
	2249.37
	2250.41
	2251.47
	2252.52
	2253.56
	2254.61
	2255.65
	2256.69
	2258.09
	2259.5
	2260.89
	2262.29
	2264.02
	2265.38
	2266.76
	2268.12
	2269.53
	2270.96
	2272.37
	2273.47
	2274.86
	2275.93
	2277.02
	2278.07
	2279.11
	2280.19
	2281.25
	2282.3
	2283.65
	2284.77
	2286.14
	2287.22
	2288.34
	2289.46
	2290.51
	2291.55
	2292.61
	2293.65
	2294.7
	2296.45
	2297.54
	2298.58
	2299.65
	2300.72
	2301.78
	2302.84
	2303.87
	2304.93
	2305.99
	2307.03
	2308.4
	2309.46
	2310.54
	2311.89
	2312.95
	2313.99
	2315.03
	2316.16
	2317.25
	2318.36
	2319.44
	2320.52
	2321.6
	2322.66
	2323.72
	2324.81
	2325.89
	2326.96
	2328.05
	2329.12
	2330.24
	2331.35
	2332.42
	2333.48
	2334.91
	2336.34
	2337.4
	2338.46
	2339.53
	2340.58
	2341.63
	2342.69
	2344.1
	2345.15
	2346.57
	2347.66
	2348.72
	2350.13
	2351.23
	2352.28
	2353.33
	2354.38
	2355.43
	2356.49
	2357.58
	2359
	2360.04
	2361.08
	2362.14
	2363.18
	2364.23
	2365.28
	2366.69
	2367.78
	2369.17
	2370.24
	2371.64
	2372.7
	2374.09
	2375.13
	2376.22
	2377.3
	2378.39
	2379.85
	2380.93
	2382.03
	2383.09
	2384.12
	2385.54
	2386.95
	2388
	2389.4
	2390.76
	2391.8
	2393.2
	2394.62
	2395.7
	2396.75
	2397.78
	2398.82
	2399.9
	2400.98
	2402.03
	2403.08
	2404.13
	2405.16
	2406.22
	2407.28
	2408.32
	2409.36
	2410.43
	2411.48
	2412.52
	2413.57
	2414.61
	2415.67
	2416.73
	2417.83
	2419.18
	2420.27
	2421.35
	2422.39
	2423.43
	2424.48
	2425.52
	2426.63
	2428.03
	2429.39
	2430.54
	2431.62
	2433.01
	2434.08
	2435.15
	2436.56
	2437.93
	2439
	2440.11
	2441.22
	2443.45
	2444.51
	2445.63
	2447.07
	2448.13
	2449.56
	2450.63
	2451.7
	2452.76
	2454.15
	2455.25
	2456.33
	2457.45
	2458.51
	2459.58
	2460.64
	2461.72
	2462.79
	2463.85
	2464.93
	2466.01
	2467.13
	2468.51
	2469.95
	2471.03
	2472.1
	2473.51
	2474.63
	2475.7
	2477.12
	2478.18
	2479.62
	2480.7
	2481.8
	2482.88
	2484.3
	2485.74
	2486.83
	2488.23
	2489.68
	2491.15
	2492.23
	2493.69
	2494.77
	2496.16
	2497.57
	2499
	2500.04
	2501.16
	2502.19
	2503.24
	2504.36
	2505.4
	2506.5
	2507.6
	2508.67
	2509.73
	2511.09
	2512.17
	2513.6
	2514.65
	2515.74
	2517.44
	2518.87
	2520.32
	2521.36
	2522.76
	2524.18
	2525.22
	2526.33
	2527.4
	2528.82
	2529.92
	2531.31
	2532.36
	2533.47
	2534.93
	2536.02
	2537.14
	2538.22
	2539.58
	2540.65
	2541.72
	2542.78
	2544.16
	2545.23
	2546.64
	2547.71
	2548.81
	2549.9
	2550.96
	2552.01
	2553.06
	2554.13
	2555.55
	2556.66
	2557.73
	2558.8
	2559.92
	2560.97
	2562.05
	2563.1
	2564.2
	2565.25
	2566.6
	2567.68
	2568.75
	2569.8
	2570.86
	2572.27
	2573.67
	2574.73
	2576.09
	2577.2
	2578.62
	2580.05
	2581.48
	2582.56
	2583.62
	2584.95
	2586.01
	2587.11
	2588.45
	2589.57
	2590.71
	2592.08
	2593.58
	2594.64
	2595.77
	2597.18
	2598.24
	2599.74
	2601.12
	2602.2
	2603.33
	2604.46
	2605.5
	2606.62
	2608.11
	2609.16
	2610.23
	2611.62
	2612.67
	2613.78
	2614.83
	2616.2
	2617.33
	2618.41
	2619.77
	2620.81
	2622.24
	2623.65
	2624.73
	2625.77
	2626.83
	2628.27
	2629.3
	2630.64
	2631.71
	2632.75
	2633.81
	2634.86
	2635.91
	2637.02
	2638.42
	2639.48
	2640.88
	2641.94
	2643.66
	2645.07
	2646.17
	2647.9
	2648.94
	2649.99
	2651.04
	2652.46
	2653.54
	2654.93
	2655.99
	2657.04
	2658.14
	2659.49
	2660.52
	2661.98
	2663.03
	2664.1
	2665.52
	2666.6
	2667.67
	2668.74
	2669.78
	2670.9
	2672.28
	2673.35
	2674.41
	2675.47
	2676.87
	2678.29
	2679.32
	2680.39
	2681.45
	2682.51
	2683.63
	2684.68
	2685.74
	2686.81
	2687.85
	2689.26
	2690.65
	2692.02
	2693.42
	2694.51
	2695.6
	2696.63
	2697.7
	2698.74
	2699.83
	2700.9
	2702.28
	2703.35
	2704.45
	2705.82
	2706.85
	2708.23
	2709.28
	2710.34
	2711.41
	2712.45
	2713.8
	2714.85
	2716.25
	2717.6
	2719.05
	2720.1
	2721.45
	2722.48
	2723.53
	2724.61
	2725.65
	2727.04
	2728.1
	2729.14
	2730.19
	2731.23
	2732.28
	2733.31
	2734.7
	2735.78
	2736.83
	2737.9
	2738.94
	2739.98
	2741.38
	2742.42
	2743.48
	2744.56
	2745.93
	2747
	2748.05
	2749.47
	2750.52
	2751.63
	2753.02
	2754.36
	2755.41
	2756.47
	2757.54
	2758.56
	2759.65
	2760.7
	2761.72
	2762.78
	2764.13
	2765.19
	2766.24
	2767.28
	2768.33
	2769.38
	2770.71
	2771.78
	2772.83
	2774.17
	2775.55
	2776.6
	2778
	2779.06
	2780.43
	2781.49
	2782.55
	2783.65
	2784.71
	2786.07
	2787.12
	2788.17
	2789.24
	2790.3
	2791.39
	2792.48
	2793.57
	2794.66
	2795.74
	2796.79
	2797.84
	2798.9
	2800.25
	2801.31
	2802.41
	2803.83
	2804.91
	2806.01
	2807.41
	2808.52
	2809.58
	2810.64
	2811.73
	2813.09
	2814.18
	2815.26
	2816.3
	2817.34
	2818.39
	2819.74
	2820.78
	2821.87
	2822.92
	2823.97
	2825.35
	2826.4
	2827.46
	2828.54
	2829.62
	2830.68
	2831.74
	2833.18
	2834.25
	2835.32
	2836.75
	2837.87
	2838.94
	2840.03
	2841.1
	2842.52
	2843.62
	2844.69
	2846.08
	2847.19
	2848.59
	2849.64
	2850.73
	2852.47
	2853.89
	2854.96
	2856.04
	2857.11
	2858.57
	2859.61
	2860.73
	2861.8
	2862.85
	2863.94
	2865.37
	2866.71
	2868.15
	2869.21
	2870.27
	2871.31
	2872.35
	2873.4
	2874.46
	2875.53
	2876.9
	2877.97
	2879.4
	2880.43
	2881.48
	2882.53
	2883.58
	2884.63
	2885.7
	2886.77
	2888.16
	2889.19
	2890.24
	2891.6
	2892.64
	2893.68
	2894.73
	2895.81
	2896.85
	2897.87
	2898.92
	2899.99
	2901.13
	2902.59
	2904.01
	2905.15
	2906.2
	2907.24
	2908.4
	2909.45
	2910.48
	2911.51
	2912.54
	2913.63
	2914.71
	2915.79
	2917.22
	2918.28
	2919.34
	2920.68
	2921.74
	2922.79
	2924.15
	2925.2
	2926.24
	2927.29
	2928.36
	2929.44
	2930.5
	2931.59
	2932.62
	2933.68
	2934.77
	2935.84
	2936.9
	2938.28
	2939.33
	2940.4
	2941.47
	2942.52
	2943.92
	2945.27
	2946.64
	2947.7
	2948.76
	2949.81
	2950.86
	2951.9
	2952.94
	2954.03
	2955.42
	2956.5
	2957.55
	2958.89
	2959.99
	2961.07
	2962.16
	2963.23
	2964.3
	2965.35
	2966.71
	2967.77
	2968.87
	2970.28
	2971.36
	2972.75
	2973.81
	2974.91
	2975.96
	2977.33
	2978.71
	2979.78
	2981.2
	2982.54
	2983.61
	2985
	2986.42
	2987.49
	2988.55
	2989.93
	2990.97
	2992.04
	2993.09
	2994.16
	2995.52
	2996.93
	2997.97
	2999.06
	3000.09
	3001.13
	3002.18
	3003.55
	3004.94
	3005.99
	3007.04
	3008.08
	3009.14
	3010.27
	3011.32
	3012.38
	3013.44
	3014.49
	3015.55
	3016.98
	3018.02
	3019.13
	3020.19
	3021.29
	3022.64
	3023.7
	3024.77
	3025.82
	3027.21
	3028.61
	3030.07
	3031.11
	3032.21
	3033.25
	3034.31
	3035.37
	3036.75
	3037.85
	3038.9
	3040
	3041.35
	3042.42
	3043.49
	3044.56
	3045.96
	3047.02
	3048.06
	3049.44
	3050.52
	3051.56
	3052.62
	3053.68
	3054.76
	3055.79
	3057.15
	3058.22
	3059.32
	3060.38
	3061.82
	3062.9
	3064.3
	3065.4
	3066.79
	3067.85
	3068.93
	3070.31
	3071.4
	3072.45
	3073.57
	3074.64
	3075.69
	3076.78
	3077.88
	3078.94
	3080.33
	3081.67
	3082.79
	3083.9
	3084.95
	3086.02
	3087.1
	3088.5
	3089.95
	3091.01
	3092.04
	3093.09
	3094.44
	3095.5
	3096.91
	3097.95
	3099.01
	3100.06
	3101.11
	3102.17
	3103.23
	3104.27
	3105.3
	3106.66
	3107.71
	3108.75
	3109.81
	3110.87
	3111.93
	3112.98
	3114.03
	3115.2
	3116.54
	3117.58
	3118.62
	3119.67
	3121.03
	3122.09
