	0.9999999999998743
	0.1787778704854746
	0.06729506814438214
	0.03046552110016863
	0.01497170694697697
	0.007964078563798233
	0.004597610105355542
	0.002875268043771369
	0.00195033251323054
	0.001433694607775724
	0.001131959656964475
	0.0009198146929053812
	0.0007735114198035902
	0.00067146328292329
	0.0006003454070945925
	0.0005453298522034826
	0.0005033011778066398
	0.0004721218711804814
	0.0004464820818491932
	0.0004261594378783203
	0.0004027325681258487
	0.0003847785863068246
	0.0003703015071112864
	0.0003585218845540405
	0.0003495237367133722
	0.0003429083104185175
	0.000338575286973971
	0.0003364449665374658
	0.0003364423575788032
	0.0003379902032653623
	0.0003410325295087517
	0.0003457658174189852
	0.0003523123791744763
	0.0003607656252583467
	0.0003712569364508515
	0.0003837786847499253
	0.0003987258037366754
	0.0004168689111092186
	0.00043851284122147
	0.0004636113535733937
	0.0004932762176148679
	0.0005292447533978842
	0.000574104956146155
	0.0006125955262660084
	0.0006379413239345314
	0.0006546011564151723
	0.0006665022623958128
	0.0006753281915698018
	0.0006822502307161994
	0.0006876660529761958
	0.0006906083677690091
	0.0006907003927440429
	0.0006871563704469803
	0.000680170120382205
	0.0006709252242384435
	0.0006604511619736212
	0.0006491508488884681
	0.0006373562112007802
	0.0006249828917789356
	0.0006115474271069683
	0.0005964946603022815
	0.0005795800023335254
	0.0005623573002514913
	0.000545138249666097
	0.0005284330215763407
	0.0005122468916026093
	0.0004968819479495237
	0.0004821174379465531
	0.000468263907770443
	0.0004550525871903548
	0.0004426037480592588
	0.0004310608645071274
	0.0004210124101354928
	0.0004120678099324666
	0.0004041615521317491
	0.0003971629589330017
	0.0003906221901080975
	0.0003844666790572605
	0.0003786144574923544
	0.0003728944193105209
	0.0003679413870725267
	0.0003637621474669683
	0.0003603841316832367
	0.0003577838155335891
	0.0003557311490897442
	0.0003541735925226704
	0.0003529097983323697
	0.0003519932799443107
	0.0003512005203479034
	0.0003503305125182035
	0.0003493968687352431
	0.0003485034264126163
	0.0003475755774044189
	0.0003464476757659875
	0.0003449301737700506
	0.0003428604794321808
	0.0003406211266800413
	0.0003381766600356355
	0.0003354597045361386
	0.0003327626878191994
	0.0003301348568089644
	0.0003277430052997853
	0.0003258925923684202
	0.0003241652575379795
	0.0003223316812757517
	0.000320362193875584
	0.0003182084531383726
	0.0003159696203336326
	0.0003136097122114077
	0.0003110872665328545
	0.0003086711123548333
	0.0003062376642736778
	0.0003038056652218049
	0.0003014408057314185
	0.0002990072498323707
	0.0002963822155489175
	0.0002937272841538363
	0.0002910281872960879
	0.000288390051576969
	0.0002860306401006599
	0.0002837582396263615
	0.0002815024765139598
	0.0002793261277846502
	0.0002771176178148856
	0.000275077293383253
	0.0002732858944760149
	0.0002714535215746102
	0.0002695100174711005
	0.0002675184534730392
	0.0002655289249487717
	0.0002636037399405604
	0.0002616770115001453
	0.0002596564753780768
	0.000257655850474146
	0.0002556982277755947
	0.0002537508872697617
	0.0002518860630200137
	0.0002499897086785726
	0.0002481731806785037
	0.0002465567002837339
	0.0002450853775079433
	0.0002436988884802299
	0.0002424725404052992
	0.000241416045942517
	0.0002404366322607753
	0.0002395102394404413
	0.0002386035570091738
	0.0002376926595111109
	0.0002367720586481905
	0.0002359201816542054
	0.0002351062758223054
	0.0002342182765442216
	0.0002332415262051791
	0.0002322981732056823
	0.0002313894777398842
	0.0002305198790434335
	0.0002296530292433225
	0.0002287945283966965
	0.0002279659057602613
	0.0002272363228813196
	0.000226513274783721
	0.0002258644828498243
	0.0002253062983611221
	0.0002248052073777944
	0.0002242355793947999
	0.0002235837993292591
	0.0002228247217161175
	0.000221984434865817
	0.0002210767242612572
	0.0002201836877094411
	0.0002193710029973965
	0.0002186170113178682
	0.0002180883646997075
	0.0002176841020254606
	0.0002175093034152704
	0.000217567328127947
	0.0002177474560780728
	0.0002180036516343955
	0.0002183474025973393
	0.0002186506655606052
	0.0002188289837408054
	0.0002188211866603897
	0.0002186818949637438
	0.0002184619934307953
	0.0002182793167377506
	0.0002181562133148489
	0.0002180226568526892
	0.0002179038148628615
	0.000217696787334946
	0.0002173783055268222
	0.0002168748166453125
	0.0002161771994750365
	0.0002153089585552208
	0.0002142613419746748
	0.000213024686924697
	0.0002116512933642527
	0.0002102357762565317
	0.0002089049528281017
	0.0002077815384999602
	0.0002067739011043887
	0.0002058532556862309
	0.0002049948476147691
	0.0002042149957424587
	0.0002035488897502612
	0.0002029963280076614
	0.0002025805464166957
	0.0002023021642099578
	0.0002021425780296759
	0.0002020987295075098
	0.0002021008618152772
	0.0002021468614744236
	0.0002021808895938494
	0.0002022604004141756
	0.000202347811826661
	0.0002023518931825399
	0.0002022991374084454
	0.0002022568753718857
	0.0002021617998811021
	0.0002020397680768034
	0.0002018609474597051
	0.0002016350975502966
	0.0002012571236145155
	0.0002008040593609213
	0.0002003107871363988
	0.0001998128148490811
	0.0001992832848920494
	0.0001987291129252068
	0.0001981951178464821
	0.0001976473258619055
	0.0001971029161655082
	0.0001965714454788482
	0.0001960582510593278
	0.0001955752027748363
	0.0001951449807862673
	0.0001947865788026565
	0.0001944667784355579
	0.0001941650634037825
	0.0001939270934321206
	0.0001937377722539007
	0.0001935983949334557
	0.0001934054942686063
	0.0001932119266768889
	0.0001930428802600115
	0.0001929129197199019
	0.0001928336632460677
	0.0001928383676381144
	0.0001929338416730926
	0.0001930367459899296
	0.0001931728493649674
	0.0001932313658601394
	0.0001931467426118605
	0.0001929250766510198
	0.0001925981790887328
	0.0001921738236410186
	0.0001916734557178952
	0.0001912082186804845
	0.0001907969957738822
	0.0001904120538694249
	0.0001900114611529877
	0.0001895453466147993
	0.0001890427292857478
	0.000188523695410727
	0.0001880140698589018
	0.0001874760887118783
	0.0001869334945158682
	0.000186392680916328
	0.0001858915218996669
	0.0001854392178049886
	0.0001849965695528249
	0.0001845845307785958
	0.000184169447380596
	0.0001838274528659188
	0.0001835348442920496
	0.0001832876624093965
	0.0001831004243865563
	0.0001829446440758045
	0.0001828494195524644
	0.0001828451684916246
	0.000182954905452018
	0.0001831624325456256
	0.0001834551679945852
	0.0001837527762474795
	0.0001840940300851489
	0.0001844638964862846
	0.0001848276549537255
	0.0001851362982610379
	0.0001853770119487557
	0.0001855781936964435
	0.0001858121127687598
	0.0001860422133146865
	0.0001862666076126409
	0.0001864626378539427
	0.000186671107580784
	0.0001869306346770696
	0.0001872873584431071
	0.000187663764096135
	0.0001879928640346553
	0.0001882228302057613
	0.0001883061167948081
	0.0001882194764127686
	0.0001880367541548396
	0.0001877930076144348
	0.0001875110584413168
	0.0001872042043594425
	0.0001868975765584841
	0.0001865522014297928
	0.0001861816594881487
	0.0001857856726309341
	0.0001854111470135157
	0.0001850759467467194
	0.0001847718500010138
	0.0001844968215272924
	0.000184203711087164
	0.0001839106250799424
	0.0001836324395388724
	0.0001834191222114091
	0.0001832397058162099
	0.0001831648724510607
	0.0001831515428990256
	0.0001831808461040721
	0.0001832166534431127
	0.000183249853134081
	0.0001833030474912129
	0.0001833929238223984
	0.0001835062895424119
	0.0001836173075383976
	0.000183745570479262
	0.0001838907464900125
	0.0001840731711819578
	0.0001843262677526933
	0.0001846094425526079
	0.0001848824187500639
	0.0001850658823609623
	0.0001851349608357983
	0.0001851096528921341
	0.0001850451483762495
	0.0001849784999381736
	0.0001849917166217894
	0.0001851456118694351
	0.0001853923153167693
	0.0001857217223978798
	0.0001860869751267436
	0.0001864788476212331
	0.0001869243528076035
	0.0001873804936200056
	0.0001878230534153509
	0.0001881754707784331
	0.0001884127405795205
	0.0001885067080119313
	0.0001884857248890028
	0.0001883576564376715
	0.0001881986136270559
	0.0001880618419174421
	0.0001879874352399214
	0.000188025266176071
	0.0001881683532091372
	0.0001883783439753436
	0.0001886705420512619
	0.0001890608249440764
	0.0001895432666241946
	0.0001899933891371323
	0.0001903683181448957
	0.0001906656171760739
	0.0001908908343773695
	0.0001910835345121425
	0.0001912689289288439
	0.0001913762766058161
	0.0001914812325512772
	0.0001915450432185885
	0.000191520919134358
	0.000191446946012982
	0.000191320298223387
	0.0001910440622269561
	0.0001907083554533216
	0.0001903943888410673
	0.0001901034006288436
	0.0001898798402954416
	0.0001896565733831246
	0.0001894384459623
	0.0001892766527093004
	0.0001891726003344948
	0.000189054458322121
	0.0001889379374418553
	0.000188817353664391
	0.0001887156706263699
	0.00018873350777944
	0.0001888182099336186
	0.0001889432216570348
	0.0001891398621787724
	0.0001893497539337804
	0.0001895873255987212
	0.0001897978492419194
	0.0001900469468741811
	0.0001903232881217246
	0.000190598179520853
	0.0001908066590661818
	0.0001909727883092996
	0.0001911490675099272
	0.0001913421939176875
	0.0001915893206124272
	0.000191825837655436
	0.000192112697544294
	0.0001924985460063543
	0.000193000057015163
	0.0001935999312238561
	0.0001942174558634668
	0.0001948516190579428
	0.0001954570409716305
	0.0001960090263170543
	0.0001965013184485032
	0.0001970112384788156
	0.0001974950185592562
	0.0001979396419058935
	0.0001983489935107409
	0.0001986852079762015
	0.0001989685311673664
	0.0001992130298685028
	0.0001993708157221485
	0.0001994800362975321
	0.0001994727525611654
	0.0001993743175923442
	0.000199175185842839
	0.0001989303086466675
	0.0001986273955764823
	0.0001982626465373767
	0.0001978858805550021
	0.0001975214897921333
	0.0001971396355552413
	0.0001967641330684229
	0.0001964139377935205
	0.0001961128043939534
	0.0001959266525975619
	0.0001957766981093867
	0.0001956003603545375
	0.0001954728373665575
	0.0001953068572840622
	0.000195098435181898
	0.0001948439037400572
	0.0001945998925346969
	0.0001943650766119618
	0.0001941042730940014
	0.0001937792676459062
	0.0001934290169935378
	0.0001930207455808674
	0.0001926118341407029
	0.0001921982522547961
	0.0001917313581385699
	0.0001912569621968279
	0.0001908222752598438
	0.0001904258506055432
	0.0001900298058495103
	0.0001896504530538773
	0.0001892654795797164
	0.0001888511335391436
	0.0001884217170931558
	0.0001879658191031086
	0.0001874673141032555
	0.0001869117350273201
	0.0001863305711086012
	0.0001857983030148442
	0.0001853077696087049
	0.0001848370683005328
	0.0001843861781801706
	0.0001839709081934896
	0.0001835594950170273
	0.0001831501999149974
	0.0001827848308898378
	0.0001824146030752584
	0.0001820363155149887
	0.0001816164480565525
	0.0001811397413311207
	0.0001806549205212871
	0.0001802034842592518
	0.0001797767333375439
	0.0001794117632007802
	0.0001791352593089269
	0.0001789435554974745
	0.0001788181597528372
	0.000178763553622771
	0.0001787911980806039
	0.0001788785701334929
	0.0001789964479606658
	0.0001791757306798306
	0.0001794579582962549
	0.0001798587176868851
	0.000180338966988265
	0.0001808386368030645
	0.0001812647038593659
	0.0001815375148872666
	0.0001816227986383186
	0.0001815763078185485
	0.0001814222253859414
	0.0001811356008997304
	0.0001808045384024089
	0.0001804246121002388
	0.0001800288263472598
	0.0001796799316855162
	0.0001793898123762531
	0.0001791634150695722
	0.0001791426311461335
	0.0001792478597139969
	0.0001794422710426133
	0.0001796990261214119
	0.0001800009779188654
	0.0001803091524451866
	0.0001805583287049564
	0.0001807697742466307
	0.0001809370398101149
	0.0001810715469694641
	0.0001811997491027853
	0.0001813355249046989
	0.0001815038725985231
	0.0001817121061786768
	0.0001819024537758104
	0.0001820681965891764
	0.0001821883050404635
	0.0001822835037415842
	0.0001823480036450818
	0.0001824132733732218
	0.0001824875198889627
	0.0001825773648445145
	0.0001826798218477647
	0.0001828183653293507
	0.0001830163643814489
	0.0001832733844317762
	0.0001835993789547002
	0.0001839477509611574
	0.0001843343758767471
	0.0001847670835405666
	0.0001851752953026366
	0.0001855852008574508
	0.0001859931434227398
	0.0001863082581442153
	0.0001865418756596476
	0.0001867142586747498
	0.0001868547742685306
	0.0001869492486440727
	0.0001869734106461782
	0.0001869380154043182
	0.000186845674416696
	0.0001866775956129382
	0.0001865233673930679
	0.0001863951835980893
	0.0001862273788058062
	0.0001860038717866624
	0.0001857289827782364
	0.0001853891276431593
	0.0001850331410253735
	0.0001846519606010142
	0.0001842806942281949
	0.0001839271769691546
	0.0001836052815710842
	0.000183283159207996
	0.0001829512537289082
	0.0001826206824469746
	0.0001822777955890363
	0.0001819726236240598
	0.0001817052421207902
	0.0001814292573378764
	0.0001812262081521673
	0.0001810253539177915
	0.0001808643625699306
	0.0001808123265864223
	0.0001807545614826051
	0.0001807043750785167
	0.0001806896090625675
	0.000180698170125397
	0.0001806869152678124
	0.0001806818543108702
	0.0001806366380840294
	0.0001805276627096845
	0.000180375613284188
	0.0001801312592507477
	0.000179871774408403
	0.0001795710250238801
	0.0001793197971809879
	0.0001790837116712017
	0.0001789117295877245
	0.0001787270329184776
	0.0001785515429425597
	0.0001783678242495519
	0.0001781952128567722
	0.0001780505506883434
	0.0001779845901346832
	0.0001780230029519578
	0.0001781393113315061
	0.0001782822687804849
	0.0001784063026185212
	0.0001785035604100523
	0.0001785708290101377
	0.0001785836187864403
	0.0001785580360854617
	0.0001785604405519753
	0.0001786079929488544
	0.0001786698698928727
	0.0001787407001099353
	0.0001788607669311768
	0.0001790246390978039
	0.0001791916732066679
	0.0001793627821610729
	0.0001795377518343753
	0.0001796995221528109
	0.0001798564140576585
	0.000180025522629606
	0.0001801855731023228
	0.000180324647652056
	0.000180421450293292
	0.000180489818551311
	0.0001804639073342578
	0.0001803949198093878
	0.0001803139303721728
	0.0001802433257585282
	0.0001801597419595048
	0.0001800534562878009
	0.0001799427876439955
	0.0001798758628603957
	0.0001798296136966829
	0.000179812671787087
	0.0001797920862753946
	0.000179736346415346
	0.0001796738781926593
	0.000179649943365093
	0.000179675921981117
	0.000179788141909425
	0.0001799038179448242
	0.0001800274122928079
	0.0001801015819652376
	0.0001801249595989392
	0.000180134745931784
	0.0001801636499468356
	0.0001802207977504073
	0.0001803033897628653
	0.0001804222343760189
	0.0001805742643250418
	0.0001807191230608043
	0.0001808476481756453
	0.0001809474171107088
	0.000181083592333659
	0.0001812623431588289
	0.0001815052051616193
	0.0001817734269900177
	0.0001820697703996693
	0.0001823979259057828
	0.0001827210363760732
	0.0001830356638937284
	0.000183400945845366
	0.0001837762651997242
	0.0001841182610657271
	0.0001844074080080439
	0.0001847052562131795
	0.0001849753171384468
	0.0001852431051497319
	0.0001854517046370699
	0.0001855865311960022
	0.0001856464721261604
	0.0001856951785959508
	0.0001857401870633402
	0.0001858474168236277
	0.0001860418957968931
	0.0001863231634105575
	0.0001865712100697164
	0.0001867733366948472
	0.0001869315000557101
	0.0001870957960715092
	0.0001873350212884072
	0.0001876449524283231
	0.0001879532194518458
	0.0001882815346862385
	0.0001886488825235622
	0.0001890145673040478
	0.0001893260263115839
	0.0001896038803462942
	0.0001898711559240745
	0.0001901158280036984
	0.000190401684960396
	0.0001907342522373592
	0.0001911404234766503
	0.0001916065318069316
	0.0001920890067240094
	0.000192576419570123
	0.000193026863060114
	0.0001934380137716065
	0.0001938284295614591
	0.0001941798511723163
	0.0001944880582833439
	0.0001947009556109809
	0.0001948083042862809
	0.0001947839677415009
	0.0001946511575746053
	0.0001944211994392233
	0.0001941281847727458
	0.0001937622549747692
	0.0001933373857646466
	0.0001928742287026569
	0.0001923595223767997
	0.0001918507743455345
	0.0001913115530834223
	0.0001907573831075534
	0.000190152853738241
	0.0001895461984861767
	0.0001889046897533114
	0.0001882730859433774
	0.0001876684015768306
	0.0001871389975711962
	0.0001866555322388
	0.0001861802924336292
	0.0001856792858919489
	0.0001851594793374081
	0.0001846474040819183
	0.0001842121862661987
	0.0001838379230135351
	0.0001835014187941011
	0.0001831907109431315
	0.0001829355462823028
	0.0001827747132273423
	0.0001826919912706311
	0.0001826981347704225
	0.0001828090610807471
	0.0001829627010478695
	0.0001831373980798135
	0.0001832935611763592
	0.0001834627871876196
	0.0001836120920905969
	0.0001836766464118779
	0.0001836384754406004
	0.0001835015011785276
	0.0001832906279632312
	0.000183001898414881
	0.0001826413475430805
	0.0001822487644632057
	0.0001818558948258586
	0.0001814363251589487
	0.0001810260045699487
	0.0001806125292495351
	0.0001802050805205049
	0.0001797688070895062
	0.0001793335108572706
	0.0001789530157897256
	0.0001786006291194746
	0.0001782894818110121
	0.0001780117195527448
	0.0001777448720970371
	0.0001775622378294262
	0.00017743106541055
	0.0001773532177581215
	0.0001773131530613741
	0.0001772832770083643
	0.0001772786659410157
	0.0001772778723818781
	0.0001772761916060283
	0.0001772903676755655
	0.0001773294644978674
	0.0001773894982693109
	0.0001774816039245349
	0.0001775894926680338
	0.0001777170705687624
	0.0001778567602611728
	0.0001779951623738307
	0.0001781468537312078
	0.0001783272990943876
	0.0001785289899213091
	0.0001786939910020277
	0.0001788876913146797
	0.0001791353104066233
	0.0001794253763776319
	0.0001796905634463769
	0.0001799302244042452
	0.0001801592826017013
	0.0001803069717123267
	0.000180347035328729
	0.0001803071097208236
	0.0001801702713218972
	0.0001799931545565565
	0.0001798377167599463
	0.0001797757495183788
	0.0001797927309501024
	0.0001798353494231445
	0.0001798618768501684
	0.0001798415668299045
	0.0001797832986857056
	0.0001796840492509441
	0.0001795503877878284
	0.0001794389408593313
	0.0001794222381880807
	0.0001794908879322056
	0.0001796434984020373
	0.0001798982138427104
	0.0001802228990621266
	0.0001805519424784341
	0.0001808668186213252
	0.0001811354489736118
	0.0001813388055204562
	0.0001814924905253758
	0.0001816242610045107
	0.0001817042585546187
	0.000181762724106495
	0.0001818112042203102
	0.0001818438859769518
	0.0001818322170640536
	0.0001817534161337741
	0.0001815813339967616
	0.0001813623789148401
	0.0001811268420115291
	0.000180914939504515
	0.0001807348610258934
	0.0001805984888071065
	0.0001804564269368901
	0.0001803003851692103
	0.0001801862731883469
	0.0001800603270694742
	0.0001798837848954092
	0.0001796346636255773
	0.000179332591383498
	0.0001790198000665194
	0.0001786912727074302
	0.0001783722109681083
	0.0001780671767910421
	0.0001777813684503939
	0.0001774886927033816
	0.0001772449123366424
	0.0001770621164398242
	0.0001769019347012927
	0.0001767511303898849
	0.000176603198082211
	0.0001764729433766813
	0.0001763026339533026
	0.0001761247141365693
	0.0001759442959759313
	0.0001757863390355651
	0.0001756581267769425
	0.0001755003818704368
	0.0001752827084205887
	0.0001749990436876529
	0.0001746910450509501
	0.0001743533126808745
	0.000174041204565332
	0.0001737423231892122
	0.0001734683106887709
	0.0001732292898490425
	0.0001730093003826804
	0.000172838723963713
	0.0001726835299068454
	0.0001725412330851902
	0.0001724018602394875
	0.0001722421182202423
	0.0001720692497385009
	0.0001719046771256376
	0.0001717476362400194
	0.000171595666744017
	0.0001714205196349073
	0.0001711747956234689
	0.0001708764534142218
	0.0001705693801655546
	0.0001703059305468479
	0.0001700909330654444
	0.0001699269561461651
	0.0001697774179106728
	0.0001696126596677224
	0.0001694432609911103
	0.0001692921349252892
	0.0001691549458827839
	0.0001690261835322782
	0.0001689423501787437
	0.0001689189579665183
	0.0001689462136566659
	0.0001689867976781738
	0.0001689880254222872
	0.000168969643005778
	0.0001689305827929193
	0.000168835612868699
	0.0001687018636000782
	0.0001684992527826647
	0.0001682329991771283
	0.0001679504152562969
	0.0001676314111686744
	0.0001672851249886924
	0.0001669682812654647
	0.0001667093107142487
	0.000166510380524779
	0.0001663461467388618
	0.0001661914607589876
	0.0001660133408124998
	0.0001658184449476805
	0.0001656641309505736
	0.0001655520617432784
	0.000165479099909168
	0.0001654658019099703
	0.0001654858094732779
	0.0001654961488219235
	0.0001654612926920209
	0.0001654097886385184
	0.0001652885616057206
	0.0001651415699751883
	0.0001649946648304114
	0.0001648554255836462
	0.0001647181180263571
	0.0001646196862376835
	0.0001645651047969296
	0.0001645602737307324
	0.000164599743289496
	0.0001646669946547487
	0.0001647442139788173
	0.0001648507831137379
	0.0001650249924625068
	0.0001652215942868593
	0.0001654345341235752
	0.0001656352069338522
	0.000165773664974454
	0.0001658565684928255
	0.0001659551036573363
	0.0001660390441773672
	0.0001661123098062328
	0.0001661824441250214
	0.0001662342727580787
	0.0001662471277340805
	0.0001662263830962291
	0.0001661835356564155
	0.0001661832659438135
	0.0001662459317175785
	0.0001663151462836084
	0.0001663861300154339
	0.0001664269013176151
	0.0001664352965263272
	0.0001664101747871433
	0.0001663919343557755
	0.0001663704805970002
	0.0001664002338070241
	0.0001664457731486946
	0.0001665317336570149
	0.0001667083065507609
	0.0001669491428805848
	0.0001672321268502673
	0.0001675242293266229
	0.0001678531786673105
	0.0001682281909255258
	0.0001686564724376454
	0.0001691121167497711
	0.0001695699613956573
	0.0001699995409550415
	0.0001703810337355378
	0.0001707584368226574
	0.0001711211237736557
	0.0001714375407927609
	0.000171688831514579
	0.0001718771795975175
	0.0001719998852142747
	0.0001720513465346712
	0.000172060226751022
	0.0001720451504090643
	0.0001720689507156848
	0.0001720586353736766
	0.0001720124474307303
	0.0001719504394932599
	0.0001718835903322525
	0.0001718458208357341
	0.0001718598904246635
	0.0001719043360709216
	0.0001719180006964055
	0.000171860413987585
	0.0001717235774719577
	0.0001715476433781204
	0.0001713069610029729
	0.0001710773615263773
	0.0001708514366281497
	0.0001706409661572388
	0.0001704666715430229
	0.0001703859545702457
	0.0001703987135295696
	0.000170474935736822
	0.0001705234001101717
	0.000170583365355987
	0.0001706344118653648
	0.0001706695842816832
	0.0001707367817496829
	0.000170833611827044
	0.0001709372958614601
	0.0001710358447664347
	0.0001710822770714281
	0.0001711184259171011
	0.0001711563743486788
	0.0001711810390452156
	0.0001711825771954526
	0.0001711227367752337
	0.0001709978803559229
	0.0001708466297455988
	0.0001706971163776739
	0.0001705812592291244
	0.0001704870708823298
	0.0001704258676264946
	0.0001704316995101459
	0.0001705164424409678
	0.0001706530613319997
	0.0001707625228535399
	0.0001707986156777828
	0.0001707296607790368
	0.0001705798963237766
	0.0001703356333484286
	0.0001700485900941166
	0.0001696987674032372
	0.0001692826428405346
	0.0001687755580654843
	0.0001682989842446438
	0.0001678922184295017
	0.0001675264522785274
	0.0001672259579076019
	0.0001669832715418792
	0.0001667982916592654
	0.0001666385049872196
	0.000166542891654984
	0.0001664875315775503
	0.0001664591080013665
	0.0001664885407504189
	0.0001665910846783842
	0.0001667256240471742
	0.0001668687732324127
	0.000167024510793367
	0.0001671909721466529
	0.0001673228933680506
	0.0001674590095549383
	0.0001675842415282172
	0.0001676658873075075
	0.0001677073717163111
	0.0001677117539982049
	0.0001676807289065058
	0.0001676052927882804
	0.0001675098055377517
	0.0001674236868466861
	0.0001673834243851636
	0.0001673826772612034
	0.0001673739808336787
	0.0001673460419236839
	0.0001673538203507181
	0.0001673751342203409
	0.0001674231409046654
	0.0001674530538328998
	0.0001674856033294726
	0.0001675246767496309
	0.0001675179744242053
	0.0001674433450199085
	0.0001673348127153471
	0.0001672070731945972
	0.0001670570191036356
	0.0001669086407714031
	0.0001667905628454438
	0.0001666559707054163
	0.0001665006937774754
	0.0001663215312708052
	0.0001661245720015756
	0.0001658978770069743
	0.0001656524784792044
	0.0001654346164848093
	0.0001652707022493987
	0.0001651424009668928
	0.0001650423653974193
	0.000164966120893138
	0.0001648926092482122
	0.0001648192657266457
	0.0001647121773363674
	0.0001645286381996583
	0.000164278776436809
	0.000163986258975205
	0.0001637304850045729
	0.0001635044698047972
	0.0001633062751541819
	0.0001631174978286512
	0.0001628660488354857
	0.0001625576550462298
	0.0001621847925866416
	0.0001617803414212947
	0.0001613497430961442
	0.0001609479589587125
	0.0001606412406381047
	0.0001604302147557457
	0.0001603005409897661
	0.0001602412169580205
	0.0001602150351845663
	0.0001601871548637361
	0.0001601663755527727
	0.0001601345562241157
	0.000160106613931808
	0.0001601343554195016
	0.0001602190674511887
	0.0001602891225319378
	0.0001603129042910196
	0.0001602962762549965
	0.0001602765720456292
	0.0001602511416368537
	0.0001602363476568724
	0.000160263452536486
	0.0001603420590903077
	0.0001604426677409922
	0.0001605782697444684
	0.0001607490177225538
	0.0001609604434223244
	0.0001611830902204006
	0.000161387603750321
	0.0001615689810059901
	0.0001616675008403539
	0.0001617304428600042
	0.0001617845898858381
	0.0001618112963117577
	0.0001618567196191944
	0.000161926094540576
	0.0001620538191045634
	0.0001622165426419974
	0.0001623613524981631
	0.0001624806386209333
	0.0001625594988367613
	0.0001626390075268994
	0.0001627274843988228
	0.0001628517515564679
	0.0001629992323945383
	0.0001631779256884903
	0.0001633642521393051
	0.0001635446186115591
	0.000163747748153554
	0.0001640015858528732
	0.0001642944879768206
	0.0001645652146492905
	0.0001647491174004864
	0.0001647905674991816
	0.0001647311358412862
	0.0001646308048179881
	0.0001645171277023033
	0.0001644042725652655
	0.0001642952297109382
	0.000164150174070006
	0.0001639829086323708
	0.0001637980716460403
	0.0001635980590710979
	0.0001633554467799213
	0.0001631100309328434
	0.0001629167086994159
	0.0001627752065836804
	0.0001626841359380188
	0.0001626634325722357
	0.000162725442385215
	0.0001628505142099799
	0.0001630241005815223
	0.0001632344884250173
	0.0001634182758305369
	0.0001635618841186594
	0.0001636678063048524
	0.0001637198763262598
	0.0001637264978396212
	0.0001637236205091746
	0.0001637060862914066
	0.000163707990239949
	0.0001637154000568095
	0.0001636991916571399
	0.0001636541009525613
	0.0001636280062183175
	0.000163683750487578
	0.0001637802895467292
	0.0001639133471738539
	0.0001640550577527681
	0.0001642045454977074
	0.0001643695668415851
	0.0001645052932869632
	0.0001646315118478878
	0.0001647698857147871
	0.0001649490237106514
	0.0001651544177777473
	0.0001653753855707312
	0.0001655570216176347
	0.0001656918324798081
	0.0001657505406699985
	0.0001657341198712421
	0.0001656255855664223
	0.0001654397861561678
	0.0001652112447905161
	0.0001649355711662093
	0.0001646596875251723
	0.0001643791557163315
	0.0001641134380050867
	0.0001638803546512552
	0.0001636375184560925
	0.000163385895021438
	0.0001631197178865501
	0.0001628665957102892
	0.0001626681656607228
	0.000162510591689576
	0.000162372643329324
	0.0001622970487424359
	0.0001622509065189804
	0.0001622360548137767
	0.0001622191590383333
	0.000162204186166271
	0.0001622182099400827
	0.0001622395848709104
	0.0001622729739374715
	0.0001623307461152403
	0.0001624185767014694
	0.0001624892727371002
	0.0001625244261168442
	0.000162474973702452
	0.0001623515397196657
	0.000162205875845353
	0.0001620418855823193
	0.0001618779461587048
	0.0001617247294041773
	0.0001616020232782992
	0.0001614978076917379
	0.0001614059714994828
	0.0001613047267778192
	0.0001611681038659274
	0.0001610050227462443
	0.0001608182126977863
	0.0001606422786426596
	0.0001604921351580725
	0.0001603803112506666
	0.0001603183569167161
	0.000160309943860214
	0.0001603505381524492
	0.0001603772152623988
	0.0001603676845236489
	0.0001603127473091816
	0.0001602334636869641
	0.0001601631335247867
	0.0001601064203736441
	0.000160097387607805
	0.000160154758211819
	0.0001602643953026752
	0.0001603676601887681
	0.0001604791126200878
	0.0001605974655309988
	0.0001607526077169264
	0.000160932111575809
	0.0001611362833949525
	0.0001613968754280989
	0.000161671603530418
	0.0001619129201843492
	0.0001621268842617033
	0.0001623020580307437
	0.0001624324229794851
	0.0001625138011688788
	0.000162524357472694
	0.0001624676322272919
	0.0001623414027396954
	0.0001621607908478935
	0.0001619173206550438
	0.0001616709137076755
	0.0001614496808907424
	0.0001612657549478957
	0.0001611635458116144
	0.0001611228990206924
	0.0001611665864717894
	0.0001613296465749814
	0.0001614609251318241
	0.000161545451034772
	0.000161603618685611
	0.0001616037631555452
	0.0001615009652725465
	0.0001613725904542028
	0.0001612254342638185
	0.0001611042401679695
	0.0001609827912013324
	0.0001608766563590174
	0.0001607736220093793
	0.0001606520022218254
	0.0001605400469026185
	0.0001604437007524729
	0.0001603754585288607
	0.000160312513472185
	0.0001602286284143458
	0.0001601286331179319
	0.0001600223387950545
	0.0001598945878542629
	0.0001598379299266496
	0.0001598183585669783
	0.0001598026433906
	0.0001598190442069029
	0.0001598009208411805
	0.000159699427368537
	0.0001595419253073689
	0.0001593613828039404
	0.0001592475569624111
	0.0001592190307251546
	0.0001592377319626288
	0.0001592378642558435
	0.0001592444178279268
	0.0001592475059752683
	0.0001592657732790935
	0.0001592570688512076
	0.0001592152522184871
	0.0001591616494135764
	0.0001591338009796239
	0.0001591041227270634
	0.0001590564811788548
	0.0001590124003706619
	0.0001590077898790034
	0.0001589930731807203
	0.0001590022642780674
	0.0001590054434533535
	0.0001590146196578705
	0.0001590048311504039
	0.000158960472992688
	0.0001588890443648336
	0.0001587700612786285
	0.0001586160928680425
	0.0001584769234495899
	0.0001583575465071492
	0.0001582841226922452
	0.0001582010788692291
	0.0001580790379517915
	0.0001579017064197565
	0.0001576835264926618
	0.0001574379724057074
	0.0001571717368592448
	0.0001568852698763041
	0.0001565747357377218
	0.0001562374713872693
	0.0001558891787973818
	0.0001555569251891552
	0.000155216264439588
	0.0001549216091137461
	0.0001546936389438766
	0.0001545153966784313
	0.0001543366008737584
	0.0001541341394013333
	0.0001539197810359228
	0.0001536927869319415
	0.0001534850775403216
	0.0001533271056730938
	0.0001532283622312639
	0.0001531837255009286
	0.0001531767096460839
	0.0001531885379664163
	0.0001531893670283526
	0.0001531361890897201
	0.0001529951584079147
	0.0001527627082197256
	0.0001525024609710905
	0.0001522463037173377
	0.0001519780213007025
	0.0001517762045862578
	0.0001516012717646772
	0.000151457852277171
	0.0001514180289433535
	0.0001514610057079133
	0.0001515205342944823
	0.0001515204378263156
	0.0001514372595950651
	0.0001513421969318294
	0.0001513273116633161
	0.0001513490759191629
	0.0001513607844068235
	0.0001514411158912455
	0.0001515767909551483
	0.0001516827955715114
	0.0001518248046372555
	0.000152051795445841
	0.00015227647611361
	0.0001524605842984024
	0.0001525799118871848
	0.0001526635136561789
	0.0001527041538192149
	0.000152669829706335
	0.0001525783858690439
	0.000152469062051798
	0.0001523685896518368
	0.0001522953620026944
	0.0001522592951703081
	0.0001522240522022412
	0.0001521560265888486
	0.0001520707248079132
	0.0001519487124679683
	0.0001518104269431762
	0.0001516960836317703
	0.0001515702407773062
	0.000151418115927437
	0.0001512231232610447
	0.0001510137153888789
	0.0001507526201480913
	0.0001504476605860594
	0.0001500798744213917
	0.000149655246982373
	0.0001491621452168652
	0.0001486608420071909
	0.000148174854506879
	0.0001477527034235724
	0.0001474239562572511
	0.0001471590363737018
	0.0001469027140333814
	0.000146627455021547
	0.0001463503855487055
	0.0001460544021613298
	0.0001457450717583747
	0.0001454591318195722
	0.0001452249441835626
	0.0001450242141631533
	0.000144854200437987
	0.0001447208813573376
	0.0001446571677118434
	0.0001446473440772539
	0.0001446773936730861
	0.0001447667871670632
	0.0001449070095633323
	0.0001450478139190463
	0.0001452219143232387
	0.0001453832910204746
	0.0001455171930083079
	0.0001455992793659848
	0.0001456273188933824
	0.0001456224661426526
	0.0001456066498027253
	0.0001456068290085695
	0.000145604242076603
	0.0001455754203016965
	0.0001455297005001124
	0.0001454472587537556
	0.0001453640283220692
	0.0001452764827484508
	0.0001452194084559443
	0.0001452447894273595
	0.0001453227099961011
	0.0001454329087464295
	0.0001455793005609122
	0.0001457356776180956
	0.0001459140284982263
	0.0001461038186518725
	0.0001463409465876355
	0.0001466060699873805
	0.0001469058447496243
	0.000147210923450926
	0.0001474829904363761
	0.0001477093049691212
	0.0001478989394158875
	0.0001480457078636306
	0.0001481796566615282
	0.0001482966916861147
	0.0001484291941592044
	0.000148594637591277
	0.0001487670330877455
	0.0001489400999065024
	0.0001491013589813752
	0.0001492616792704553
	0.0001494062746734169
	0.000149542227872656
	0.0001496986457293599
	0.0001499117215129465
	0.0001501992793346195
	0.0001504839205254824
	0.0001507787804541027
	0.000151017668705064
	0.0001512373188784647
	0.0001514544130432108
	0.0001516858394579114
	0.0001519304291575648
	0.0001522118558021922
	0.0001525238018128937
	0.0001528195053510871
	0.000153073919745012
	0.0001533123133584781
	0.0001535150261565408
	0.0001536891590474636
	0.0001538241072421454
	0.000153915917743732
	0.000153956614645333
	0.0001539755542029883
	0.000153967738232149
	0.0001539601551388116
	0.0001539159887214361
	0.0001538274203171752
	0.0001537246009678841
	0.0001536413472410667
	0.0001536164916608059
	0.0001536229866971796
	0.0001536556411964667
	0.0001537211906510558
	0.0001538045408126677
	0.000153922814094347
	0.0001540586990471124
	0.0001542122357017944
	0.0001543510581637085
	0.0001544686464160632
	0.0001545433967125289
	0.0001546001948426928
	0.0001545883120102478
	0.0001544803691884241
	0.0001542705011213862
	0.0001539771206176512
	0.0001536663551220332
	0.0001533903459976651
	0.0001531606937388513
	0.0001529984830046548
	0.000152896678676817
	0.0001528699967771314
	0.000152917274877234
	0.000153062557550234
	0.0001532858396324753
	0.0001535785723696708
	0.0001539248813962873
	0.0001543316998975479
	0.0001547687333462278
	0.0001552350739897741
	0.0001557242048819478
	0.0001562401489977703
	0.0001567498144043421
	0.0001572197509385324
	0.0001576419161416438
	0.0001580308333970858
	0.0001584045850817337
	0.0001587365934161743
	0.0001589958456497639
	0.0001592029304611605
	0.0001593733233274331
	0.000159544628779077
	0.0001597000929718708
	0.0001598578508076704
	0.0001599629995049702
	0.0001600465591557881
	0.0001600700973703691
	0.0001600066915162319
	0.0001599022472027791
	0.0001597677554458929
	0.0001596133496396448
	0.0001594633424924564
	0.0001592929636712379
	0.0001591116822190137
	0.0001589466856958304
	0.0001588363269541919
	0.0001587744272054089
	0.0001587367980408152
	0.0001587155060587012
	0.000158735252065916
	0.0001588190054307563
	0.0001589246939328616
	0.0001590517007957448
	0.0001591874239195875
	0.0001593098389256092
	0.0001594426720586541
	0.0001595953541471572
	0.0001597786595870306
	0.0001600087143100975
	0.0001602658351148975
	0.0001605497309637552
	0.000160834787565005
	0.0001610787347672454
	0.0001612689159145529
	0.0001614075367631018
	0.0001615174200488871
	0.0001616474074193187
	0.0001617982434236508
	0.0001619898038207305
	0.0001621764144671615
	0.0001623519759255885
	0.0001625452584456263
	0.0001627867262897197
	0.0001630216839460877
	0.0001632533634290935
	0.0001634796639551292
	0.0001637204580502512
	0.000163959742030867
	0.0001642245310054158
	0.0001645064716533343
	0.0001647669521756422
	0.00016500351386238
	0.0001652318012387235
	0.0001654809905290911
	0.0001657495462135543
	0.0001660602050057702
	0.0001664103602731937
	0.0001667633310234154
	0.0001671402053786168
	0.0001675123837673078
	0.000167912789900959
	0.0001683579338910818
	0.0001688178061204543
	0.0001692947743064323
	0.0001698138196163412
	0.00017042008792555
	0.0001710175405275507
	0.0001715471436229265
	0.0001719543288623212
	0.0001722092718120162
	0.000172350233826132
	0.0001723742184902791
	0.0001723164067821625
	0.0001721965144617087
	0.0001720363409730935
	0.0001718490855619316
	0.0001716280011641149
	0.0001714700547079932
	0.0001713879225476968
	0.0001714065996204019
	0.00017149367317399
	0.0001716175090659845
	0.0001717540652135034
	0.0001719026739815995
	0.0001720280970878233
	0.0001721045563335577
	0.0001721307096600085
	0.0001721421906315238
	0.0001721112048546312
	0.0001721062706184794
	0.0001720917994947348
	0.0001721204040716369
	0.0001721849896754926
	0.0001723093729908015
	0.0001724541994956021
	0.0001726111868568118
	0.0001727824008216272
	0.0001729687929109293
	0.0001731316643072585
	0.000173286388885937
	0.0001733721856202862
	0.0001733858566903679
	0.0001733531595649726
	0.0001732637686817809
	0.0001731020661360931
	0.0001728767461608671
	0.0001725785959160623
	0.0001722552343148207
	0.0001718770404599286
	0.0001714545755439523
	0.0001709935925233758
	0.0001705094274335811
	0.0001700228363744998
	0.0001695849142273055
	0.0001692203361407425
	0.0001689072034549611
	0.0001686216274929013
	0.000168334918934141
	0.0001680147508706806
	0.0001676739602048227
	0.0001673511976343687
	0.0001670365737104305
	0.0001667294711626063
	0.0001663985329295718
	0.0001660759092343184
	0.0001657695909199908
	0.0001654976866295665
	0.0001652977319422887
	0.0001651962528005915
	0.0001651711108308308
	0.0001652238939273667
	0.000165315157585555
	0.0001654470147218708
	0.0001655668502423351
	0.0001657164378062808
	0.0001659561791070875
	0.0001662751171987161
	0.0001666111074598191
	0.0001669316586872656
	0.0001672216373484102
	0.00016748099713904
	0.0001676967491464394
	0.0001679079401200935
	0.0001681242043552164
	0.0001683091956941634
	0.0001684582962325556
	0.0001686172157291382
	0.0001687934073176478
	0.000168988788900819
	0.000169175672201743
	0.0001692990628685659
	0.0001693037897721032
	0.0001692057177352004
	0.0001689952693795409
	0.0001687066602977291
	0.000168365550932674
	0.0001680238030470094
	0.0001676908452288571
	0.0001673538510906955
	0.0001669986123417498
	0.0001666136393624874
	0.0001662039826616378
	0.0001657907903307245
	0.0001653967055853817
	0.0001650211621367944
	0.00016463518756319
	0.0001642906865174759
	0.0001639901894715177
	0.0001636937427601778
	0.0001633803896484064
	0.0001630885217728099
	0.0001628233762081904
	0.000162569779965092
	0.0001623129600792111
	0.0001620191537257025
	0.0001616883091525042
	0.0001613588130032522
	0.0001610720410182814
	0.0001607831362621618
	0.0001604659502965599
	0.0001601075706906208
	0.0001596943790696576
	0.00015926921320467
	0.0001588584353337069
	0.0001584987598404435
	0.000158203844571972
	0.0001579119347665629
	0.0001576681786612975
	0.0001574449482242597
	0.0001572511789062285
	0.0001571201368551967
	0.0001570266709143272
	0.0001569337014093169
	0.0001568392005593855
	0.0001567544479757102
	0.0001566856383110091
	0.0001566712308515348
	0.0001566906408407014
	0.0001566949094596852
	0.0001567376056226161
	0.0001567854291778982
	0.0001567951070516092
	0.0001567598951034775
	0.0001567255636986113
	0.0001566990807805561
	0.0001566754489158096
	0.0001566832831374664
	0.0001567707333976199
	0.0001569400352695628
	0.0001571696883602169
	0.0001574622226115544
	0.0001577509932448047
	0.0001579937386301181
	0.0001582017600258095
	0.000158434577402334
	0.0001587190232407239
	0.0001590318299152488
	0.0001593514287105714
	0.000159625621475632
	0.0001598677016083918
	0.0001600653161613378
	0.0001602085123637459
	0.0001603049735177768
	0.0001603845176405822
	0.0001604102586272187
	0.0001604246308858922
	0.0001604185122203336
	0.0001604095806452496
	0.00016042381112055
	0.0001604742728992462
	0.0001605615512962039
	0.0001606820824072891
	0.0001608312872982941
	0.0001609810967248929
	0.0001610823041972095
	0.0001611058551427783
	0.0001610420918658159
	0.0001609005705849084
	0.0001606755409809393
	0.0001604169084895758
	0.0001601258455679026
	0.0001598529524647229
	0.0001596208066352005
	0.0001594065295665755
	0.000159235086522313
	0.0001590539330525443
	0.000158902405679198
	0.0001587459975025929
	0.0001585635168989192
	0.000158352536947933
	0.0001581108608323527
	0.0001578490994694198
	0.0001575489901285558
	0.0001572098850307146
	0.0001568755536217193
	0.0001565466838332252
	0.0001562444867607855
	0.0001559502904514395
	0.0001556764733076345
	0.0001554339053233702
	0.0001552211224676388
	0.0001550079793264574
	0.0001548162563726641
	0.0001546448422899147
	0.0001544726190711587
	0.000154263539174005
	0.0001540340404891502
	0.0001537888001194299
	0.0001535487969679833
	0.0001533276514299417
	0.0001531320059250827
	0.0001529788307708862
	0.0001528615581587199
	0.0001527684111260134
	0.0001527266070001269
	0.0001527136062443986
	0.0001527565064129494
	0.0001528291667992916
	0.0001529301776409768
	0.0001530559067606387
	0.0001531570255547314
	0.000153253899781649
	0.0001533417007955039
	0.000153407767782421
	0.000153459187376147
	0.0001534968949955357
	0.0001535271670472626
	0.0001535545719604408
	0.0001536369679974554
	0.0001537608703490492
	0.0001538871210785308
	0.0001539896820640722
	0.000154050657913899
	0.0001540571143331153
	0.0001539966764859232
	0.0001538973062456591
	0.0001537790078492157
	0.0001536565563479157
	0.0001535623785538933
	0.0001534936282505973
	0.0001534584093311102
	0.0001534136880025476
	0.0001533730929054548
	0.0001533225783183189
	0.0001532694172196198
	0.0001532456718583252
	0.0001532065055215491
	0.000153155190504927
	0.0001531095347992176
	0.0001530864966487976
	0.0001531081411112764
	0.0001531689572853883
	0.0001532426534105113
	0.0001533196057520385
	0.0001534220754754993
	0.000153565024526024
	0.0001537493232568445
	0.000153944459705853
	0.0001541514268068729
	0.0001543384968425547
	0.0001545011609821894
	0.0001546404145738867
	0.0001547643502791723
	0.0001548712170133206
	0.0001549825856415538
	0.0001551192745148314
	0.0001553123336879176
	0.0001555798337040501
	0.0001558875567288471
	0.0001561901187176592
	0.0001564938385278325
	0.0001567895028569882
	0.000157024783645147
	0.000157189720360758
	0.0001572688098622098
	0.0001572534817674622
	0.0001571698251233505
	0.000157024512501138
	0.0001568620138785125
	0.0001567133124773654
	0.0001566044277973157
	0.0001565464873161039
	0.0001565091227375435
	0.0001564936853716649
	0.0001565121846519091
	0.0001566012045621425
	0.0001567404531048882
	0.0001568793665438921
	0.0001569840551246381
	0.0001571180118339348
	0.0001572562439382267
	0.0001574282105651499
	0.0001576046867752463
	0.0001577458913137524
	0.0001577938229907746
	0.0001577631942832401
	0.0001576802789447644
	0.0001575939702331756
	0.0001574882887332485
	0.000157370081749533
	0.0001572660846629762
	0.000157207443201712
	0.0001571560462596502
	0.0001570921610720041
	0.000157037896892855
	0.0001570324193817029
	0.0001570355482013342
	0.0001570405608010869
	0.0001569897681421856
	0.0001569322230587096
	0.000156903293363738
	0.0001569272549849406
	0.0001569863166389766
	0.0001570839811294017
	0.0001572009540931295
	0.0001572793481178215
	0.0001573118923700417
	0.0001572886376309023
	0.0001572085857275389
	0.0001570666439786319
	0.0001569026472187858
	0.0001567475785822224
	0.0001565968784379978
	0.0001564497645642153
	0.0001562970331634555
	0.0001561298209764177
	0.0001560160907791487
	0.0001559729873275696
	0.0001559909649184331
	0.0001560442427511007
	0.0001561004362030608
	0.0001561640012726799
	0.0001561878481240002
	0.0001561684773642698
	0.0001561035560036826
	0.0001560315840151832
	0.0001559833880366001
	0.0001559418652680796
	0.0001558739724685392
	0.0001557732788606418
	0.0001556301508476663
	0.0001554776239293773
	0.0001552751295204769
	0.000155038116500677
	0.0001547439303791071
	0.0001544269726360153
	0.0001541547714630878
	0.0001539738541349308
	0.0001538541455286002
	0.0001537783281323931
	0.0001537241674243848
	0.0001537042650061797
	0.0001536988944424684
	0.0001537293264621506
	0.0001537724091883583
	0.0001537891668100368
	0.0001538174673470507
	0.0001538379223744833
	0.0001538501241695298
	0.0001538388126015884
	0.0001537986096720113
	0.0001536737963490198
	0.0001534399387484379
	0.0001531135566284909
	0.0001528006431368457
	0.000152514348130726
	0.000152275111633827
	0.0001521133379592507
	0.0001520181222870792
	0.0001519863668208267
	0.0001520359569893195
	0.0001521211110028809
	0.0001522302539513761
	0.0001523591143084415
	0.0001524849790471422
	0.0001526462364327519
	0.000152866463212051
	0.0001531319269274318
	0.0001534226991609152
	0.0001537018317031445
	0.0001539450612373481
	0.0001541748060036507
	0.0001543850417857461
	0.0001545785905111946
	0.0001547342128248136
	0.0001548714459135267
	0.0001550247498777505
	0.0001552049622539773
	0.0001553822823119708
	0.0001555648487689699
	0.0001557433871892895
	0.0001558931578450342
	0.0001560055647426728
	0.0001560434392523876
	0.0001559688913060024
	0.0001557891447156756
	0.0001555380090928672
	0.0001552560006148601
	0.000154949389250667
	0.0001546423762108943
	0.0001542979189238664
	0.0001539232423615811
	0.0001535183477386435
	0.0001531108771874307
	0.0001527508197691717
	0.0001524523592227007
	0.0001522375922142832
	0.0001520832105743454
	0.0001519560203982878
	0.0001518495830738087
	0.0001517823888763171
	0.0001517296043036274
	0.000151698795593531
	0.0001516989972679854
	0.0001517330121996239
	0.0001517846152653393
	0.0001518846146438144
	0.0001520376341028296
	0.0001522391508397203
	0.0001524772762006539
	0.0001526998361174795
	0.0001529136326475508
	0.0001531207929967831
	0.0001533721904934513
	0.000153649278997487
	0.0001539480874357278
	0.0001542460501407292
	0.0001545444719517073
	0.0001547954907400091
	0.0001549958476023188
	0.0001552121043210581
	0.0001554315270850427
	0.0001556461502476825
	0.000155831263277154
	0.0001560118633059899
	0.0001561895104320507
	0.000156358372677705
	0.0001565195188517335
	0.0001566436782420101
	0.0001567616065635283
	0.0001568667481549254
	0.00015694930036973
	0.0001570079064627664
	0.0001570340206228968
	0.0001570390613996398
	0.0001570659658251755
	0.0001571353206017225
	0.0001571954986153564
	0.0001572252197076793
	0.0001572293657399575
	0.0001572392264700256
	0.0001572789938517716
	0.0001573626966561374
	0.0001574495823163266
	0.0001575307678847091
	0.0001576481941375889
	0.0001577866875962535
	0.0001579116843338395
	0.000158022779783562
	0.000158098432114901
	0.0001581821685786552
	0.0001582873036958153
	0.00015841256457785
	0.0001585317255153262
	0.0001586258833304047
	0.0001586125855421209
	0.0001585486670048034
	0.0001584241014536018
	0.0001582306262328687
	0.000158025221212688
	0.0001578394334901238
	0.0001576941406491727
	0.0001576122724579638
	0.0001575582398110947
	0.0001574881648147344
	0.0001573684343892892
	0.0001571354572258644
	0.0001568435586002669
	0.0001565528879769349
	0.0001562799210457367
	0.0001560227683593474
	0.0001557770857287092
	0.0001555201524618526
	0.0001552467256220046
	0.0001549808999713028
	0.0001547129597885408
	0.0001544819158580209
	0.0001543353649764716
	0.0001542543508217714
	0.0001543230318953128
	0.0001545338011939315
	0.000154840413950636
	0.0001551436788757633
	0.0001554555034123116
	0.0001557412639473099
	0.0001560013837816943
	0.0001563386316151154
	0.0001567325638377221
	0.0001571836716235887
	0.0001576136603245454
	0.0001579698780241058
	0.0001583157389802953
	0.0001586976669042417
	0.0001591219861058296
	0.0001596039533725605
	0.0001601076885041674
	0.0001605908674029318
	0.0001610656462586191
	0.0001615653553592155
	0.0001620476629654517
	0.0001625003529982387
	0.0001628700756250514
	0.0001631357520218709
	0.0001633036941546255
	0.0001633787789488751
	0.0001633934078420508
	0.0001633609086904301
	0.0001632860705606563
	0.0001631849963167802
	0.0001630842724497827
	0.0001630001119055139
	0.0001629368888155532
	0.0001628783161642408
	0.0001628358518647801
	0.000162803271072855
	0.0001627245597677335
	0.0001625882186017421
	0.0001624123203217181
	0.0001622000836678801
	0.0001619861785186803
	0.0001618078264047993
	0.0001616743845813272
	0.00016157711355746
	0.0001614825154170278
	0.0001614212852766075
	0.0001614384842712991
	0.0001615302325237499
	0.0001616914351661539
	0.0001618563123038605
	0.0001620396969229504
	0.0001622300549086954
	0.0001623746347517407
	0.0001624734874083933
	0.0001625428581817674
	0.0001625742923121874
	0.0001625369739522172
	0.000162424519563452
	0.0001622592055414431
	0.0001620601059741378
	0.0001618082346543233
	0.0001615227571262133
	0.0001612501672645766
	0.0001610136631842244
	0.0001607891565297306
	0.0001605170671459775
	0.0001601885940291126
	0.0001598287616732019
	0.0001594796864245156
	0.0001591861433623267
	0.0001589585361052616
	0.0001587904932861263
	0.0001586811202365262
	0.0001585659629373554
	0.000158439891432895
	0.0001582801079614287
	0.0001580720421859004
	0.0001578049217485594
	0.0001574996626749891
	0.0001571776484861083
	0.0001568432682281292
	0.0001564785859366523
	0.0001560765351504087
	0.0001556130470619628
	0.0001550833834694334
	0.0001545411353387234
	0.0001540190469803408
	0.0001535306196930885
	0.0001531042019581177
	0.0001527214483963256
	0.0001523867551789313
	0.0001520832316742932
	0.0001517805400209204
	0.0001514626579688831
	0.0001511416403171162
	0.0001508044440046457
	0.0001504770820024746
	0.0001501629480068685
	0.0001498521246261787
	0.0001495621848229918
	0.0001493102982532721
	0.0001490748512364176
	0.0001488724323672879
	0.0001486781749964396
	0.0001484538437958535
	0.0001482002387807557
	0.0001479100405549109
	0.0001475798969423046
	0.0001472342341437441
	0.0001468971640052061
	0.0001465687129044584
	0.0001462474557718177
	0.0001459659440474241
	0.0001457390490067048
	0.0001455691734508664
	0.0001454780760337552
	0.0001454382539518394
	0.0001454239518955869
	0.000145399163762538
	0.0001453474122230958
	0.00014532076421246
	0.0001453153706305155
	0.0001453157821820942
	0.0001452642569794364
	0.0001451609264327576
	0.0001450200120601933
	0.0001448687792002742
	0.0001447421567071424
	0.0001446646445615799
	0.0001445891927908728
	0.0001445071507480703
	0.0001444184481711633
	0.0001443142279978423
	0.0001441838389540727
	0.0001440520310746148
	0.0001439166495021147
	0.0001437727866130394
	0.000143644449657588
	0.0001435337717251934
	0.0001434398375256561
	0.0001433650712201653
	0.0001432801735851778
	0.000143151555812382
	0.0001429688026285236
	0.0001427352096683638
	0.0001424832437930825
	0.0001422454734643232
	0.0001420351367571452
	0.0001418741901196137
	0.0001417308319136964
	0.0001415966282307316
	0.0001414652538723689
	0.0001413493100829522
	0.0001412716359246313
	0.0001412283000037607
	0.0001412179502416638
	0.0001411908997874193
	0.0001410996752986731
	0.0001409878735541605
	0.0001408944935527164
	0.0001408373246712372
	0.0001408157251075613
	0.0001408562670378707
	0.0001409595527779943
	0.000141111306700344
	0.0001412816364806158
	0.000141407048295314
	0.0001414756815985019
	0.0001415077929979062
	0.0001415179776069366
	0.0001415597597386111
	0.0001415945105971732
	0.000141627694085766
	0.0001416300263725018
	0.0001416076394538417
	0.0001415674676380222
	0.0001415110930187914
	0.0001414032841026699
	0.0001413001071544683
	0.0001412218090299338
	0.0001411929086274917
	0.0001412220732075777
	0.0001412980983012558
	0.0001414342038813167
	0.0001416144739483488
	0.0001418040938859749
	0.0001419902837055846
	0.0001421867163178127
	0.0001423969382122128
	0.0001426141909679511
	0.0001428046278596351
	0.0001429726887205903
	0.0001431007957297167
	0.0001432320269024405
	0.0001433980196567783
	0.0001435987862337249
	0.0001438313140162195
	0.0001440993583457293
	0.0001444072365087701
	0.0001447401363034283
	0.0001450833993536992
	0.0001454251606708906
	0.0001457812704130712
	0.0001461702513458747
	0.0001465638560015863
	0.0001469401879089841
	0.0001472813389721698
	0.0001476004947287508
	0.0001478975805801696
	0.000148166851488922
	0.000148397458496724
	0.0001485868471491599
	0.0001487340176946399
	0.0001488458864883977
	0.0001489701593910909
	0.0001490768013076836
	0.0001491383415388367
	0.0001491387248937153
	0.000149082103790771
	0.0001489968989892265
	0.0001489128162204415
	0.0001489072483424736
	0.000149018721850216
	0.0001492441883791389
	0.0001495497237369588
	0.0001499317226111528
	0.0001503402712238769
	0.0001507717731695896
	0.0001511608639248671
	0.0001514870614888148
	0.0001517405199396787
	0.0001519811328406715
	0.0001522353938776657
	0.0001524794369313095
	0.0001527094958885983
	0.0001528796821132498
	0.0001529331421287233
	0.0001528960695545576
	0.0001527877729868833
	0.000152637141368779
	0.0001524756510993079
	0.0001523505325988304
	0.0001522412441403196
	0.0001520581034831686
	0.0001517868878142434
	0.0001514681022705562
	0.0001511448419905189
	0.0001508186127921473
	0.0001504796674908611
	0.0001501180448103248
	0.0001497210489212964
	0.0001492963994055127
	0.0001488847038365264
	0.0001484996624655457
	0.0001481591717605866
	0.0001478797743096062
	0.0001476847468952205
	0.0001475716540996898
	0.0001475228249242271
	0.0001475056954743385
	0.0001475082125771258
	0.0001475036066048118
	0.0001475152320409999
	0.0001475315513841955
	0.0001475406548707844
	0.0001475338976234785
	0.0001475275492871407
	0.0001475433280215967
	0.0001475622458673709
	0.0001475741887433739
	0.0001475713471805887
	0.000147568332265884
	0.0001475597404165369
	0.0001475508294671432
	0.0001475352168692432
	0.0001475383137182984
	0.0001475567496301809
	0.0001475738137741251
	0.0001475719960272122
	0.0001475842882641864
	0.0001476065578141248
	0.000147668177285413
	0.0001477896739945378
	0.0001479507927031841
	0.0001481011742097143
	0.0001482415738311746
	0.0001483507995121416
	0.0001484186258917472
	0.0001484491467915838
	0.0001484531314668404
	0.0001484358563354912
	0.0001484407530395014
	0.0001484726150891244
	0.0001485503166991904
	0.0001486904471791817
	0.0001488394817324664
	0.0001490016703578787
	0.0001491549341950254
	0.0001492793945708933
	0.0001493899224452591
	0.0001495016791775613
	0.0001496609968287308
	0.0001498733660210035
	0.0001500656939342535
	0.000150257871582422
	0.0001504164605281058
	0.0001505504008313418
	0.0001506620894198912
	0.0001507167829840642
	0.0001506999397386353
	0.0001506258783527117
	0.0001504984169664499
	0.0001503332460156356
	0.0001501171912774994
	0.0001499082653852294
	0.0001497600743552766
	0.0001496670560105655
	0.0001496386780121468
	0.000149681787955967
	0.0001497619330636743
	0.0001498919799784151
	0.0001500009103665082
	0.0001500875782567542
	0.0001501820025315149
	0.0001503143015928931
	0.0001505298385548795
	0.0001508435272316752
	0.0001512240268927204
	0.0001516118832868136
	0.0001519643478076433
	0.0001523003880860934
	0.000152578529232516
	0.0001527991435162834
	0.0001529534598181235
	0.0001530237388200486
	0.0001530179924769004
	0.0001530113132024489
	0.000153000706316327
	0.0001530087112679862
	0.0001529678137641727
	0.0001528975411914841
	0.000152754171907537
	0.0001525609897703102
	0.00015235850753714
	0.0001521877524204242
	0.0001520633825900474
	0.0001520242560921412
	0.0001520070148715065
	0.0001520128083817009
	0.0001520295331011429
	0.0001520825638110294
	0.0001521557975085413
	0.0001522724606412783
	0.00015234116117753
	0.0001524048805357031
	0.0001524531945830803
	0.0001524251681609814
	0.0001523451762206715
	0.0001522263242923157
	0.0001520799586040237
	0.0001519394114266664
	0.0001517665941635263
	0.0001515130152699863
	0.0001512268801099428
	0.0001509486071504516
	0.000150719961687073
	0.0001505580673214533
	0.0001504093022063112
	0.0001502846723433451
	0.0001501603710530925
	0.0001500301664421946
	0.0001499278838686224
	0.0001498580006508334
	0.0001498563066018104
	0.000149900368593315
	0.0001499486890081087
	0.0001499676441771398
	0.0001499802858140807
	0.0001499863115601505
	0.0001499909872124531
	0.0001499775252289255
	0.000149944348432741
	0.0001499153103595655
	0.0001498761322225869
	0.000149814603811214
	0.0001497422591460988
	0.0001496838152571438
	0.0001496759808912819
	0.0001497016927247977
	0.0001497333891691618
	0.0001497690844659292
	0.0001497911875116909
	0.000149789277743209
	0.0001497752233777503
	0.0001497485432698145
	0.0001497517417852671
	0.0001498125844484738
	0.0001499111884813072
	0.0001500295309492757
	0.0001501241602585634
	0.0001502119276964372
	0.0001502485859732017
	0.0001502720388901408
	0.0001502647589202528
	0.0001502534713596681
	0.000150222679448412
	0.0001501193240925467
	0.0001499275355599286
	0.0001496227035665769
	0.0001492314022505671
	0.0001488256146025104
	0.0001484718856126797
	0.0001481613665656781
	0.0001479088680663568
	0.0001477197935534813
	0.0001475838992586981
	0.0001474855859142501
	0.0001474085635642067
	0.0001473527600962425
	0.0001473152583694758
	0.0001473296968016171
	0.0001473946841065252
	0.0001475072691849549
	0.0001476484408215566
	0.0001477929349921213
	0.000147940621586941
	0.0001481203769340903
	0.0001483133595014721
	0.0001485433931866051
	0.0001487810655046712
	0.0001489811287422955
	0.0001491475467404294
	0.0001492911382634969
	0.000149419684920614
	0.0001495333861060646
	0.0001496317464365177
	0.0001497023475658925
	0.0001497828180295631
	0.0001498806014579547
	0.00014997176015996
	0.0001500502628201971
	0.0001501387554959642
	0.0001502344192591057
	0.000150356694827388
	0.0001504922371538045
	0.0001506047524928451
	0.000150698059738632
	0.0001507369384521613
	0.0001507354929141022
	0.0001507020982090191
	0.0001506659634206122
	0.0001506529835191983
	0.0001506868798892723
	0.0001507519940103989
	0.0001508480436046342
	0.0001509727818373468
	0.0001511209308429386
	0.00015124109047109
	0.000151359292085932
	0.000151509472222775
	0.0001517108639665482
	0.0001519581030631791
	0.0001522189544061144
	0.0001524842757454428
	0.0001527493898378263
	0.0001529805636762904
	0.0001532046302033159
	0.0001534444616610841
	0.0001536895070937426
	0.0001539389006438704
	0.0001541774894210851
	0.0001544057981813101
	0.0001546475155212268
	0.000154924439040603
	0.0001552229978126523
	0.0001555382120056564
	0.0001558297050585626
	0.0001561272018079229
	0.0001563951000879849
	0.000156652878990597
	0.0001569027919033989
	0.0001571434982833672
	0.000157348726937972
	0.000157538584286619
	0.000157710783439852
	0.0001578328167830831
	0.0001579465608205549
	0.0001579875027199944
	0.0001579731869571644
	0.0001579205662520696
	0.0001578390649944469
	0.0001577712391331083
	0.0001577322703779975
	0.0001577227285214234
	0.0001577193336622996
	0.0001577336567406527
	0.000157749904276415
	0.0001577983029952356
	0.0001579122013089331
	0.0001581290310876095
	0.0001583941186956587
	0.0001586774131214153
	0.0001589616551169531
	0.0001592110449035601
	0.0001594281069372217
	0.0001596385992359641
	0.0001598375015802238
	0.000160042711300936
	0.0001601811104796757
	0.0001602050813084911
	0.0001601244582667313
	0.0001598939238493009
	0.0001595246811108421
	0.0001590922060669333
	0.0001586084339718288
	0.0001581115427473443
	0.000157627133813259
	0.0001571683589696587
	0.0001567494625597042
	0.0001563358202154047
	0.0001559395684532182
	0.0001555415246993299
	0.0001551769514371716
	0.0001548275782153806
	0.0001544912628247946
	0.0001541497808375827
	0.000153810623932965
	0.0001534798295678952
	0.0001531901531761077
	0.0001529531478114098
	0.0001528086418714894
