	0.2687630935721231
	0.3657349010717795
	0.3988361964821968
	0.4321197153677708
	0.4655965614429521
	0.4992510163794451
	0.5331221990286755
	0.567245219196258
	0.601569894868806
	1.503833610122017
	1.788024041764585
	1.992809334422289
	2.321601715651607
	2.361789077224362
	2.401546750429299
	2.93636946485099
	2.969246411827034
	3.033915341014074
	3.065720353021597
	3.097332147672919
	3.316915312482556
	4.034366349492171
	4.294906824555826
	4.316376101226226
	4.337502125292089
	4.358334272822515
	4.378923823096359
	4.399294670551461
	4.419445528985382
	4.439367158601079
	4.554974653151957
	4.573652504081651
	4.628775475802067
	4.682445470212476
	4.716997660383318
	4.750350487597027
	4.76664755897334
	4.845459372618036
	4.876387934371142
	4.891907031226083
	4.907446842236731
	4.92297344633886
	4.938461383595691
	4.95387462149753
	4.969176974995523
	4.984355892385463
	5.014515009181527
	5.029562445605369
	5.07463556093416
	5.119670893670432
	5.134582315467044
	5.149418133062133
	5.164200811806666
	5.222826687547188
	5.340773594073372
	5.369996011138795
	5.384231870237927
	5.398119187319733
	5.424649618826296
	5.449517326388673
	5.484872097661704
	5.496536623543639
	5.508258427845275
	5.579474879166603
	5.603455141783144
	5.615277715493993
	5.638334375897061
	5.649537230211235
	5.660514233923857
	5.671277782963122
	5.692333599982914
	5.792048095540254
	5.801205422932015
	5.810176116120147
	5.835865318446571
	5.955539627182843
	5.979429698971408
	6.003652176765044
	6.021975792343365
	6.028113104654019
	6.046326070538113
	6.069696810278901
	6.075394195995833
	6.086578708110721
	6.092201769991544
	6.097901469869411
	6.103712411660203
	6.109650798983059
	6.11570129967888
	6.121808635816813
	6.127948171088316
	6.134096661965422
	6.140239532941569
	6.146384144039057
	6.152548547288111
	6.158754621299686
	6.165021343646396
	6.171323520948667
	6.177623345287817
	6.183897001209175
	6.190116778573765
	6.196241800875462
	6.202220813528502
	6.208033789574187
	6.213691147864896
	6.219196345385065
	6.224557454157394
	6.234996710792154
	6.24019758509866
	6.245476827426174
	6.250865244053201
	6.256363805935178
	6.261942414841424
	6.288536441510931
	6.293235393299063
	6.297767611747698
	6.302213193588422
	6.306647958690168
	6.31110314779548
	6.315580429983057
	6.320089049533382
	6.324636614638772
	6.329242751164549
	6.333953057681571
	6.343897655531649
	6.360361364301906
	6.372084788592922
	6.396890996740256
	6.410213287445933
	6.417163847725679
	6.424283539133269
	6.431530376687106
	6.438848153783607
	6.453529549398877
	6.460864295209444
	6.475502428464431
	6.48281063503772
	6.490130073583249
	6.497455166146418
	6.504774780048725
	6.51208073991512
	6.519349841347499
	6.52652655693898
	6.533565555620098
	6.540406427030921
	6.547013317952389
	6.553380700928061
	6.559524536244899
	6.565451776552279
	6.576733994199376
	6.582102072724743
	6.58728720916706
	6.597166943615232
	6.606668606302691
	6.611349007774981
	6.615975449051283
	6.620527992369072
	6.624982463664547
	6.629341614551874
	6.633617695166991
	6.637831881404496
	6.642034370709458
	6.646279421372148
	6.650574957232465
	6.654946771015528
	6.659394060680588
	6.66390602850523
	6.668493212746629
	6.673152448151062
	6.677880734663819
	6.682681147915239
	6.687537834356085
	6.692417602918591
	6.7623518248109
	6.782313366363046
	6.793779730529312
	6.801301729110195
	6.816394834235813
	6.830931060129289
	6.837585774496888
	6.864668083820733
	6.868270052336388
	6.871557565962167
	6.872903545421229
	6.875973021040503
	6.877681675858674
	6.879504077155853
	6.883458394743447
	6.885563227052653
	6.887705603615723
	6.889850084045579
	6.891946266332545
	6.893957531606448
	6.895860649313406
	6.903096419037569
	6.90533439841427
	6.906500778582589
	6.907763733975179
	6.909166856892413
	6.910700631610832
	6.912324628936967
	6.913982099449307
	6.915631979029937
	6.91726120662759
	6.918869183151418
	6.920496303169076
	6.922184271180079
	6.923969244371497
	6.925865033218345
	6.927877963488704
	6.929990299749004
	6.932182207290595
	6.93444060467519
	6.936784789208967
	6.939218769593515
	6.941743571346353
	6.944332081373591
	6.946963409713333
	6.949646980834432
	6.952385353855684
	6.955175929233362
	6.958030645257143
	6.960943676463078
	6.963914139596371
	6.966940954375623
	6.970022844879448
	6.973154362904541
	6.976349307825267
	6.979625988094053
	6.98301854239383
	6.986555820711415
	6.990238364260219
	6.99404993618051
	7.001872271657522
	7.017221093707476
	7.020857262009958
	7.024396968428072
	7.02786141909655
	7.031272173270006
	7.037922836553182
	7.041151975366871
	7.047398187958583
	7.050437312147744
	7.056364825444511
	7.06195587279077
	7.069879035028459
	7.072503081858405
	7.077803683954473
	7.080518026053819
	7.086144761995988
	7.089044727665183
	7.09198304214697
	7.094950063620646
	7.101031927808868
	7.104187328589866
	7.107442351302528
	7.11080947427911
	7.114304204866635
	7.11797034037326
	7.121827805596641
	7.125880833983554
	7.130107055463647
	7.134495969713416
	7.139002394771456
	7.143600878691264
	7.148281542913689
	7.153033762414499
	7.157837092998601
	7.162660955356509
	7.167482577131667
	7.172291262312966
	7.177080027786276
	7.181819836908999
	7.18648440265302
	7.191055116914307
	7.195516810188217
	7.199865365862191
	7.204067883111128
	7.208119182798656
	7.212006754177086
	7.215734360092545
	7.219293198487139
	7.22268841605105
	7.225939458303993
	7.229087598361548
	7.232171368810548
	7.235218802394716
	7.241149952375295
	7.243986965335015
	7.246717803304641
	7.249340296290716
	7.251848562101844
	7.254244840064473
	7.25653930013537
	7.260864982496956
	7.262936736712562
	7.264960648437312
	7.266957293809237
	7.268944828698758
	7.270941217121776
	7.274999823645333
	7.277053708131596
	7.279093344588395
	7.281076681863507
	7.282958118713029
	7.284733549825444
	7.286363969928092
	7.289159449181346
	7.296789305265063
	7.298036063316084
	7.299367062272355
	7.307769608501022
	7.32137975923589
	7.331380311394852
	7.348835487435482
	7.352293038137048
	7.364514119260391
	7.369650489890565
	7.378883175691778
	7.381062585076019
	7.383191716437993
	7.385256221640722
	7.387255263262219
	7.389210842290374
	7.391167092833365
	7.393184374944943
	7.39531606308797
	7.397607957471276
	7.400098806572381
	7.402803203891732
	7.405711083489323
	7.408793749120947
	7.412028081771695
	7.415389848324234
	7.418865480388939
	7.422467997007025
	7.426201773604872
	7.430049947589786
	7.433983105145304
	7.437959332539946
	7.441933380124566
	7.445879612061259
	7.449782902105486
	7.453622372447644
	7.457382561529037
	7.461037620216846
	7.464578980783593
	7.467981703299097
	7.471250834990212
	7.474405674470549
	7.477453287204649
	7.480398082899152
	7.483252343018656
	7.486016075083783
	7.488664278863306
	7.491173273021317
	7.493527511516553
	7.49574287091365
	7.497803044158692
	7.499699873453079
	7.501435312010697
	7.503019624875837
	7.504452120344121
	7.505759338581425
	7.50809322112554
	7.509181215486645
	7.510267404453232
	7.511396549629292
	7.512604232406113
	7.51391451767301
	7.51535171285539
	7.516931071835388
	7.518659656551288
	7.520525347332691
	7.52252484280254
	7.524661658013592
	7.526920484116486
	7.529273155887731
	7.531702098102074
	7.534187194163948
	7.536705474343925
	7.539229541318959
	7.541692220910244
	7.544035070148806
	7.546209020827247
	7.548173199209792
	7.549884796082356
	7.551323522083972
	7.552494728275195
	7.553419590351604
	7.554148673891883
	7.554748952100582
	7.555270489711843
	7.555738426062235
	7.556162286445169
	7.556542667007542
	7.556881403672361
	7.557183608569495
	7.557445127547541
	7.557684650161418
	7.55792676197984
	7.558704221819553
	7.55900515391962
	7.560378638799456
	7.560509238694029
	7.560497272021779
	7.560438670567722
	7.560512980754851
	7.560851426000087
	7.561622746994876
	7.562270812433416
	7.564142964084202
	7.565320007526767
	7.56659199583358
	7.569158067539258
	7.570362104287828
	7.572515185168566
	7.573489431067715
	7.574403509107135
	7.575269755669219
	7.576795919675182
	7.577428349363231
	7.57797316763311
	7.578442592336582
	7.579237280252796
	7.579842955790439
	7.580220507038018
	7.580379103974506
	7.580562444252305
	7.580784998685699
	7.581059348628871
	7.581408752973794
	7.581853010746876
	7.582413880445031
	7.583086057670064
	7.583860032514566
	7.58470809373269
	7.585598198122543
	7.58650647394816
	7.587399854689835
	7.589044871480038
	7.589733900321894
	7.590313983994823
	7.590796451576809
	7.591198203375614
	7.59186503444923
	7.592157731664841
	7.592448117849997
	7.592770766944888
	7.593169954973639
	7.593694914656254
	7.594374427594868
	7.595248356092975
	7.596318819782049
	7.597573378168923
	7.59898123956594
	7.600510383706221
	7.60214003532298
	7.60387317616214
	7.605712418414759
	7.607663830968763
	7.609705776646122
	7.611790000577842
	7.613863934221913
	7.615883566023357
	7.617822828474579
	7.619659680373514
	7.623009632996114
	7.624493923009946
	7.625834588011237
	7.627034850255074
	7.628112882233004
	7.629092863680473
	7.630019199590381
	7.630940637234342
	7.631923043245234
	7.633033997768965
	7.634320079861593
	7.635791833960936
	7.637430541694886
	7.63922497921703
	7.641170330757451
	7.643250407002946
	7.645453563353008
	7.647738220900058
	7.650058539950244
	7.652357042470416
	7.654567654560418
	7.656613190481769
	7.658445122315753
	7.660014306799387
	7.66127943728189
	7.662230305819096
	7.662908377555333
	7.663396288039992
	7.663776534643682
	7.664115659266042
	7.664488638523141
	7.66496315335664
	7.665581135918782
	7.666346057925581
	7.667244279978319
	7.668264138010067
	7.669387166843866
	7.670611496028269
	7.671944403128902
	7.673361692381534
	7.674844990039368
	7.676366462643496
	7.677895959496517
	7.679423798376503
	7.680941921690251
	7.682444090144424
	7.683899703323625
	7.685270303326927
	7.686532885097867
	7.687660892571313
	7.688648899794154
	7.689542064592978
	7.690371152102639
	7.691175389457444
	7.691953245755025
	7.692683978329272
	7.693345542493232
	7.693929929947749
	7.694475940764947
	7.695012881881164
	7.695589094720534
	7.696221808734911
	7.696897439071906
	7.697567433604599
	7.698178555459943
	7.698659852250895
	7.698975952114246
	7.698992732513975
	7.698695068999142
	7.697645447735188
	7.69694669052805
	7.696128168511602
	7.69416451864813
	7.693033520781685
	7.691799626196895
	7.690452497258924
	7.688975317483651
	7.685574321455849
	7.683643660698183
	7.681603941305283
	7.679522835795768
	7.677482251926744
	7.675519868673494
	7.673666863184798
	7.670335131200354
	7.668937382396761
	7.667749748436853
	7.666798591702689
	7.666089145853943
	7.665597743578825
	7.665315103125748
	7.665209775924758
	7.665222911950407
	7.665291481996595
	7.66536177355393
	7.6654181101501
	7.665458444129096
	7.665509540638674
	7.665604785542145
	7.665787021400257
	7.666084379918042
	7.666512249984058
	7.66705399874088
	7.667714798150748
	7.668489170143524
	7.669360196866363
	7.670284208919951
	7.671199651691807
	7.672026791220626
	7.672699355837871
	7.673374303403552
	7.673310335654532
	7.672974876191652
	7.672382721632536
	7.670630980573133
	7.669567519944729
	7.667302437016583
	7.665298165313015
	7.663970490971614
	7.663322434440275
	7.663205936467737
	7.663337804252039
	7.663583122932697
	7.663934744392209
	7.664879372487444
	7.665410649679762
	7.667716721946341
	7.668349606071022
	7.668992390798667
	7.669646419168236
	7.670329128028687
	7.671028365419994
	7.672428117678697
	7.67311478002552
	7.673772227084496
	7.674410832695872
	7.67560782741436
	7.676181931903026
	7.67673597131422
	7.677296895475994
	7.677897834407577
	7.678577497356679
	7.679358718968414
	7.680248218703004
	7.681225479063291
	7.682251461647333
	7.683298941671733
	7.684348830620573
	7.685364197509385
	7.686308560348778
	7.687169927733192
	7.687946998651543
	7.688657223384433
	7.689303791342754
	7.689913948396775
	7.690509148744499
	7.691106700747183
	7.692374977436988
	7.693080420971671
	7.69381213618169
	7.694527898702921
	7.695198246177113
	7.695821653278425
	7.696404917065961
	7.696941018656679
	7.697418342546705
	7.697832173647064
	7.698182230229504
	7.698478575270712
	7.698742995239623
	7.699011124238018
	7.699321234370968
	7.699703661637331
	7.700140586697919
	7.700598677245842
	7.701085103421175
	7.701618391035534
	7.702191706925013
	7.702789319089333
	7.703425580668588
	7.704103625636592
	7.704816593126544
	7.705546120912445
	7.706285105921833
	7.707022330797524
	7.70776103274284
	7.708490966235975
	7.709206458110478
	7.709897658876733
	7.710555341649583
	7.711196549859366
	7.711856346243711
	7.712571129318652
	7.71337475152213
	7.714262818369175
	7.715215952778325
	7.716205657262096
	7.717208561197673
	7.718212344836806
	7.720062840476954
	7.720806420736721
	7.721882439230352
	7.722261472675349
	7.722592968951427
	7.723173582956171
	7.723721190969967
	7.72426585177671
	7.724473230638319
	7.724718573017511
	7.724706217425672
	7.72462854461566
	7.724546153409316
	7.724492248349734
	7.724471721089099
	7.724466393996713
	7.724469390280923
	7.724481479825863
	7.724494014345556
	7.724502404348026
	7.724468518770501
	7.72425947050291
	7.724082890733036
	7.723835476512931
	7.723506508601734
	7.723125360833635
	7.722705465579792
	7.722266478127679
	7.721816186457376
	7.721392948993295
	7.720782030765023
	7.720650765375325
	7.720613077967748
	7.720623475100393
	7.720637654497803
	7.720632035571271
	7.720585317768817
	7.720498061899403
	7.720356784772494
	7.720147624640703
	7.719871357760722
	7.719549082340902
	7.719199961455757
	7.718857682907578
	7.71854910325925
	7.718269989383836
	7.7179930881271
	7.717694569179676
	7.717369533114876
	7.717024001203074
	7.716656904420804
	7.716281616549754
	7.715891272944677
	7.715476962797593
	7.715047289305129
	7.714238958450618
	7.713923516608213
	7.713672053846155
	7.713136869346772
	7.712928292136309
	7.713438807620441
	7.713824651179934
	7.714287478618226
	7.715278669914195
	7.715729826963345
	7.716129157146348
	7.716485891651658
	7.716792041211117
	7.717018612130524
	7.717169083750117
	7.717245920543838
	7.717264309784692
	7.717219213296087
	7.716961766381222
	7.716588553454001
	7.716259663151753
	7.716158523953927
	7.716129359556785
	7.716218765076835
	7.716450120948308
	7.716821002201341
	7.717290513954035
	7.717793681756435
	7.718294865730257
	7.718775397679678
	7.719214114670301
	7.7196152976879
	7.719992052361017
	7.720339878419801
	7.720652908599976
	7.721139229470338
	7.721319647870476
	7.721267407313654
	7.721124456087589
	7.720915116949702
	7.720662403583166
	7.720392858298369
	7.719904020522403
	7.719701449271221
	7.71952629054419
	7.719374330229227
	7.71925115025269
	7.719161157093333
	7.719107280132845
	7.719079870027983
	7.719064232376094
	7.719046412710812
	7.719031019568429
	7.718948387178235
	7.718814826035066
	7.717067237238597
	7.714964790285183
	7.712512581652752
	7.7117746239977
	7.711131347003024
	7.710138288406515
	7.709795870783689
	7.709556667023775
	7.709387747940188
	7.709259851076304
	7.709142963345212
	7.709044774587488
	7.708979221355556
	7.708948022963274
	7.708936801195268
	7.70892401723674
	7.708889027787151
	7.708796807728374
	7.708797035712989
	7.708842635158491
	7.708919810881795
	7.708996100952318
	7.709037809920674
	7.709006923427366
	7.708866594885757
	7.708595783370468
	7.708211472478433
	7.707743722506096
	7.707223866063496
	7.706676696246487
	7.706116384054431
	7.705585364690756
	7.70512262741541
	7.704743276530089
	7.704464599376085
	7.704195967465348
	7.704368873549768
	7.704655157350498
	7.705084243486552
	7.705614301870654
	7.706199319453559
	7.70679081711161
	7.707369134453462
	7.707904103205853
	7.708816119848064
	7.709190064038933
	7.709488857393299
	7.709715859640812
	7.709882131878768
	7.71000660200951
	7.710101208001863
	7.710145631464047
	7.710102758053976
	7.709972544416154
	7.70976303259829
	7.709485056081884
	7.709138239687051
	7.708728728643629
	7.708274941463308
	7.707793236935247
	7.707271451447095
	7.706697948414281
	7.706022975705904
	7.705211477554185
	7.704265064471735
	7.703208857281815
	7.702074502234308
	7.699684880684995
	7.698455536455262
	7.697213272149731
	7.695979340888814
	7.694762907476949
	7.693571512388313
	7.692434651912865
	7.691386168737746
	7.690438043413727
	7.689594668256559
	7.688860819312759
	7.687758579810932
	7.687415726093445
	7.687243641328143
	7.687270140109499
	7.687486131308131
	7.688443011648551
	7.689150490992111
	7.689994228169139
	7.690964409772168
	7.692043903792702
	7.693218260154082
	7.694484111448729
	7.695848863542055
	7.697298799639317
	7.698837303373055
	7.700458363184342
	7.702120369981943
	7.703775617635961
	7.705389185122884
	7.708401391768965
	7.709773775712777
	7.712247808249247
	7.714481967663801
	7.715518398770637
	7.716493789723113
	7.717379664293561
	7.718136747883709
	7.718760518007566
	7.719265501098472
	7.719660186274417
	7.720028392086662
	7.719607817905692
	7.719139397213967
	7.719004944544465
	7.718980686965082
	7.719063529097455
	7.719239468800014
	7.719486848269769
	7.719783006130865
	7.720109738670891
	7.720472212407552
	7.720880415300398
	7.721336294393362
	7.721824432211346
	7.722322747660263
	7.722787220102846
	7.723173865656667
	7.723452847117231
	7.723632168223149
	7.723744197773975
	7.723838764887757
	7.723961286562369
	7.724138639582788
	7.72438902793585
	7.72471316862668
	7.725081338467313
	7.725483756950548
	7.725901010285966
	7.726327629826508
	7.726766459073154
	7.727200448536897
	7.727623673108747
	7.728054659468453
	7.728483460754379
	7.728896070922853
	7.729273612630122
	7.729584709981875
	7.729806120943065
	7.729907886630958
	7.729832004366894
	7.729526294906471
	7.728120754252613
	7.727055226832775
	7.725839282925541
	7.724568873507287
	7.723340812555645
	7.7222520954206
	7.721374337441612
	7.720731768417791
	7.720312262706376
	7.720079188136439
	7.719970926930171
	7.719923654099675
	7.719898274145196
	7.719857437396757
	7.719771403063658
	7.719615902994976
	7.719406381560168
	7.719150527266367
	7.718843730989779
	7.718512691183693
	7.718202079575092
	7.717938106656186
	7.717735355313538
	7.717603798861835
	7.717556221707725
	7.717666312253951
	7.717773827390409
	7.71792943197193
	7.718145302870248
	7.718422287550242
	7.718754388620821
	7.719146181052437
	7.719609826601962
	7.720153326042538
	7.72076769295724
	7.721399232826301
	7.722020424299985
	7.722619191889748
	7.723198916168881
	7.723757930749983
	7.724279822812724
	7.724754466609086
	7.725177017407346
	7.725544476759384
	7.725843718831425
	7.726091863750485
	7.726309341645936
	7.72652729659633
	7.726774392769315
	7.727081808282647
	7.727444299465264
	7.727852154827397
	7.72831273226002
	7.728826387119148
	7.730526332882574
	7.731558879855522
	7.732738642094331
	7.733037846895071
	7.733721118692369
	7.733988283502058
	7.734620861797466
	7.734943639464151
	7.735224055151061
	7.735452692937197
	7.735642876866136
	7.73584230405974
	7.736095381236536
	7.736414712468475
	7.736804083915287
	7.737250493207104
	7.73773136026584
	7.738231641237725
	7.738745486816923
	7.739289214073889
	7.739867965025311
	7.740503100137591
	7.7412185167808
	7.742034672549305
	7.742960999902534
	7.744011761022655
	7.745185228486386
	7.746477883656884
	7.747873240812233
	7.749348479219086
	7.750889972576455
	7.752486697981058
	7.755804208413211
	7.757546285899803
	7.761176325776043
	7.764879951086225
	7.766695051751723
	7.768465229235241
	7.771900797579152
	7.773596363585752
	7.775270438950646
	7.776894127115707
	7.778450853098067
	7.779948295691558
	7.781391850952487
	7.782780881488654
	7.78545763402588
	7.786800407674696
	7.78818822388861
	7.789653348677152
	7.791213004177745
	7.792858060117943
	7.794579595919291
	7.798146479456482
	7.799873699002219
	7.801480134698267
	7.804071078521177
	7.804993787646589
	7.805649023396658
	7.806036551871824
	7.806148767482375
	7.806001453474971
	7.805625921244546
	7.805074281375042
	7.804411542244373
	7.803699492852973
	7.801236447706941
	7.800885417826499
	7.800687816044867
	7.80114514155995
	7.802293198624051
	7.804032640902641
	7.805086870714684
	7.807354140817987
	7.808482589628717
	7.810566854288783
	7.811490975635565
	7.812346986191042
	7.813124369581885
	7.813788154097331
	7.814316331450766
	7.815004295359026
	7.815142894773475
	7.814985085128704
	7.81421295968041
	7.813631833197003
	7.812962649478997
	7.812248480133906
	7.81154689953831
	7.810907245655739
	7.81038846670108
	7.810019509888235
	7.809810816231727
	7.809719466730324
	7.809681490100117
	7.809646191968319
	7.809576083247889
	7.809436570370749
	7.809192360832233
	7.808821738868936
	7.808316551525828
	7.80765203020633
	7.806810056630722
	7.805783783989234
	7.804613178081706
	7.803362000056504
	7.802086046406352
	7.800807112901274
	7.799526171394722
	7.798249334029193
	7.796969355798449
	7.795660514933265
	7.794321224118479
	7.792937510263697
	7.791504735717801
	7.790008807500366
	7.788434552224536
	7.786797933518551
	7.785133295476866
	7.783487300687909
	7.781913647192151
	7.780463955162511
	7.779184763252966
	7.778083286813385
	7.777126736758653
	7.776269866284637
	7.775478550522282
	7.774736798308949
	7.774029769921978
	7.773370565883468
	7.772765231990023
	7.772206918241434
	7.771681636636043
	7.771181485398475
	7.770713337934584
	7.770284502941925
	7.769898947890274
	7.769556372333976
	7.76923688146467
	7.768898412830358
	7.768510266564428
	7.76804340170724
	7.767481856551739
	7.76683334942689
	7.766104534920406
	7.76528156999203
	7.764384405566074
	7.763426231536058
	7.762418096172889
	7.76138490379295
	7.76036707197412
	7.759397042818104
	7.758505223780103
	7.757693333584154
	7.756981932215544
	7.756347743790335
	7.755785608996558
	7.755281993916891
	7.754862067824491
	7.754544979135266
	7.754354351819899
	7.754305517222904
	7.754381428647806
	7.754575259008421
	7.754880162808848
	7.755269293648857
	7.755709084946425
	7.756186588750865
	7.756674611681947
	7.757147931126184
	7.757594952662149
	7.75802069248528
	7.758416990279112
	7.758784278214871
	7.759154154524279
	7.759552692877418
	7.759981426818231
	7.760415153357627
	7.760845716183183
	7.76124603520438
	7.761621528027432
	7.761967489811441
	7.762265819493535
	7.76249863766212
	7.762658981573548
	7.762719818405776
	7.762662000051978
	7.762474120898426
	7.762142739555882
	7.761711985225328
	7.761234274207097
	7.760745962459495
	7.759872338256637
	7.759231282755747
	7.759232455196763
	7.759392332055682
	7.759492012145961
	7.759551297267555
	7.759528106958511
	7.75937885883011
	7.75907697227039
	7.758602822777888
	7.757956805070503
	7.756222905597514
	7.755198507702594
	7.754113964119032
	7.752986675146142
	7.751845542083579
	7.750706619123703
	7.74960994037553
	7.74860431223433
	7.747742460900318
	7.747080726468191
	7.746646326034358
	7.746443985072994
	7.746453511003399
	7.746638799010194
	7.746967089625662
	7.74738825570934
	7.747869269788869
	7.748397711600263
	7.748958543622539
	7.749536998219948
	7.750117628757537
	7.750695006334161
	7.751279552835948
	7.752486137569012
	7.75310846855183
	7.754293780904717
	7.754792225413523
	7.755175433173499
	7.755464208847895
	7.755690532301315
	7.755906149983983
	7.756170976305284
	7.756533793184427
	7.757006625176748
	7.757593798437192
	7.758265467810121
	7.758995861199935
	7.759770291416944
	7.760601556983945
	7.761492985919112
	7.762435622181793
	7.763426248467604
	7.764456251630561
	7.765497220514324
	7.767563538608401
	7.768552049638663
	7.769511835604579
	7.770458508368004
	7.771395708179516
	7.772345491476406
	7.773327052904588
	7.77434308932246
	7.775387634413242
	7.776404367415516
	7.777315461891469
	7.778058887346279
	7.77860613747177
	7.778966329320539
	7.779135704983482
	7.779122989840599
	7.778946264382369
	7.778645279960948
	7.77822900452917
	7.777708832864008
	7.777110830316577
	7.776458509987606
	7.775770159350678
	7.775061763510476
	7.774366859295562
	7.773705206295155
	7.773088605021377
	7.772524625696816
	7.772045562901482
	7.771681149633535
	7.771435693110464
	7.771301470617929
	7.771292122669549
	7.771420049081299
	7.771681005272345
	7.772046547471857
	7.772930559888558
	7.773375605653104
	7.773776060681208
	7.774101915936995
	7.774353463744987
	7.77449874238904
	7.774500350675455
	7.774335837558764
	7.773978411099481
	7.773424591660182
	7.772704237035865
	7.771844474443546
	7.770869794052283
	7.769789781689181
	7.767393059446857
	7.766128903851137
	7.764835938751968
	7.763500273660693
	7.762131862806572
	7.760755885455615
	7.759387620732046
	7.758039082162438
	7.756697363027256
	7.755365341915837
	7.754051437871552
	7.750309708461844
	7.749094597726951
	7.747923607363843
	7.746819507334632
	7.744938210597499
	7.744219439629146
	7.74326495576842
	7.743027823443708
	7.742947002069995
	7.743013237488777
	7.743219667226976
	7.743548077592956
	7.743985209924539
	7.74451785459025
	7.745135245082274
	7.74584043724124
	7.746648090376737
	7.747569059607813
	7.748597746433938
	7.749747295234339
	7.751033521319174
	7.752453194324339
	7.75398815645436
	7.75558647682049
	7.757195933487923
	7.758803910491159
	7.760391977104468
	7.761949430766649
	7.763475205741235
	7.764979719818551
	7.766486565217291
	7.767995146972709
	7.769523479005425
	7.771054144230011
	7.772552071589193
	7.773981053356284
	7.775338534610865
	7.776649990183112
	7.777957622792755
	7.779279584402517
	7.78198473272582
	7.783356032471938
	7.78472689639906
	7.786083662023645
	7.787435849053944
	7.788807685862269
	7.790192277035971
	7.792981969537434
	7.794339851128409
	7.795640708367779
	7.798870988328228
	7.800718752821686
	7.80128809687618
	7.80126304935318
	7.801164273992383
	7.800784376541956
	7.800521965698009
	7.800221738138919
	7.799890011521378
	7.799543751953704
	7.79920814694099
	7.798876350330347
	7.798502814115306
	7.797533115869707
	7.796924132547395
	7.796228023057477
	7.795464602854738
	7.794654235829509
	7.793823714820263
	7.793003431152263
	7.792222680502475
	7.791482455888546
	7.790780862885271
	7.790138764416935
	7.789571398045765
	7.789050121542664
	7.788544999458964
	7.788036113158077
	7.787525571345734
	7.787043756646159
	7.786598137424389
	7.786200431145858
	7.78587942195818
	7.785669130551351
	7.785617934633603
	7.785762682589263
	7.786105201556638
	7.786630215185011
	7.787302323860223
	7.788074199787557
	7.788889580711045
	7.789715266711094
	7.790534928745274
	7.791345511390769
	7.792158846316817
	7.792989826282954
	7.793849901427761
	7.794764919722747
	7.795751133461186
	7.796813966934741
	7.797944267247114
	7.799138163697547
	7.800398400173621
	7.803128240314131
	7.804573113909843
	7.806049656760679
	7.807552883677963
	7.809066339275656
	7.810563142865512
	7.813373368118676
	7.814600364695266
	7.815652521445185
	7.816533265430683
	7.8172666749765
	7.817861665930765
	7.818325285596887
	7.818796572033131
	7.818748229587868
	7.818498628246216
	7.818053901413336
	7.817424678566815
	7.816642636992189
	7.815742226537891
	7.814776405834535
	7.813794937887017
	7.812846365976553
	7.811945203204037
	7.811109330049054
	7.810319425164609
	7.809548237198489
	7.808797147519191
	7.808054572485827
	7.807299205569245
	7.806521686732398
	7.805689210613862
	7.804789544226439
	7.803846385336784
	7.802867450047728
	7.801859748160239
	7.800846548291025
	7.799839943359506
	7.798848137103831
	7.797872395220701
	7.796896995781703
	7.795911112681528
	7.794929310290411
	7.792202290264339
	7.790697739724975
	7.79005400093651
	7.789500950196218
	7.789049158333689
	7.788689543884328
	7.788412723809965
	7.788191345140254
	7.787997618303999
	7.787786961908837
	7.787539839810468
	7.786497740103043
	7.786017998043572
	7.785447203730846
	7.784777197310463
	7.784017564826444
	7.783175917746238
	7.782268104884676
	7.781298383245153
	7.780269771080691
	7.779208660071213
	7.778129249903341
	7.777072762604293
	7.776055552753316
	7.775083733828998
	7.774163872392643
	7.773320361671842
	7.772558435098793
	7.771866091915881
	7.771219597194459
	7.770570995880247
	7.769858222039963
	7.769034797474924
	7.768073118459839
	7.766962851754696
	7.765751569828826
	7.764513813232317
	7.76329751282042
	7.762113597475076
	7.760969443135767
	7.759885248666098
	7.758854424991601
	7.757841062733015
	7.756821841166385
	7.755782835240127
	7.753579464501934
	7.752378276143344
	7.751111789952003
	7.74979372405835
	7.748423863887978
	7.747037898977569
	7.745681914147166
	7.744374844831646
	7.743133755303099
	7.741950048361375
	7.74080359595896
	7.73967987110453
	7.738559846102501
	7.737419689004174
	7.736263527003976
	7.735109497836424
	7.734000747224571
	7.732977428219002
	7.732048966691778
	7.731192540730953
	7.730409955709677
	7.72968959020598
	7.729045048312826
	7.728504820097173
	7.728077879036473
	7.727754193611913
	7.727371613108322
	7.727281490331873
	7.727231132493096
	7.727194357990986
	7.727161904702229
	7.727149293324166
	7.727169397178935
	7.727236477576745
	7.727376989986865
	7.727616591318623
	7.727974947679339
	7.728453208948833
	7.729059655692951
	7.729796385968859
	7.730657799965301
	7.731656821061758
	7.73279267207813
	7.734061801641536
	7.735447130410011
	7.736947485856559
	7.738542377743111
	7.740210808638729
	7.741931930467952
	7.743714088578995
	7.745583627076544
	7.747563249864787
	7.749679058953275
	7.751956734027027
	7.754378622816275
	7.756927050472214
	7.759581163364175
	7.762318693249548
	7.765132122311161
	7.768012242515896
	7.770917802124584
	7.773796224278859
	7.776604917781399
	7.779330138417635
	7.781992770410164
	7.784606467731104
	7.787155646914054
	7.789648763760447
	7.797039271329923
	7.799469838047996
	7.80185828697364
	7.804201730802382
	7.806499378682505
	7.810932466407662
	7.817127605975668
	7.819051399242903
	7.820877465917313
	7.824211277617444
	7.825730871480235
	7.828549602977348
	7.829866958359858
	7.832265005032689
	7.833275406757811
	7.834121359249665
	7.834807029692063
	7.835341111736344
	7.835737637196543
	7.835999487632222
	7.836111917781306
	7.836076551591677
	7.835906475960698
	7.835607163429753
	7.835210514166894
	7.834769978166181
	7.834322166349258
	7.833885461769676
	7.833482332289111
	7.83314239981669
	7.83289228500713
	7.832636418872617
	7.832630025992278
	7.832705469813456
	7.833348750722972
	7.833579860776467
	7.833738978217548
	7.833820797606911
	7.833803070961206
	7.833745800113047
	7.833635716414804
	7.83344523114739
	7.833126706924403
	7.832641936117418
	7.831985657488462
	7.831180493517977
	7.830252641833148
	7.829239810644877
	7.828199713906768
	7.82718295341944
	7.82624762630654
	7.825420669837289
	7.824700113578209
	7.824084745634051
	7.822748449588326
	7.82236070137952
	7.821441616614599
	7.820147352015792
	7.818490940780499
	7.817628947226427
	7.816818943111313
	7.816081264245113
	7.815444736636324
	7.814939575835361
	7.814387280413931
	7.814367332697412
	7.814484590278987
	7.814615220292779
	7.814751240138096
	7.814857258602661
	7.814884127612138
	7.814799185215016
	7.81383253875726
	7.81331876738638
	7.812703689902128
	7.811960944044535
	7.811110963423261
	7.810162142100311
	7.809130245227141
	7.808050941550007
	7.806974389057148
	7.805908608488349
	7.80486151035387
	7.802776697574537
	7.801631350878806
	7.798831338750907
	7.797152434955972
	7.795316184960983
	7.793362242065954
	7.789075470067826
	7.786767308659888
	7.784399231521263
	7.782025324744659
	7.779706874588511
	7.777462399232395
	7.775348629716929
	7.7734340446166
	7.771739158289224
	7.767839980515223
	7.766829367319995
	7.765961158888905
	7.765246635881107
	7.764680793370682
	7.763894857295479
	7.763620610577636
	7.763404354598654
	7.763228357475285
	7.762801314592296
	7.762486227045811
	7.762099584889677
	7.761295598913702
	7.760916201612393
	7.760525214524833
	7.760113759988287
	7.759664868228133
	7.759171788411555
	7.758641433236889
	7.758065728193938
	7.757429779627126
	7.756726362915535
	7.755935718068043
	7.755064616572878
	7.754140890356809
	7.753203403430406
	7.75228722087399
	7.751411536155261
	7.750581482533581
	7.749783787208619
	7.747525202147296
	7.746784473483624
	7.74603049768393
	7.745270869102495
	7.74453011208182
	7.743092030395085
	7.742390204628098
	7.741677767134147
	7.740961683966863
	7.740246650177906
	7.739513450909128
	7.738754236965757
	7.737956395959797
	7.736251682492259
	7.735375058804874
	7.73453286137349
	7.73375468477824
	7.73308150119982
	7.732109646085521
	7.73177541768753
	7.7315042082825
	7.731263641107033
	7.730342995170144
	7.729932914207913
	7.728936083432268
	7.728329250931935
	7.726772221747201
	7.72465768079657
	7.723413511395316
	7.722066916809073
	7.720649552360499
	7.719187591932365
	7.717717537482147
	7.716272310464761
	7.714894268543104
	7.713609497123192
	7.712458133032635
	7.711486079698637
	7.710708255267799
	7.710136772261304
	7.709763294505136
	7.709558241025658
	7.709472827709097
	7.709451630391351
	7.709467050534303
	7.711079205217284
	7.712290378907159
	7.713804266310077
	7.714562674289878
	7.715287554956696
	7.716004933820619
	7.718054777265388
	7.719331537556892
	7.721342952561827
	7.723759518791883
	7.72687728679804
	7.728123822236653
	7.729455134863616
	7.730867409088233
	7.732360615983657
	7.737282876182378
	7.742441324430687
	7.745543033055302
	7.748399520779926
	7.749837139491248
	7.75861822348559
	7.76075395585245
	7.762972535094369
	7.765235832775785
	7.767511797030205
	7.769767052816337
	7.7719607525034
	7.774077966354582
	7.77611859778314
	7.778100503872975
	7.781975119678244
	7.78390415410616
	7.785826719409194
	7.787697087697035
	7.78948989730492
	7.791163542532141
	7.792718640308174
	7.794183479477094
	7.795555851173176
	7.796860195085913
	7.798110206002148
	7.799343228306534
	7.800592468593818
	7.801863098877478
	7.803105277809282
	7.804217178945654
	7.805093780358226
	7.805643456423166
	7.805791478054098
	7.805486287249668
	7.80355898103626
	7.800119435389132
	7.797946706350575
	7.795549429978839
	7.792989218201042
	7.790316162179868
	7.787583815904751
	7.784854493417535
	7.782166045321866
	7.779562066623797
	7.777089737888779
	7.774786491205754
	7.772665047859046
	7.770737916602551
	7.769008397683815
	7.76610890883298
	7.764880776675172
	7.763730258636884
	7.762618774348994
	7.761523049595999
	7.760435260206737
	7.759364431694839
	7.758345303010291
	7.757417346787601
	7.75662809030806
	7.756011532465561
	7.755568714631707
	7.755289920738211
	7.755157668568612
	7.755154578735858
	7.75527988510806
	7.75555132024104
	7.755988602046329
	7.756596538788128
	7.757353979883793
	7.758240025853432
	7.759213408965705
	7.760270795840494
	7.761390496964572
	7.762562252123592
	7.763783768497966
	7.765058981253432
	7.766385449011373
	7.767748708801384
	7.769140016863274
	7.770569091731502
	7.772021760728333
	7.773449932519189
	7.774776627104976
	7.775935065052356
	7.776883140836397
	7.777607892952181
	7.778103709781896
	7.778364109742154
	7.778154202841229
	7.777716299260069
	7.777098660602588
	7.776331961379094
	7.775450766446575
	7.773418306313691
	7.767158002050734
	7.763065282724244
	7.7617341029502
	7.760492874655535
	7.75842430819132
	7.75760152247015
	7.756898062148281
	7.756287152607205
	7.755266168339578
	7.754312451681623
	7.75375071958834
	7.753104539844299
	7.75237971909841
	7.751563877910148
	7.750647340826065
	7.749636755601811
	7.748536803416592
	7.747339133838865
	7.746056283992334
	7.744682956120854
	7.74325274147056
	7.741792652407455
	7.740343080383956
	7.738941859763036
	7.737610365589153
	7.736372410627579
	7.735218580787414
	7.73414133318726
	7.733154361094874
	7.732286848405062
	7.731565276256334
	7.730348722388213
	7.730368659040355
	7.730409812059597
	7.730475012510683
	7.730572059238676
	7.73070426765358
	7.731008292612705
	7.731156676204624
	7.731292217876817
	7.731400622819252
	7.731473005415668
	7.731504930390041
	7.731485533691772
	7.731391916086328
	7.731233614420493
	7.731001196758854
	7.730679627488843
	7.729253286397999
	7.728717670451815
	7.727546789325478
	7.727386125558232
	7.727358102275006
	7.727475098785931
	7.727747003453331
	7.728193957421246
	7.728826500770587
	7.730674715114578
	7.731880952172709
	7.733238445577055
	7.734723373024143
	7.736301640460979
	7.737959505277185
	7.739695063451939
	7.741500678406853
	7.743348584626349
	7.745197257325636
	7.747009622936588
	7.750480894145308
	7.752161587038398
	7.753813644346398
	7.755438646443083
	7.757030355961016
	7.760112362396245
	7.761550062535396
	7.762868803159651
	7.764046828239677
	7.765097712931706
	7.766021641537867
	7.7668415200684
	7.7675681510961
	7.768211194456792
	7.768788126301674
	7.769310109519612
	7.769811687541705
	7.770315658633271
	7.77083290974363
	7.771353825084741
	7.771838395183759
	7.77225331520037
	7.772573844377733
	7.772791104176212
	7.772914988834093
	7.772942611639024
	7.772873692492535
	7.772701064254553
	7.7724572348337
	7.772167188632487
	7.771827180140265
	7.771441256114334
	7.771004800158711
	7.770508281239588
	7.769964414250341
	7.769387419578981
	7.768779215202761
	7.768120576017217
	7.767391069398013
	7.766587050505421
	7.765730533807753
	7.764854059554991
	7.763968264768033
	7.76206146837639
	7.761042568079161
	7.75999631745519
	7.758948803299347
	7.757933603877047
	7.757002385562479
	7.756176547054489
	7.755445084475553
	7.75480632739758
	7.754257005308165
	7.753787500519695
	7.753413667736062
	7.753135933926007
	7.752935827376066
	7.75280088884789
	7.752691980725915
	7.752560893112316
	7.75238992731779
	7.752174752411111
	7.751918575079846
	7.751635556509637
	7.751345453253003
	7.751060165091065
	7.750781399709464
	7.750540911764436
	7.750374244896514
	7.750303041083946
	7.750335787788297
	7.750479919400288
	7.750751269571166
	7.751148074225656
	7.751671234012785
	7.752323859356173
	7.753095382882569
	7.753970562612063
	7.755789953896989
	7.757748805663159
	7.758270991806767
	7.758336862376964
	7.758299335178751
	7.758148339198745
	7.75787231859807
	7.757472000039767
	7.756978301124346
	7.756435847028903
	7.755889755934829
	7.755358474999942
	7.754867556208135
	7.754442717737958
	7.754100682052299
	7.75385437007428
	7.753597809699211
	7.753534444848387
	7.753469242026917
	7.753395226459255
	7.753276034780173
	7.753242481314847
	7.753155238361773
	7.753075719091788
	7.752963513772492
	7.752825402973797
	7.752686625035359
	7.752486018361087
	7.752459079117164
	7.752514399443283
	7.752944789258633
	7.753352670446435
	7.753895529814289
	7.754556832286303
	7.755272079757026
	7.755983529878264
	7.756646899260738
	7.757227233593983
	7.75771558464461
	7.758108683809746
	7.758379314204217
	7.758523951315672
	7.758547306010764
	7.758492684831883
	7.758400246778753
	7.75827282406739
