	0.000895407653931475
	0.0002931505984781517
	0.0001618089471221759
	9.432577555490692e-05
	5.50643361911178e-05
	3.296364640089868e-05
	2.057810134801579e-05
	1.349107859823838e-05
	9.37205573925192e-06
	6.915297891272893e-06
	5.413172281486257e-06
	4.235559136838329e-06
	3.403385300545664e-06
	2.814527502188517e-06
	2.397690154822864e-06
	2.079544956998619e-06
	1.83176745593132e-06
	1.643127663913807e-06
	1.496137515822626e-06
	1.376945034697654e-06
	1.245679540421736e-06
	1.146876959520081e-06
	1.067402017397819e-06
	1.002105048641036e-06
	9.494925608794088e-07
	9.06745660766626e-07
	8.724488909307321e-07
	8.469415327143477e-07
	8.307705996182873e-07
	8.210309134073417e-07
	8.161645686713015e-07
	8.164527281655089e-07
	8.216748717045208e-07
	8.31544988210422e-07
	8.457193039363409e-07
	8.646365791478598e-07
	8.897775179324037e-07
	9.22706704899917e-07
	9.639203129493302e-07
	1.006042219223463e-06
	1.047393081385515e-06
	1.087670827373941e-06
	1.13245404607635e-06
	1.175798950953698e-06
	1.209379269885165e-06
	1.236960150096698e-06
	1.264199434874181e-06
	1.29183661291623e-06
	1.320734036368295e-06
	1.351154300571888e-06
	1.375366802844044e-06
	1.391228910324584e-06
	1.394571563095507e-06
	1.392188795068631e-06
	1.384278658108306e-06
	1.36862964967907e-06
	1.34344951019786e-06
	1.307309219376915e-06
	1.263258371501016e-06
	1.217678460075151e-06
	1.171658348867705e-06
	1.125394910921956e-06
	1.080010968987226e-06
	1.036049179333156e-06
	9.94533131138871e-07
	9.548308351360785e-07
	9.16715207369893e-07
	8.809540916746113e-07
	8.48423919201449e-07
	8.185190920267742e-07
	7.903788490767981e-07
	7.638271315185553e-07
	7.40553197679455e-07
	7.213006850939438e-07
	7.061889034294972e-07
	6.947521009530329e-07
	6.855441231141856e-07
	6.774749691850533e-07
	6.692550834383674e-07
	6.598440486435781e-07
	6.49015369021163e-07
	6.388556018254306e-07
	6.309630708704523e-07
	6.253496335638011e-07
	6.210077467079136e-07
	6.185049753440587e-07
	6.176994614135569e-07
	6.171102163917541e-07
	6.162188500461792e-07
	6.151595466385881e-07
	6.148843490084079e-07
	6.158658299093565e-07
	6.181929209518481e-07
	6.208100721265851e-07
	6.226390768364105e-07
	6.237596188627767e-07
	6.248051499934361e-07
	6.262957656842058e-07
	6.271142505919797e-07
	6.261503145460776e-07
	6.242503834262106e-07
	6.220222022210029e-07
	6.197446573301917e-07
	6.175769777784245e-07
	6.148936612824726e-07
	6.10847190845775e-07
	6.053599994690117e-07
	5.982519307085962e-07
	5.897980962629327e-07
	5.814058718427485e-07
	5.742219381339006e-07
	5.685870426356216e-07
	5.641825297588509e-07
	5.605192476437706e-07
	5.573595060278731e-07
	5.548736764470197e-07
	5.530914139345685e-07
	5.518861969397488e-07
	5.510743726993226e-07
	5.508413617721447e-07
	5.511641715027553e-07
	5.517976669871788e-07
	5.521053968457557e-07
	5.507141062840256e-07
	5.474665800323445e-07
	5.42419041801857e-07
	5.362099809584427e-07
	5.293892069226937e-07
	5.228096116387245e-07
	5.171485990789875e-07
	5.128448197556067e-07
	5.098563117461677e-07
	5.077553239062949e-07
	5.061430505203148e-07
	5.048228415142526e-07
	5.034047486609525e-07
	5.016053799472463e-07
	4.995490588316384e-07
	4.979813470367801e-07
	4.973715567079471e-07
	4.97464711798973e-07
	4.978019655728507e-07
	4.976663671306511e-07
	4.966809929166731e-07
	4.948200050029972e-07
	4.927440535295263e-07
	4.90847078467327e-07
	4.891818641446745e-07
	4.876836207941134e-07
	4.865387772865262e-07
	4.851557256117272e-07
	4.833406994811158e-07
	4.813568360059517e-07
	4.797146983318418e-07
	4.787093426685406e-07
	4.786294261975401e-07
	4.791015025807328e-07
	4.799768651692112e-07
	4.810087569808766e-07
	4.816514089958948e-07
	4.819191521950229e-07
	4.819586639731806e-07
	4.816572174375535e-07
	4.812076353755638e-07
	4.808147197963396e-07
	4.805055508039597e-07
	4.797797615870406e-07
	4.787705570693515e-07
	4.773118323023129e-07
	4.75385146225682e-07
	4.730210131621739e-07
	4.706573404993763e-07
	4.690271272821892e-07
	4.678098404179066e-07
	4.667874850238903e-07
	4.661833877199676e-07
	4.659611220681142e-07
	4.660371504839451e-07
	4.661087801007062e-07
	4.658996350747445e-07
	4.652357410460377e-07
	4.64186971905911e-07
	4.628602158089178e-07
	4.613810467759875e-07
	4.600814191040205e-07
	4.590756081156547e-07
	4.580617153640127e-07
	4.569242051084606e-07
	4.556301032233281e-07
	4.543985283618816e-07
	4.528233121183974e-07
	4.509443282145361e-07
	4.490296351870673e-07
	4.473320518088511e-07
	4.457980897783181e-07
	4.442720295341204e-07
	4.425686578226726e-07
	4.406829587330851e-07
	4.385203816347221e-07
	4.360721320926181e-07
	4.332312621422861e-07
	4.305270241478704e-07
	4.281278599459466e-07
	4.263345084925146e-07
	4.252308211464546e-07
	4.247667365100123e-07
	4.248218713812202e-07
	4.252658860041236e-07
	4.257261324648194e-07
	4.25930001001456e-07
	4.26133696772494e-07
	4.267306603289697e-07
	4.275112763459378e-07
	4.2814560543537e-07
	4.28619571149894e-07
	4.28813674882225e-07
	4.287472262487033e-07
	4.286039150399241e-07
	4.284506630922896e-07
	4.284766565633443e-07
	4.287679238780825e-07
	4.291424946974442e-07
	4.294116389681581e-07
	4.297090226914356e-07
	4.299216388639006e-07
	4.300739647078574e-07
	4.301941805739993e-07
	4.302644921143245e-07
	4.303189904197206e-07
	4.302773974205364e-07
	4.301291499316793e-07
	4.298473195442041e-07
	4.29468941489769e-07
	4.291582957639887e-07
	4.290029047408652e-07
	4.289265428544194e-07
	4.287868683479667e-07
	4.28597646072969e-07
	4.283371773906063e-07
	4.280022261156667e-07
	4.275516913577717e-07
	4.272319124223183e-07
	4.272441115224548e-07
	4.275271978270074e-07
	4.278175389810104e-07
	4.28090255788408e-07
	4.287144823170998e-07
	4.293059204266557e-07
	4.298897268293096e-07
	4.305079353510498e-07
	4.307876164511946e-07
	4.307457968170473e-07
	4.306225255128644e-07
	4.303716797725902e-07
	4.300151295196245e-07
	4.298668012666948e-07
	4.298446666588224e-07
	4.299684543218065e-07
	4.300124330671508e-07
	4.298963621513043e-07
	4.296987051090202e-07
	4.295118086508799e-07
	4.294179527943473e-07
	4.294533722538976e-07
	4.295660770131267e-07
	4.298048508937952e-07
	4.299268771615921e-07
	4.301430652321783e-07
	4.302820683831013e-07
	4.301011878721467e-07
	4.294502159492882e-07
	4.28643372027097e-07
	4.281227620441438e-07
	4.27776966225234e-07
	4.276686287976518e-07
	4.272617910126849e-07
	4.26357739848481e-07
	4.254132815540235e-07
	4.244780677722724e-07
	4.232469100093692e-07
	4.220675453290422e-07
	4.207549312114611e-07
	4.193455464231958e-07
	4.181192823643731e-07
	4.171469066693117e-07
	4.164841911510331e-07
	4.160723635244164e-07
	4.157789016566702e-07
	4.157869340734993e-07
	4.160999499755663e-07
	4.169708104905653e-07
	4.183889620997578e-07
	4.200703846811718e-07
	4.215049990696772e-07
	4.226387116583422e-07
	4.235810650221469e-07
	4.242225692105928e-07
	4.247784984743681e-07
	4.254732111666886e-07
	4.260631126770008e-07
	4.266384016095152e-07
	4.272383233249914e-07
	4.278357487543068e-07
	4.284387753207414e-07
	4.289026892381805e-07
	4.293278899704337e-07
	4.298004332115292e-07
	4.301763933128739e-07
	4.307492525700236e-07
	4.314320139813484e-07
	4.321843461879047e-07
	4.329154877081425e-07
	4.33507052529375e-07
	4.338227126132775e-07
	4.338099358726016e-07
	4.334772905569744e-07
	4.330278349016034e-07
	4.325292156173101e-07
	4.320918903330139e-07
	4.319333649202517e-07
	4.319370144978577e-07
	4.321453485770816e-07
	4.327033939849071e-07
	4.334136938424331e-07
	4.341243560232596e-07
	4.345199776892681e-07
	4.34660470594958e-07
	4.347587502387336e-07
	4.348900080488014e-07
	4.351434464817888e-07
	4.35618523141325e-07
	4.36215020644118e-07
	4.364852058912065e-07
	4.360944441115859e-07
	4.353444438879365e-07
	4.344468778820012e-07
	4.338494101844397e-07
	4.338417638260038e-07
	4.34417070618019e-07
	4.355787363358247e-07
	4.369952202152851e-07
	4.380986046544644e-07
	4.388730902177987e-07
	4.395433062845663e-07
	4.403532819936388e-07
	4.41365542692362e-07
	4.425444486871744e-07
	4.436789440620192e-07
	4.451193354220693e-07
	4.466296502108218e-07
	4.47646912783795e-07
	4.482728261863809e-07
	4.486310759920746e-07
	4.488029786918631e-07
	4.489769460682862e-07
	4.495334724325107e-07
	4.506258104799782e-07
	4.521608080453812e-07
	4.537923156447398e-07
	4.55357244548974e-07
	4.570362804322355e-07
	4.586775844950312e-07
	4.601244750080244e-07
	4.614933550544592e-07
	4.628347599818011e-07
	4.642897911562806e-07
	4.659080926862425e-07
	4.67608047075778e-07
	4.689380392290341e-07
	4.697700556865262e-07
	4.699665340324802e-07
	4.697000076582239e-07
	4.690825740627603e-07
	4.681312069601178e-07
	4.671069353992895e-07
	4.66359514245991e-07
	4.662325751280233e-07
	4.663641895996263e-07
	4.665283353676041e-07
	4.666981578182596e-07
	4.669077309365201e-07
	4.671380324928486e-07
	4.673611890273819e-07
	4.676093347005581e-07
	4.679047687979975e-07
	4.684267472514e-07
	4.691307588630891e-07
	4.698158786448591e-07
	4.703494002779311e-07
	4.70479020970398e-07
	4.704878216034531e-07
	4.704887064950907e-07
	4.706524754716896e-07
	4.711053564640669e-07
	4.718347158107967e-07
	4.726671050272864e-07
	4.735266908366615e-07
	4.741514699667378e-07
	4.744062864423774e-07
	4.741519951758141e-07
	4.738241770709778e-07
	4.73704646823456e-07
	4.739122270803071e-07
	4.745741521520492e-07
	4.756299812852786e-07
	4.766849261715391e-07
	4.778292816278307e-07
	4.787506411792546e-07
	4.794961033755842e-07
	4.803579753736332e-07
	4.814818396475548e-07
	4.82788412511585e-07
	4.843510997444266e-07
	4.860663984390531e-07
	4.879961552838064e-07
	4.900063468818567e-07
	4.920058472237772e-07
	4.937069882129994e-07
	4.949807661665378e-07
	4.958748910070751e-07
	4.964727392283306e-07
	4.968329510968631e-07
	4.97300491580886e-07
	4.979332469056993e-07
	4.986342379675409e-07
	4.996636811447463e-07
	5.010067970765486e-07
	5.02346556855988e-07
	5.0360611671427e-07
	5.050793980657025e-07
	5.070107753193196e-07
	5.093068769801538e-07
	5.115547541948661e-07
	5.133811574952032e-07
	5.147581972570758e-07
	5.156542799330921e-07
	5.159379344263814e-07
	5.154890694977168e-07
	5.14833965217906e-07
	5.140697776224495e-07
	5.131920102281325e-07
	5.123109411839549e-07
	5.1135212555902e-07
	5.102575036875605e-07
	5.089908695090526e-07
	5.076491716570752e-07
	5.064341524925413e-07
	5.053049027287051e-07
	5.044415279806899e-07
	5.040947978855418e-07
	5.040615762314077e-07
	5.04315843524704e-07
	5.04545883175221e-07
	5.042949861546739e-07
	5.038596801372721e-07
	5.033192714517929e-07
	5.024268768079496e-07
	5.012589595760519e-07
	5.000320490936782e-07
	4.98945601623759e-07
	4.981199119395889e-07
	4.976899835381855e-07
	4.978700317344168e-07
	4.984335420166089e-07
	4.993230227871113e-07
	5.005226329949622e-07
	5.017227094952548e-07
	5.024978175383695e-07
	5.027079433721217e-07
	5.023767273694482e-07
	5.019097559775138e-07
	5.013736676026639e-07
	5.003839178812159e-07
	4.987093204522697e-07
	4.968985073381273e-07
	4.954080044722532e-07
	4.941622950738314e-07
	4.932912291825731e-07
	4.925222416586639e-07
	4.918567971570432e-07
	4.912431933106449e-07
	4.906130333313564e-07
	4.899597679141222e-07
	4.893402735120574e-07
	4.88774976074986e-07
	4.880480828611776e-07
	4.872218904523237e-07
	4.861955037570513e-07
	4.849089293156356e-07
	4.832005230460657e-07
	4.812100285781341e-07
	4.792221785076246e-07
	4.771694120890867e-07
	4.75456088221249e-07
	4.737314918832929e-07
	4.721197454525165e-07
	4.707399993053191e-07
	4.700202920730528e-07
	4.697435410157608e-07
	4.702139693208508e-07
	4.710842924859491e-07
	4.718793879931555e-07
	4.725781306277671e-07
	4.732144752295898e-07
	4.739252823036024e-07
	4.747889327929413e-07
	4.758196995511082e-07
	4.769678537495508e-07
	4.784826656514343e-07
	4.802546093790527e-07
	4.819990751059078e-07
	4.83769014124413e-07
	4.853821320997127e-07
	4.865788871413387e-07
	4.873508875680999e-07
	4.876615150589044e-07
	4.877491562381339e-07
	4.876605119994287e-07
	4.875345162475281e-07
	4.873184478621563e-07
	4.869787434513808e-07
	4.863732829255646e-07
	4.858555611531854e-07
	4.856143254234256e-07
	4.857466440210087e-07
	4.864682595192656e-07
	4.876183887165748e-07
	4.889817049930226e-07
	4.904301174266327e-07
	4.919830955647153e-07
	4.934136683546189e-07
	4.945432136828551e-07
	4.9533240033327e-07
	4.956722668976818e-07
	4.958416612651875e-07
	4.958085407068508e-07
	4.954405570889685e-07
	4.947832768368495e-07
	4.938416515549357e-07
	4.927145167906387e-07
	4.911965826538721e-07
	4.893217710673691e-07
	4.871690339643505e-07
	4.848176532012452e-07
	4.822643108885836e-07
	4.797514973515741e-07
	4.774844853640604e-07
	4.752550364918726e-07
	4.728942574786767e-07
	4.704611167810125e-07
	4.682312776954451e-07
	4.662437897729458e-07
	4.643394577221122e-07
	4.625202897422589e-07
	4.611226819782481e-07
	4.599765124805597e-07
	4.592325933500348e-07
	4.587973207947969e-07
	4.584525506289075e-07
	4.583877713210624e-07
	4.579639785162104e-07
	4.575620750176339e-07
	4.577485935979729e-07
	4.580818999040391e-07
	4.581695662863339e-07
	4.578064817164135e-07
	4.569275631558333e-07
	4.553105578624026e-07
	4.529188657978975e-07
	4.499516969193852e-07
	4.467829468019296e-07
	4.436685239053791e-07
	4.408314745087326e-07
	4.385184396283735e-07
	4.367447252594205e-07
	4.352704275966185e-07
	4.338227190881685e-07
	4.325592977113289e-07
	4.314606232008396e-07
	4.30549682549569e-07
	4.298473512262756e-07
	4.292099629940726e-07
	4.284909453480777e-07
	4.277700850561971e-07
	4.268822097628144e-07
	4.257506742422793e-07
	4.24160692102247e-07
	4.223344371272366e-07
	4.204043731136668e-07
	4.18638219768383e-07
	4.170847666916585e-07
	4.156793234384208e-07
	4.146948696536947e-07
	4.141618047012178e-07
	4.142442764950721e-07
	4.149472018962733e-07
	4.161588909544743e-07
	4.178233121646748e-07
	4.197882574910597e-07
	4.218884010886969e-07
	4.238774290299015e-07
	4.254718001905211e-07
	4.265310384954518e-07
	4.272091451266895e-07
	4.274833237793546e-07
	4.273803130743008e-07
	4.269179829077336e-07
	4.260174139338207e-07
	4.247729055732169e-07
	4.232939326143733e-07
	4.218606354225209e-07
	4.205316356456278e-07
	4.195916718695936e-07
	4.191470483738769e-07
	4.190970626235245e-07
	4.193109679032585e-07
	4.199014361213746e-07
	4.207623818536739e-07
	4.219527840324318e-07
	4.23003285934469e-07
	4.237571652550302e-07
	4.241594456210707e-07
	4.242217012049027e-07
	4.240829176748267e-07
	4.238211743616388e-07
	4.237042312597497e-07
	4.235026783301445e-07
	4.233181433125491e-07
	4.230355015244151e-07
	4.228085674394392e-07
	4.226879334487066e-07
	4.225920652539544e-07
	4.224850558835521e-07
	4.224103316597771e-07
	4.223794247054383e-07
	4.2228456782335e-07
	4.223688024012676e-07
	4.228025200805979e-07
	4.235955293423746e-07
	4.246444296137432e-07
	4.259519805942967e-07
	4.274066511486513e-07
	4.290049025585496e-07
	4.30288368993247e-07
	4.310807766471261e-07
	4.315373573958646e-07
	4.316351802729211e-07
	4.316115749431942e-07
	4.31722659358327e-07
	4.31880823227192e-07
	4.32110587415418e-07
	4.323914785388104e-07
	4.324530584072227e-07
	4.321120399363733e-07
	4.314508496430362e-07
	4.305380942749473e-07
	4.297670270668783e-07
	4.291782469944516e-07
	4.288839630146582e-07
	4.289283636388701e-07
	4.291308398000386e-07
	4.293446231238173e-07
	4.29446470961742e-07
	4.295573583242378e-07
	4.298742378261968e-07
	4.304977859923479e-07
	4.315654147048134e-07
	4.331157490341308e-07
	4.352536024220807e-07
	4.376640870935129e-07
	4.400883678888258e-07
	4.427185405545909e-07
	4.454589812517633e-07
	4.484006648699379e-07
	4.517827369923314e-07
	4.55529214267736e-07
	4.595679792155523e-07
	4.636198825381718e-07
	4.674941008302927e-07
	4.711364436009233e-07
	4.744228036619947e-07
	4.772424244290236e-07
	4.7970845924836e-07
	4.818583687737454e-07
	4.837889201282613e-07
	4.853940875596404e-07
	4.866944977764193e-07
	4.877524805098155e-07
	4.888033416135505e-07
	4.898780137313393e-07
	4.910249160313752e-07
	4.923498688122936e-07
	4.937277749865245e-07
	4.949092657966611e-07
	4.955545416060691e-07
	4.956511039570514e-07
	4.950075582725533e-07
	4.937817193352826e-07
	4.923105317196686e-07
	4.908943625580755e-07
	4.892528718204806e-07
	4.875539988016107e-07
	4.857599721277705e-07
	4.838369582238273e-07
	4.816519942466701e-07
	4.792360140004992e-07
	4.767165676740867e-07
	4.742128059972693e-07
	4.718493395787373e-07
	4.69771201147e-07
	4.680696104415477e-07
	4.666168223854623e-07
	4.654153588238585e-07
	4.644245648913934e-07
	4.636570055565511e-07
	4.632571409339638e-07
	4.632945486716416e-07
	4.63756235693945e-07
	4.644376982446721e-07
	4.652557680360188e-07
	4.66133390057714e-07
	4.669935204880623e-07
	4.67864815010692e-07
	4.685696764949073e-07
	4.689291991170794e-07
	4.688331542870081e-07
	4.683174401532542e-07
	4.675163168004788e-07
	4.665488806625095e-07
	4.656772802589862e-07
	4.649095298507147e-07
	4.641593431580021e-07
	4.633508817090848e-07
	4.624743109094896e-07
	4.613486105211778e-07
	4.59964185662746e-07
	4.584301422983665e-07
	4.567311927187571e-07
	4.550481413654566e-07
	4.534764360811072e-07
	4.518574350951205e-07
	4.503351169436525e-07
	4.490437705765282e-07
	4.47729858210116e-07
	4.464880212642651e-07
	4.453170508453083e-07
	4.442493024670436e-07
	4.434126939132907e-07
	4.427772361087077e-07
	4.424780364878403e-07
	4.424200671761402e-07
	4.425155275850942e-07
	4.426819958371926e-07
	4.427695452008706e-07
	4.425751942314749e-07
	4.421330971393073e-07
	4.415041460664021e-07
	4.408397044873729e-07
	4.40280318735497e-07
	4.400411872733345e-07
	4.401309783833938e-07
	4.404576913933921e-07
	4.40807129599671e-07
	4.410063995076778e-07
	4.40989817581246e-07
	4.409093562452873e-07
	4.406866554631838e-07
	4.403279785694154e-07
	4.397583335169436e-07
	4.391406560615534e-07
	4.38463313883616e-07
	4.378641410159072e-07
	4.373568989598395e-07
	4.37092064835831e-07
	4.375217089961769e-07
	4.382900174303766e-07
	4.39445780239156e-07
	4.40982316397101e-07
	4.428247145868429e-07
	4.44879466186027e-07
	4.469611010543498e-07
	4.489187550779708e-07
	4.508300048379499e-07
	4.526352075199044e-07
	4.540765515140784e-07
	4.553350896683505e-07
	4.56499473865876e-07
	4.576869750390718e-07
	4.588086979764135e-07
	4.59543584812994e-07
	4.597406808828932e-07
	4.593290703589462e-07
	4.582935983766123e-07
	4.568853316380955e-07
	4.549343817175062e-07
	4.526193696158513e-07
	4.50147534951748e-07
	4.477474311946624e-07
	4.456586353493172e-07
	4.438238368681896e-07
	4.42102067196208e-07
	4.405660410953014e-07
	4.392528468814259e-07
	4.381603387694061e-07
	4.37282247809878e-07
	4.365798080935076e-07
	4.359788314425142e-07
	4.353451713878081e-07
	4.347159239656111e-07
	4.340705224815642e-07
	4.334581791164644e-07
	4.328685456907447e-07
	4.322428795926152e-07
	4.3167510560049e-07
	4.310842698800414e-07
	4.305644504968255e-07
	4.303827107809673e-07
	4.304743875763006e-07
	4.306439150383325e-07
	4.307598194390298e-07
	4.308901970069554e-07
	4.310595298041445e-07
	4.310876704219572e-07
	4.309366419932098e-07
	4.306332234269732e-07
	4.300093448019205e-07
	4.290185689134e-07
	4.276354752054951e-07
	4.259352487927929e-07
	4.239177370264812e-07
	4.215933699976563e-07
	4.192050684556081e-07
	4.169919412672076e-07
	4.149346042321425e-07
	4.130959727929851e-07
	4.115768197391117e-07
	4.102219188417405e-07
	4.088708272298974e-07
	4.075958524722452e-07
	4.065397988168364e-07
	4.057631289049062e-07
	4.052603945940339e-07
	4.050761851116177e-07
	4.05226397470941e-07
	4.055962204200622e-07
	4.06033132707802e-07
	4.064990306084871e-07
	4.070140225121378e-07
	4.075247656151118e-07
	4.077975934051421e-07
	4.077532758928092e-07
	4.073601576938377e-07
	4.06874566550092e-07
	4.065896345102744e-07
	4.066023989887135e-07
	4.067939168672364e-07
	4.069288361470877e-07
	4.06826733563296e-07
	4.065424959305908e-07
	4.061086285244197e-07
	4.056070598372801e-07
	4.051644231819729e-07
	4.048550999647782e-07
	4.045581879432384e-07
	4.040780467088168e-07
	4.03200835222352e-07
	4.018989726847631e-07
	4.004779503236305e-07
	3.992128900550265e-07
	3.982674634202481e-07
	3.976379035258986e-07
	3.973803647638821e-07
	3.974220577889275e-07
	3.976642483222933e-07
	3.98034857795694e-07
	3.984271367723518e-07
	3.987048303716569e-07
	3.988879443775006e-07
	3.990549160515703e-07
	3.992497296671905e-07
	3.992529175962222e-07
	3.990449300157861e-07
	3.988473521426708e-07
	3.988311031689214e-07
	3.989537896512702e-07
	3.990076680031346e-07
	3.990480978174038e-07
	3.991331590374113e-07
	3.991850533455914e-07
	3.990797734679617e-07
	3.98684284594633e-07
	3.980028236154452e-07
	3.97136788336648e-07
	3.96185147153521e-07
	3.95259058351326e-07
	3.943674710859755e-07
	3.935727964924134e-07
	3.928855812238809e-07
	3.922675241403047e-07
	3.916718261858651e-07
	3.910609769143839e-07
	3.905113977408941e-07
	3.901515227840197e-07
	3.899530248519153e-07
	3.899482063693955e-07
	3.902984768523394e-07
	3.909529286069626e-07
	3.917814771934493e-07
	3.926179181234572e-07
	3.934490424984852e-07
	3.940465479453247e-07
	3.945589426235537e-07
	3.9532998247928e-07
	3.963688421646359e-07
	3.977469358485642e-07
	3.993118713185741e-07
	4.007594822667704e-07
	4.019677310866961e-07
	4.029336315806029e-07
	4.037416379578028e-07
	4.044272215030842e-07
	4.048823149448908e-07
	4.050479208673835e-07
	4.049328613667412e-07
	4.046739825853262e-07
	4.04292641729456e-07
	4.037864325785946e-07
	4.031556603286647e-07
	4.024731938969387e-07
	4.018065550040764e-07
	4.013649489544561e-07
	4.012390789747296e-07
	4.014396788734237e-07
	4.020425774570208e-07
	4.030847358005484e-07
	4.044348770704633e-07
	4.059078642045175e-07
	4.073547601371137e-07
	4.086638612251666e-07
	4.097171386507471e-07
	4.104243228852462e-07
	4.106584742852454e-07
	4.104019207692557e-07
	4.096840850041482e-07
	4.085897323351196e-07
	4.071640087166615e-07
	4.05496288512808e-07
	4.037695408630375e-07
	4.024456345307706e-07
	4.017805187355637e-07
	4.017160681025217e-07
	4.021902245445236e-07
	4.03083934641576e-07
	4.043354764791621e-07
	4.057648624389638e-07
	4.072826714317011e-07
	4.087857812173373e-07
	4.102170976613102e-07
	4.115904063976611e-07
	4.129658316576556e-07
	4.142204186037507e-07
	4.150815935832462e-07
	4.155855265313e-07
	4.156469343344477e-07
	4.152853212819372e-07
	4.146413929490073e-07
	4.140240583595578e-07
	4.134238672952436e-07
	4.129638940067429e-07
	4.126502779768549e-07
	4.12416644992831e-07
	4.122197835160333e-07
	4.120435431794751e-07
	4.119951941352241e-07
	4.121584892432994e-07
	4.125135179633176e-07
	4.130849518570008e-07
	4.13689001634245e-07
	4.143627601894309e-07
	4.151993193414671e-07
	4.161209460482029e-07
	4.168106737545832e-07
	4.170951599515163e-07
	4.169932189110251e-07
	4.167029361125413e-07
	4.16156469058876e-07
	4.153868397998458e-07
	4.144521573494569e-07
	4.134388996637566e-07
	4.124042403747965e-07
	4.115612854815696e-07
	4.109093863144512e-07
	4.1040582304368e-07
	4.099890651160651e-07
	4.095185596466942e-07
	4.089943887630054e-07
	4.084677019631912e-07
	4.078124770935134e-07
	4.070599325887576e-07
	4.062183895421004e-07
	4.053359912311956e-07
	4.04666219260099e-07
	4.043894927260378e-07
	4.043925902766673e-07
	4.0454320796372e-07
	4.048497117088701e-07
	4.054209172098496e-07
	4.059671573718705e-07
	4.065633472650351e-07
	4.073996173248634e-07
	4.083978972971936e-07
	4.094908669324208e-07
	4.106055399880529e-07
	4.116770040374583e-07
	4.126221637069779e-07
	4.135819548446069e-07
	4.145725323279308e-07
	4.155382841060195e-07
	4.165057022338258e-07
	4.175527230955585e-07
	4.185853525545326e-07
	4.194384853320604e-07
	4.200134668429618e-07
	4.201721684808695e-07
	4.197439790438003e-07
	4.187812492314271e-07
	4.175409965300043e-07
	4.163461063311636e-07
	4.152540823470198e-07
	4.144339920049609e-07
	4.140229299816051e-07
	4.139563332112922e-07
	4.142408726233008e-07
	4.146253706202224e-07
	4.149718611925585e-07
	4.151219996064768e-07
	4.152839681686653e-07
	4.155286973560713e-07
	4.156580251148336e-07
	4.15635710763198e-07
	4.153776185230959e-07
	4.148716617497361e-07
	4.141493297026808e-07
	4.134280268600423e-07
	4.125799800480034e-07
	4.115975484286108e-07
	4.104938750214561e-07
	4.09230844260372e-07
	4.078417741406527e-07
	4.0650028276227e-07
	4.05129711484223e-07
	4.037275308434626e-07
	4.025349882365508e-07
	4.015609381754127e-07
	4.006272935674909e-07
	3.996999788016698e-07
	3.987793513449114e-07
	3.977619805537212e-07
	3.966338580492913e-07
	3.95349808920536e-07
	3.938294768421826e-07
	3.920684346810065e-07
	3.899445263541386e-07
	3.875185626128301e-07
	3.849437424485818e-07
	3.823050628582055e-07
	3.797042977275564e-07
	3.772748249746839e-07
	3.75036877103019e-07
	3.729374749275069e-07
	3.709751439728366e-07
	3.691287178216747e-07
	3.67326205100037e-07
	3.655916490919643e-07
	3.640595476279454e-07
	3.626774188470146e-07
	3.615986807064073e-07
	3.609965692356764e-07
	3.607641012832334e-07
	3.608225696812611e-07
	3.611095113308489e-07
	3.616409313215873e-07
	3.62191643604772e-07
	3.627589347841463e-07
	3.633023690667898e-07
	3.636076769095261e-07
	3.637311973454948e-07
	3.637405790673839e-07
	3.637602663103835e-07
	3.637916167992535e-07
	3.638121748205287e-07
	3.636847421532843e-07
	3.63454473116581e-07
	3.632356703120639e-07
	3.631759016120649e-07
	3.632498405300676e-07
	3.632424440374504e-07
	3.632018272573186e-07
	3.632105298449101e-07
	3.632061356937594e-07
	3.631669143900916e-07
	3.630644720190072e-07
	3.630134285142922e-07
	3.631073787005357e-07
	3.633411479476239e-07
	3.637654056348108e-07
	3.644992699212853e-07
	3.654339507432339e-07
	3.664074023187233e-07
	3.674545767349766e-07
	3.686106293152812e-07
	3.698383533225095e-07
	3.711213328667782e-07
	3.723703531788915e-07
	3.737078458159016e-07
	3.752401921975606e-07
	3.77164060812627e-07
	3.794091204123525e-07
	3.819258112248597e-07
	3.845464218712284e-07
	3.871412865117337e-07
	3.896577714918615e-07
	3.92130223557864e-07
	3.945558036097858e-07
	3.968966820078818e-07
	3.988662116985972e-07
	4.003527038636585e-07
	4.013813501635175e-07
	4.020733404627084e-07
	4.024997726062327e-07
	4.027419516329155e-07
	4.027694264680848e-07
	4.027004672283461e-07
	4.026775892270622e-07
	4.027807652166906e-07
	4.029401641752373e-07
	4.030490373382766e-07
	4.030260492880168e-07
	4.02758958536156e-07
	4.021071758154225e-07
	4.010065710929553e-07
	3.996432323741775e-07
	3.982331589308924e-07
	3.968090461767405e-07
	3.952974585066377e-07
	3.935882870671274e-07
	3.917159319839159e-07
	3.899738938673523e-07
	3.886188102091038e-07
	3.876538828112369e-07
	3.870590422431762e-07
	3.868263316662038e-07
	3.869659738237739e-07
	3.872663835650023e-07
	3.874519807174924e-07
	3.874468119254322e-07
	3.874411573394728e-07
	3.876651977546994e-07
	3.88355962985625e-07
	3.895764141094485e-07
	3.911972132148216e-07
	3.930460582648009e-07
	3.94989624880033e-07
	3.967553070424656e-07
	3.982728778058318e-07
	3.996457872383337e-07
	4.008922060185866e-07
	4.018152393282779e-07
	4.025133494616643e-07
	4.031050191655835e-07
	4.036912462442949e-07
	4.042559249794164e-07
	4.047268556957006e-07
	4.051363214825149e-07
	4.054043764278682e-07
	4.054870075624295e-07
	4.053061282007141e-07
	4.047901677356711e-07
	4.039971216990084e-07
	4.03038733110571e-07
	4.020928170082001e-07
	4.012393172110931e-07
	4.005539171736878e-07
	4.002372921783209e-07
	4.00144041970205e-07
	4.000394991904751e-07
	3.997227049945093e-07
	3.992240406374773e-07
	3.986714866974803e-07
	3.981788492907371e-07
	3.976703737144987e-07
	3.971280649954434e-07
	3.96494295314544e-07
	3.957381315714909e-07
	3.949660905111751e-07
	3.942201485282583e-07
	3.936732001792958e-07
	3.932934238517035e-07
	3.929968717064681e-07
	3.926259854743384e-07
	3.922030940231289e-07
	3.917177556260589e-07
	3.910326905006843e-07
	3.899500553093357e-07
	3.883833013549664e-07
	3.864471753936667e-07
	3.843545245609314e-07
	3.823887450156856e-07
	3.805666036785245e-07
	3.787598336284718e-07
	3.769427004172311e-07
	3.753078907545448e-07
	3.73892455239139e-07
	3.72705085532632e-07
	3.717411702529027e-07
	3.709441795401672e-07
	3.702969213665982e-07
	3.699624578378606e-07
	3.7011234740863e-07
	3.707426286742007e-07
	3.718078133971953e-07
	3.730956479212749e-07
	3.745259108393969e-07
	3.758650882271935e-07
	3.768774036083185e-07
	3.774657011223723e-07
	3.778640278450648e-07
	3.782185633786539e-07
	3.786684913570356e-07
	3.793300129577172e-07
	3.803722968434444e-07
	3.81653962871069e-07
	3.829920989952673e-07
	3.842160396282862e-07
	3.852020553681249e-07
	3.860358554343666e-07
	3.866403564245408e-07
	3.86730283083266e-07
	3.86264145606792e-07
	3.854439319368936e-07
	3.845259483276097e-07
	3.83762565496759e-07
	3.83369766015514e-07
	3.833897306506513e-07
	3.836202307260829e-07
	3.839129840752379e-07
	3.841660613173049e-07
	3.844032235450004e-07
	3.844594879308655e-07
	3.844975242104414e-07
	3.845409046029881e-07
	3.844656059609823e-07
	3.840978994178515e-07
	3.835038780569188e-07
	3.827010989682975e-07
	3.817236790902682e-07
	3.806743307810149e-07
	3.796179887952409e-07
	3.787076635182446e-07
	3.779091499166384e-07
	3.771511749565541e-07
	3.763689909450532e-07
	3.754029674613916e-07
	3.74213078267837e-07
	3.727331421570473e-07
	3.710359903474118e-07
	3.69172076156551e-07
	3.674085901054262e-07
	3.65766301962076e-07
	3.640266970711079e-07
	3.623521522984125e-07
	3.612546364235709e-07
	3.602320205735131e-07
	3.594076494931793e-07
	3.589179209624186e-07
	3.588175884247532e-07
	3.592225933208521e-07
	3.598750844088382e-07
	3.606294652854731e-07
	3.616152641175247e-07
	3.628115995849634e-07
	3.641065190407698e-07
	3.654262446045914e-07
	3.665778497918721e-07
	3.674433667136559e-07
	3.681231356961055e-07
	3.68772958596547e-07
	3.694793097049383e-07
	3.701614590726408e-07
	3.706839136477491e-07
	3.713235477444896e-07
	3.720093682753726e-07
	3.726443057651246e-07
	3.730266597540751e-07
	3.730496144372862e-07
	3.729359338959159e-07
	3.730327366746663e-07
	3.732056626542796e-07
	3.732107111947378e-07
	3.729857551555153e-07
	3.723033489889941e-07
	3.710482132719013e-07
	3.693006706468182e-07
	3.672919915283915e-07
	3.652294236815487e-07
	3.631863369899225e-07
	3.611962621293499e-07
	3.59151963223482e-07
	3.570973806801158e-07
	3.553138594729796e-07
	3.537365206843921e-07
	3.522619822528734e-07
	3.508302205290789e-07
	3.494225671937053e-07
	3.480519183154896e-07
	3.4685483507345e-07
	3.458508233551708e-07
	3.450500285510487e-07
	3.443926966483105e-07
	3.438911570253099e-07
	3.43517683621226e-07
	3.431674657770969e-07
	3.427303815078228e-07
	3.421861391566141e-07
	3.41523346505008e-07
	3.407741697436683e-07
	3.401929295418411e-07
	3.399976094947087e-07
	3.402543192458214e-07
	3.407929993003667e-07
	3.413714314596484e-07
	3.418890440251582e-07
	3.423943823353057e-07
	3.428912310903001e-07
	3.433347191887394e-07
	3.437862316177197e-07
	3.442697545165537e-07
	3.44723133392713e-07
	3.453878384767661e-07
	3.461906712314002e-07
	3.467545628132644e-07
	3.469899826139203e-07
	3.470464469072621e-07
	3.472079487246432e-07
	3.475042091363831e-07
	3.479138221165541e-07
	3.482835329151091e-07
	3.487409230276722e-07
	3.494400696520077e-07
	3.50295359008175e-07
	3.511486353179973e-07
	3.519453153787774e-07
	3.527750970131688e-07
	3.536039820864689e-07
	3.544621832459334e-07
	3.553642900384726e-07
	3.56174558498192e-07
	3.56673473932434e-07
	3.570258778615146e-07
	3.573772672058232e-07
	3.577667377607412e-07
	3.58220811231954e-07
	3.587108012961447e-07
	3.591604992809988e-07
	3.594309413944081e-07
	3.594734817992822e-07
	3.592422054034268e-07
	3.587320265833888e-07
	3.579414607149582e-07
	3.569370173613326e-07
	3.559007428473183e-07
	3.547893061685801e-07
	3.53813315477652e-07
	3.526821462504904e-07
	3.514483319465804e-07
	3.499346494471376e-07
	3.480683032003205e-07
	3.459405005119124e-07
	3.438024285428812e-07
	3.416806284307169e-07
	3.395436805873658e-07
	3.374931740370825e-07
	3.354916152016668e-07
	3.334919286041025e-07
	3.315054848243377e-07
	3.296588326654224e-07
	3.278425015509176e-07
	3.260733057756656e-07
	3.244062990261045e-07
	3.228884929524708e-07
	3.21587247483327e-07
	3.205033607538655e-07
	3.197823985844942e-07
	3.195216583137591e-07
	3.196886392953301e-07
	3.201017604808837e-07
	3.207323210454615e-07
	3.21608665529201e-07
	3.227723828163468e-07
	3.240745552547508e-07
	3.254537313814635e-07
	3.267841332925559e-07
	3.280501053872465e-07
	3.292454835957121e-07
	3.302768494862734e-07
	3.309989553737542e-07
	3.313654209075886e-07
	3.314742547174997e-07
	3.314841867076052e-07
	3.314526206611277e-07
	3.313579379565539e-07
	3.312147586260089e-07
	3.3113560941178e-07
	3.310912155558672e-07
	3.311996743299026e-07
	3.313122927356767e-07
	3.31343429541563e-07
	3.313760368152471e-07
	3.316564637638111e-07
	3.321945266636304e-07
	3.329377537491955e-07
	3.338315410517574e-07
	3.346704717201155e-07
	3.355746348603859e-07
	3.364137711615027e-07
	3.371224799053453e-07
	3.375692079994014e-07
	3.378012974601448e-07
	3.380336869569626e-07
	3.382079440702344e-07
	3.383408897760839e-07
	3.384339364595986e-07
	3.383901409934474e-07
	3.38307657840267e-07
	3.385125314594902e-07
	3.388725428436265e-07
	3.392351719913029e-07
	3.394049585935326e-07
	3.395115815646589e-07
	3.39652960417536e-07
	3.399179094719627e-07
	3.403938481232744e-07
	3.411502689893111e-07
	3.422209684749712e-07
	3.436515678622443e-07
	3.453404688107817e-07
	3.470896576179729e-07
	3.488776042562235e-07
	3.504905156849469e-07
	3.518726354175966e-07
	3.530471873073927e-07
	3.539728227823656e-07
	3.547262240920634e-07
	3.552418846993808e-07
	3.554422389844397e-07
	3.55295182347175e-07
	3.549541687572879e-07
	3.546700344300811e-07
	3.544500337879084e-07
	3.543195817741009e-07
	3.542182760229539e-07
	3.542371735869885e-07
	3.543576091875581e-07
	3.544965756924378e-07
	3.546016329593297e-07
	3.545750969268358e-07
	3.544637979603325e-07
	3.54135799314665e-07
	3.536034474965699e-07
	3.530647166492424e-07
	3.523743612558057e-07
	3.515293288704304e-07
	3.505737265352716e-07
	3.496793588415882e-07
	3.490396887696585e-07
	3.487079215174956e-07
	3.486916251013446e-07
	3.487407933692702e-07
	3.483902484203731e-07
	3.475731743918205e-07
	3.464206823364402e-07
	3.452207282492117e-07
	3.441749542625586e-07
	3.43184079514004e-07
	3.42263542180084e-07
	3.415526688116789e-07
	3.411970016285737e-07
	3.413526034142668e-07
	3.419790626161958e-07
	3.430250808361474e-07
	3.443378263828742e-07
	3.459196834721773e-07
	3.475494393637097e-07
	3.490062722183868e-07
	3.503085904745643e-07
	3.515368397947225e-07
	3.526371003026195e-07
	3.536076524196358e-07
	3.544826499902084e-07
	3.552802648249258e-07
	3.560539232076901e-07
	3.569228678102112e-07
	3.579092613346245e-07
	3.589312568135909e-07
	3.597548153926245e-07
	3.603983184822879e-07
	3.609037130013003e-07
	3.612408440584134e-07
	3.613822141318775e-07
	3.613229655282209e-07
	3.610401547124887e-07
	3.604982943470095e-07
	3.59603670171114e-07
	3.582704246236551e-07
	3.565939676233262e-07
	3.547610300952202e-07
	3.530066489766447e-07
	3.515213120911727e-07
	3.503952691722757e-07
	3.496000465476626e-07
	3.490728547809981e-07
	3.487499919613001e-07
	3.486870528673972e-07
	3.488592478459154e-07
	3.49235485956422e-07
	3.4970773485027e-07
	3.501319280732905e-07
	3.505242149604622e-07
	3.510535149650948e-07
	3.518274373445272e-07
	3.527406076250728e-07
	3.536576919320118e-07
	3.546024234120966e-07
	3.555173674261725e-07
	3.565478596819097e-07
	3.579052763860452e-07
	3.594591295859001e-07
	3.60867789962516e-07
	3.617698843876921e-07
	3.622158641301742e-07
	3.623705270668196e-07
	3.623811628652057e-07
	3.625096202109246e-07
	3.628988831215061e-07
	3.634868745356962e-07
	3.640359125800164e-07
	3.64709457194662e-07
	3.655082167683901e-07
	3.66530742357661e-07
	3.67452624509307e-07
	3.683976158734124e-07
	3.693702766453754e-07
	3.704753117490415e-07
	3.717521499297175e-07
	3.732736477672519e-07
	3.750567215945836e-07
	3.767383911473968e-07
	3.781406293492992e-07
	3.793051056571531e-07
	3.803991480922375e-07
	3.816618712946126e-07
	3.833219171410247e-07
	3.852978898415212e-07
	3.874903386637218e-07
	3.898972080610836e-07
	3.926104768792504e-07
	3.955657930585474e-07
	3.986834787054862e-07
	4.019319620827315e-07
	4.051225806632077e-07
	4.079718785580455e-07
	4.104900124540157e-07
	4.123676041546029e-07
	4.134057479356962e-07
	4.13733156979589e-07
	4.134265386057428e-07
	4.127838674965666e-07
	4.120684013070617e-07
	4.112657236978921e-07
	4.106081355172403e-07
	4.102198794639034e-07
	4.102145430450516e-07
	4.10469698348959e-07
	4.110183162298998e-07
	4.119028382678933e-07
	4.128294548794554e-07
	4.136394545495456e-07
	4.141780099018683e-07
	4.144492599895378e-07
	4.145905402334284e-07
	4.146276998351202e-07
	4.14501655665478e-07
	4.140867849159539e-07
	4.136209513063135e-07
	4.132027280250812e-07
	4.129533081795474e-07
	4.130081534163633e-07
	4.133237764576072e-07
	4.138053643755848e-07
	4.145289778349422e-07
	4.154378668241317e-07
	4.164995078235572e-07
	4.177506498751701e-07
	4.19174615448823e-07
	4.206983433174465e-07
	4.223031654175913e-07
	4.24025592928991e-07
	4.257163876621834e-07
	4.272333383512117e-07
	4.285027016793444e-07
	4.295632054024296e-07
	4.304354143203621e-07
	4.308695694692272e-07
	4.307209216417769e-07
	4.300434621547521e-07
	4.28962240414983e-07
	4.277087095592181e-07
	4.265212990701196e-07
	4.25497635333555e-07
	4.244288330701205e-07
	4.232059295893533e-07
	4.220365373152446e-07
	4.208746976138099e-07
	4.196385653748881e-07
	4.181334929911962e-07
	4.163876302859367e-07
	4.145541142907034e-07
	4.126907427169242e-07
	4.107508879894389e-07
	4.087261223141214e-07
	4.064208663215905e-07
	4.038385104097035e-07
	4.010437233784439e-07
	3.984026490972094e-07
	3.960136830872851e-07
	3.939317706986277e-07
	3.92194570323539e-07
	3.907045119186668e-07
	3.894923305790586e-07
	3.885859239192819e-07
	3.882979654690871e-07
	3.886967302516887e-07
	3.896120227799111e-07
	3.906922934334435e-07
	3.918300971634519e-07
	3.929332321543151e-07
	3.940071349382237e-07
	3.951315556142988e-07
	3.962764293295656e-07
	3.975262479398446e-07
	3.988596161598471e-07
	4.003322807465732e-07
	4.016159336742507e-07
	4.025933453682677e-07
	4.034080160912481e-07
	4.040320762569526e-07
	4.044223349498202e-07
	4.044744784429584e-07
	4.040030498831558e-07
	4.029874021861237e-07
	4.015410724129816e-07
	3.999492128354229e-07
	3.984201386235953e-07
	3.971625829592914e-07
	3.960048337844676e-07
	3.94828306001345e-07
	3.934938840230049e-07
	3.92200018072374e-07
	3.909270388541915e-07
	3.896612344194099e-07
	3.885962834319999e-07
	3.878328062735688e-07
	3.873177868677958e-07
	3.870083475539831e-07
	3.867134384218723e-07
	3.862367643905402e-07
	3.858150341035157e-07
	3.851448791702473e-07
	3.843237147288201e-07
	3.834642247883657e-07
	3.826572600765113e-07
	3.818739557823213e-07
	3.809798141416276e-07
	3.799015799434655e-07
	3.786682084396178e-07
	3.773687087690703e-07
	3.760868830032465e-07
	3.747511576086964e-07
	3.734049702284549e-07
	3.721305740132981e-07
	3.708803635163904e-07
	3.696265916794593e-07
	3.682796363158607e-07
	3.671678701125744e-07
	3.662711283082338e-07
	3.655820566634398e-07
	3.65144001216966e-07
	3.648816233908423e-07
	3.647964081999463e-07
	3.648119631954564e-07
	3.649264836970634e-07
	3.652423056675028e-07
	3.657574801750236e-07
	3.662948362441759e-07
	3.668108011845402e-07
	3.672704656085578e-07
	3.676663094390049e-07
	3.680614158260853e-07
	3.684455435660564e-07
	3.690226175157233e-07
	3.695500543514477e-07
	3.698237125344037e-07
	3.699743109081092e-07
	3.699937930637467e-07
	3.6987655496623e-07
	3.697781253582162e-07
	3.697562766425823e-07
	3.698013232889828e-07
	3.699893732054204e-07
	3.702776624500393e-07
	3.707007844743561e-07
	3.711133092965297e-07
	3.716088917426694e-07
	3.722039265144071e-07
	3.727674310387187e-07
	3.73287012649296e-07
	3.737464711193115e-07
	3.740935843094903e-07
	3.742773071843175e-07
	3.743038248153043e-07
	3.742458399359443e-07
	3.742115906011436e-07
	3.741865231832389e-07
	3.740886353320088e-07
	3.738765011906343e-07
	3.735904588726735e-07
	3.733740004987155e-07
	3.733682819204089e-07
	3.73624679659894e-07
	3.739982336405231e-07
	3.742612152399346e-07
	3.743698773612027e-07
	3.743126916263145e-07
	3.740150041547199e-07
	3.734349907583832e-07
	3.725079676778437e-07
	3.714275552103081e-07
	3.702456386628721e-07
	3.690418873242242e-07
	3.678907684194392e-07
	3.668425617532126e-07
	3.659118126352253e-07
	3.650899886439922e-07
	3.641787238362648e-07
	3.631381409867491e-07
	3.619633141794797e-07
	3.606857443230247e-07
	3.59525574207764e-07
	3.584539337351903e-07
	3.574008584528976e-07
	3.562743078716897e-07
	3.551563821975783e-07
	3.541758733190095e-07
	3.533453672961483e-07
	3.524946300351718e-07
	3.515786291366832e-07
	3.507228136235928e-07
	3.499719342564197e-07
	3.492663628975746e-07
	3.485049619996163e-07
	3.477240016830618e-07
	3.468471117071878e-07
	3.458486817686215e-07
	3.447280623021583e-07
	3.433693980555543e-07
	3.418652726783948e-07
	3.403698985575422e-07
	3.389966508339699e-07
	3.377729074755581e-07
	3.369233243879979e-07
	3.365289660313961e-07
	3.365169155165683e-07
	3.368047506664729e-07
	3.37161606158353e-07
	3.374877888118315e-07
	3.37804418144801e-07
	3.381730943810045e-07
	3.385108047792802e-07
	3.387622796059171e-07
	3.389989349400909e-07
	3.390886788212104e-07
	3.389144582004382e-07
	3.385166045447237e-07
	3.379496463951855e-07
	3.373637732612826e-07
	3.368676902973896e-07
	3.365881475051072e-07
	3.366378199198043e-07
	3.368781319518568e-07
	3.370969620696498e-07
	3.372356108900825e-07
	3.373332308878762e-07
	3.374731007456956e-07
	3.377550481309437e-07
	3.380376711608553e-07
	3.382289620124659e-07
	3.383669610560063e-07
	3.384515364027914e-07
	3.385304366554468e-07
	3.387984385552891e-07
	3.392096697024135e-07
	3.396957113378197e-07
	3.402498094766469e-07
	3.407691287082894e-07
	3.410504542661018e-07
	3.410934880884557e-07
	3.410855952746789e-07
	3.412360825914869e-07
	3.417237544591902e-07
	3.426293459173715e-07
	3.438104551706481e-07
	3.45147466391577e-07
	3.464404003007187e-07
	3.476005396787925e-07
	3.485114033143441e-07
	3.490508640537405e-07
	3.492792790572511e-07
	3.492426231306591e-07
	3.490940099143807e-07
	3.489264973306032e-07
	3.487611938488882e-07
	3.487104850862869e-07
	3.487455953876149e-07
	3.488730137752853e-07
	3.491735293989286e-07
	3.497188436519694e-07
	3.503960527130814e-07
	3.510456680726717e-07
	3.515468484957744e-07
	3.517099137254133e-07
	3.515759475655228e-07
	3.513431272302851e-07
	3.511161267224262e-07
	3.509092021483168e-07
	3.506470509273495e-07
	3.501645672024659e-07
	3.494690008289715e-07
	3.487217395305432e-07
	3.481903779343911e-07
	3.479269811307896e-07
	3.478707175553531e-07
	3.48008468308297e-07
	3.48341214505987e-07
	3.487975471307073e-07
	3.493420223379571e-07
	3.498880591343904e-07
	3.505125812637546e-07
	3.512372709522863e-07
	3.518462191909062e-07
	3.520909166885686e-07
	3.519810638605769e-07
	3.515544537957234e-07
	3.510056899998681e-07
	3.504406708457216e-07
	3.497684349249459e-07
	3.490460788386182e-07
	3.482742081144217e-07
	3.476506693587305e-07
	3.471024134424588e-07
	3.466980773030868e-07
	3.465104919015136e-07
	3.466192659789209e-07
	3.469154288388526e-07
	3.472774737803215e-07
	3.476622908254304e-07
	3.480923762659468e-07
	3.486562221873805e-07
	3.495027696248078e-07
	3.506954831401507e-07
	3.521287363674166e-07
	3.535397713440762e-07
	3.547720514586346e-07
	3.557560087903543e-07
	3.563888425806647e-07
	3.567035510894062e-07
	3.567733768438234e-07
	3.567548166804955e-07
	3.567060719683757e-07
	3.566289431212085e-07
	3.565279035363834e-07
	3.564869051278322e-07
	3.566761182271805e-07
	3.570715964496341e-07
	3.576151920667613e-07
	3.581279144520474e-07
	3.584718408956617e-07
	3.587270541097636e-07
	3.589570191469338e-07
	3.590616065572036e-07
	3.589858081655638e-07
	3.588526345347635e-07
	3.588223153745216e-07
	3.589899774964977e-07
	3.592334463512739e-07
	3.592930703141376e-07
	3.591002341840099e-07
	3.588691148930218e-07
	3.587620901175226e-07
	3.586687643914542e-07
	3.585401186611965e-07
	3.584834910503145e-07
	3.586234229779131e-07
	3.590155887544519e-07
	3.596377978519521e-07
	3.60373898267169e-07
	3.612325022397021e-07
	3.621436123021195e-07
	3.62963902731496e-07
	3.635178129459645e-07
	3.636427134226028e-07
	3.633420310225836e-07
	3.627182778429221e-07
	3.618368450429201e-07
	3.606796620257478e-07
	3.592399320136894e-07
	3.576319668036145e-07
	3.559371371726272e-07
	3.541435535928565e-07
	3.522132048964206e-07
	3.502172462801431e-07
	3.484234756885221e-07
	3.469609895962634e-07
	3.459261506066465e-07
	3.453208911610263e-07
	3.449729576963251e-07
	3.448027855043745e-07
	3.44768673721666e-07
	3.448317541987074e-07
	3.450575110062727e-07
	3.455485074845447e-07
	3.462451292012844e-07
	3.471680178380077e-07
	3.482360688271103e-07
	3.494755208985629e-07
	3.509327700876554e-07
	3.523343539970884e-07
	3.535066512802091e-07
	3.543486807440577e-07
	3.54907788439552e-07
	3.552126102950747e-07
	3.552989276137516e-07
	3.551925326370039e-07
	3.550538666898383e-07
	3.550194391414849e-07
	3.551123133957681e-07
	3.551521557069091e-07
	3.550182918435274e-07
	3.546786857190715e-07
	3.543518292547011e-07
	3.541483094784892e-07
	3.539245008826795e-07
	3.534638806732525e-07
	3.52745527373514e-07
	3.519164311420792e-07
	3.510568698600153e-07
	3.502563431391346e-07
	3.496260688779614e-07
	3.491888507020773e-07
	3.489914251162534e-07
	3.490246353691719e-07
	3.491441656247301e-07
	3.490968209128166e-07
	3.487661346257704e-07
	3.482640725598382e-07
	3.477290938957314e-07
	3.472349850489277e-07
	3.468626031058156e-07
	3.467065356842114e-07
	3.467102376116639e-07
	3.467495729314381e-07
	3.468191795682401e-07
	3.469590623052177e-07
	3.472164171526273e-07
	3.47648557597447e-07
	3.482103463723589e-07
	3.487715419171049e-07
	3.491704868047938e-07
	3.493327180294573e-07
	3.492839107730059e-07
	3.492314435380815e-07
	3.490960139960339e-07
	3.490613534653595e-07
	3.491834285019e-07
	3.495582793852796e-07
	3.501112391226433e-07
	3.506991789794633e-07
	3.513487238996066e-07
	3.520503368333044e-07
	3.528184163218275e-07
	3.536043740632623e-07
	3.54361251724334e-07
	3.54944495717671e-07
	3.553573656374388e-07
	3.555841461887298e-07
	3.557216378015517e-07
	3.556677197502023e-07
	3.555443339039926e-07
	3.555066326546856e-07
	3.555883267204494e-07
	3.556498498729846e-07
	3.556990582613139e-07
	3.556774273707196e-07
	3.555018861893905e-07
	3.552469451241218e-07
	3.551025661930221e-07
	3.551190367069306e-07
	3.552720436934438e-07
	3.556276666938734e-07
	3.561029025516553e-07
	3.567501897577993e-07
	3.575550605272122e-07
	3.583428962435927e-07
	3.591666788027038e-07
	3.598782508966571e-07
	3.604328256547154e-07
	3.608926890281291e-07
	3.613007536599652e-07
	3.617589004440968e-07
	3.622629058265008e-07
	3.628642644782172e-07
	3.634578568913086e-07
	3.637658579041603e-07
	3.638781679007144e-07
	3.637970918962046e-07
	3.634910670713862e-07
	3.629306336483154e-07
	3.621056879492357e-07
	3.611664578382073e-07
	3.603057830494805e-07
	3.595857069387302e-07
	3.587869809942706e-07
	3.579057579669936e-07
	3.569716863739022e-07
	3.559426716753541e-07
	3.548429279820934e-07
	3.538749073663055e-07
	3.530999067420177e-07
	3.523674690916136e-07
	3.515516972095868e-07
	3.506047526035338e-07
	3.495746504819044e-07
	3.486952213328542e-07
	3.482033687288556e-07
	3.480454770241551e-07
	3.480585874242716e-07
	3.481985354886534e-07
	3.485791113689393e-07
	3.493568935255132e-07
	3.50465104311617e-07
	3.516148536621555e-07
	3.529054190490676e-07
	3.539153768389032e-07
	3.546417401278173e-07
	3.552221645019333e-07
	3.557927850271934e-07
	3.565055100771636e-07
	3.573729837303419e-07
	3.584483721723579e-07
	3.596980694086764e-07
	3.609482186425918e-07
	3.624527102305853e-07
	3.64107818762189e-07
	3.657666982861958e-07
	3.674230462636736e-07
	3.69045644168965e-07
	3.705714081084983e-07
	3.720025520532203e-07
	3.732897051863859e-07
	3.744064514567255e-07
	3.751635544946209e-07
	3.756035949822153e-07
	3.759274707300251e-07
	3.762531794192578e-07
	3.766078716979512e-07
	3.769082309298322e-07
	3.772405773157546e-07
	3.775008261443743e-07
	3.777736214210826e-07
	3.780199132911372e-07
	3.783186921688733e-07
	3.785758260117847e-07
	3.787170073952915e-07
	3.786426454259932e-07
	3.783490513140381e-07
	3.778989029182564e-07
	3.772314513907041e-07
	3.766493908458253e-07
	3.763029751395451e-07
	3.761156938425425e-07
	3.760283305614191e-07
	3.758889360383359e-07
	3.755819265123771e-07
	3.749861924558704e-07
	3.742514485771852e-07
	3.735114715308783e-07
	3.728488321592856e-07
	3.723101594961432e-07
	3.717798235940283e-07
	3.711420454307666e-07
	3.70375666624204e-07
	3.696829464716747e-07
	3.692104540016681e-07
	3.689083989739356e-07
	3.686104071841732e-07
	3.682939131632695e-07
	3.680065787752515e-07
	3.677025931273774e-07
	3.674877394393881e-07
	3.673969328379616e-07
	3.675297050389061e-07
	3.678134723002844e-07
	3.680499575353892e-07
	3.682067080097746e-07
	3.683114829630811e-07
	3.685421727606043e-07
	3.688776311005906e-07
	3.692089574333955e-07
	3.69455605713432e-07
	3.695780550496369e-07
	3.695799899451365e-07
	3.694253322555903e-07
	3.690722348957459e-07
	3.683404205483087e-07
	3.674563913579448e-07
	3.662982220631456e-07
	3.647768427482337e-07
	3.629101790804653e-07
	3.606197198301617e-07
	3.580931401481638e-07
	3.556107775694729e-07
	3.534396646201818e-07
	3.517374095688541e-07
	3.504561195250282e-07
	3.495553226369322e-07
	3.489340625914897e-07
	3.484542952555981e-07
	3.479103311724632e-07
	3.473377284244746e-07
	3.468552659028145e-07
	3.464752399177756e-07
	3.46255145469926e-07
	3.460175709992134e-07
	3.455373714679281e-07
	3.447345184598688e-07
	3.437091658890867e-07
	3.425804991044527e-07
	3.41309481895942e-07
	3.398992051528287e-07
	3.384787760998677e-07
	3.370435280956042e-07
	3.355474270451187e-07
	3.340360036972336e-07
	3.326141251582091e-07
	3.313621126650484e-07
	3.304205071643923e-07
	3.297158993489107e-07
	3.292441096693299e-07
	3.28909822053608e-07
	3.287137073077382e-07
	3.285835694619698e-07
	3.28463151849395e-07
	3.28379283400966e-07
	3.283715149323214e-07
	3.283282528123768e-07
	3.282304191678397e-07
	3.280765377643841e-07
	3.277719463806519e-07
	3.27350223386198e-07
	3.269491340144462e-07
	3.264361959169403e-07
	3.256201502501083e-07
	3.245621566627891e-07
	3.234034324651365e-07
	3.223333914468893e-07
	3.213566195186202e-07
	3.205034083998788e-07
	3.198312055362308e-07
	3.19350417226127e-07
	3.189286099903388e-07
	3.185821304365982e-07
	3.182793411733787e-07
	3.179361177772903e-07
	3.175186809150683e-07
	3.17003221460255e-07
	3.163232902725823e-07
	3.155018650689994e-07
	3.146383286852463e-07
	3.137422864088413e-07
	3.129054986443197e-07
	3.121266765358351e-07
	3.114637057169669e-07
	3.108739627423857e-07
	3.10271305229712e-07
	3.095461729617131e-07
	3.087031693323096e-07
	3.078880554875315e-07
	3.07271605750937e-07
	3.069084427062708e-07
	3.067835844345045e-07
	3.068581398036793e-07
	3.069908615870975e-07
	3.070922783260953e-07
	3.070461822395604e-07
	3.068287732707744e-07
	3.064384822114427e-07
	3.059325182734513e-07
	3.054144627716748e-07
	3.050351909788962e-07
	3.047302545932478e-07
	3.045179612972003e-07
	3.043724591083656e-07
	3.042668871939393e-07
	3.040979502630185e-07
	3.038872789911862e-07
	3.035570107871523e-07
	3.030364067560416e-07
	3.023621003206573e-07
	3.016649318277177e-07
	3.009842125161596e-07
	3.00362372524035e-07
	2.998278597063e-07
	2.994341779681634e-07
	2.992286996492413e-07
	2.993058827678424e-07
	2.996197251065538e-07
	3.001204796551457e-07
	3.006561084734551e-07
	3.011612724515083e-07
	3.017137886603015e-07
	3.023244094353741e-07
	3.029883231604978e-07
	3.036906975540219e-07
	3.04312249760061e-07
	3.047378595527577e-07
	3.050429311756416e-07
	3.05235404173953e-07
	3.054082663355665e-07
	3.056969616224388e-07
	3.062551987925404e-07
	3.070920907217131e-07
	3.082059317798263e-07
	3.094870571707455e-07
	3.108065908462032e-07
	3.12112173079091e-07
	3.134619545540921e-07
	3.149242404486566e-07
	3.164380858672324e-07
	3.179357092287718e-07
	3.193660837813788e-07
	3.206482277498682e-07
	3.217589437071049e-07
	3.227577588033436e-07
	3.236763105679134e-07
	3.24594229543915e-07
	3.255354743815972e-07
	3.264012072399217e-07
	3.271666868926974e-07
	3.278926589287438e-07
	3.286165110305413e-07
	3.29349324211697e-07
	3.300506372715628e-07
	3.307544972774274e-07
	3.314561278278183e-07
	3.321130086099077e-07
	3.326431511235528e-07
	3.329649681949055e-07
	3.330340480546824e-07
	3.327681555195715e-07
	3.323205071471637e-07
	3.319468348718424e-07
	3.316433905969974e-07
	3.313154643427801e-07
	3.308263451050148e-07
	3.302689702986589e-07
	3.297751818881527e-07
	3.29394382426481e-07
	3.291511007876164e-07
	3.290075903727887e-07
	3.289316936899311e-07
	3.288966896843466e-07
	3.289039985499459e-07
	3.288712805570887e-07
	3.287037919528028e-07
	3.284170487685496e-07
	3.281576667532299e-07
	3.279258041152718e-07
	3.277139726235521e-07
	3.275959869608715e-07
	3.274868136435312e-07
	3.274410980502397e-07
	3.273953343530288e-07
	3.274308083541149e-07
	3.27646645920289e-07
	3.28077419127424e-07
	3.28680585069432e-07
	3.293135554544719e-07
	3.298746382258804e-07
	3.302870092255168e-07
	3.305329964960563e-07
	3.306195659469431e-07
	3.305473925886421e-07
	3.304684254279884e-07
	3.305011490999124e-07
	3.306030583079632e-07
	3.306363347057214e-07
	3.306003038062864e-07
	3.304602841150846e-07
	3.302182842911922e-07
	3.299716869063512e-07
	3.298421572433043e-07
	3.297653681251889e-07
	3.297542662526816e-07
	3.299520734550962e-07
	3.303701474648612e-07
	3.308276732823504e-07
	3.312721175968187e-07
	3.318933171632686e-07
	3.324073296786931e-07
	3.327209224501954e-07
	3.328840469087282e-07
	3.329117286363141e-07
	3.327805093889514e-07
	3.326215014443362e-07
	3.32482281962297e-07
	3.324745145915165e-07
	3.325771975589315e-07
	3.326927671645327e-07
	3.326846506695962e-07
	3.326480056348e-07
	3.326454614334218e-07
	3.3263952260752e-07
	3.325775068991286e-07
	3.323807488119256e-07
	3.32102097680327e-07
	3.318005172662724e-07
	3.315682298452308e-07
	3.315165860724498e-07
	3.317701788147786e-07
	3.32218975754489e-07
	3.326284032421247e-07
	3.328233195837232e-07
	3.32797752453402e-07
	3.325728795606823e-07
	3.32112104633936e-07
	3.314415140796898e-07
	3.306029468520554e-07
	3.296626176335503e-07
	3.28728484721254e-07
	3.279140917845888e-07
	3.272925080839187e-07
	3.268454162403109e-07
	3.26436950992874e-07
	3.260427745912329e-07
	3.256377047610519e-07
	3.252379861995939e-07
	3.249108714762093e-07
	3.246634303326078e-07
	3.243881109393703e-07
	3.241286204562064e-07
	3.23942057521653e-07
	3.238290867845412e-07
	3.238394578283879e-07
	3.23944832621266e-07
	3.242414585266757e-07
	3.246948482515139e-07
	3.252815095789675e-07
	3.257597929925455e-07
	3.261638190715684e-07
	3.266029456795157e-07
	3.271561871115368e-07
	3.27832023591045e-07
	3.287260215560441e-07
	3.298651521021057e-07
	3.311803310753637e-07
	3.327180030606648e-07
	3.34318162433559e-07
	3.357238331955732e-07
	3.367936677810171e-07
	3.375781585395457e-07
	3.383752013077268e-07
	3.393128053931541e-07
	3.404174608475998e-07
	3.416029354983296e-07
	3.427002563146545e-07
	3.435654215278467e-07
	3.441229213494188e-07
	3.443027230385693e-07
	3.442038059141549e-07
	3.438247036487956e-07
	3.431939984727862e-07
	3.425804924428857e-07
	3.420973452039255e-07
	3.416471735190361e-07
	3.410809008875888e-07
	3.403739882523928e-07
	3.395681673830069e-07
	3.387968101543314e-07
	3.382010877278686e-07
	3.377326665252566e-07
	3.373730431988209e-07
	3.370900615707875e-07
	3.367669242557174e-07
	3.365012504411615e-07
	3.36217719089301e-07
	3.358603363464468e-07
	3.354148346109423e-07
	3.349053620743761e-07
	3.34316489467086e-07
	3.334324420769895e-07
	3.326071367358122e-07
	3.320949177126144e-07
	3.318308553740024e-07
	3.317082681370527e-07
	3.317680082202893e-07
	3.318732153504332e-07
	3.320386599056894e-07
	3.322874511355997e-07
	3.325302792249267e-07
	3.325963908989367e-07
	3.324234757651346e-07
	3.321369645428762e-07
	3.318625627911674e-07
	3.316957789903516e-07
	3.316285124519751e-07
	3.31615506880691e-07
	3.316763469087876e-07
	3.319587978588073e-07
	3.324581547065784e-07
	3.331021151863087e-07
	3.338524012966483e-07
	3.346426519916258e-07
	3.354723327189606e-07
	3.364508645940856e-07
	3.375562167257616e-07
	3.386717269274835e-07
	3.396283322333462e-07
	3.403251315251446e-07
	3.408133647740341e-07
	3.412226441802814e-07
	3.416208001674894e-07
	3.419837692544243e-07
	3.422657611127089e-07
	3.422859631859051e-07
	3.41944688801707e-07
	3.413018265609399e-07
	3.403497852543346e-07
	3.390487222285954e-07
	3.375238235298789e-07
	3.358123034156552e-07
	3.339624665962736e-07
	3.319948135113714e-07
	3.300391634839124e-07
	3.282771212595777e-07
	3.267405087799936e-07
	3.254191365489696e-07
	3.24160118738748e-07
	3.228237676586759e-07
	3.214904377123697e-07
	3.203534431351285e-07
	3.195582891659969e-07
	3.19081486433448e-07
	3.18832449898118e-07
	3.188412002660968e-07
	3.1921994859556e-07
	3.198852338776213e-07
	3.207006333447408e-07
	3.217331828060479e-07
	3.231554413058391e-07
	3.250865364003386e-07
	3.273047733351148e-07
	3.294379232939686e-07
	3.312334968078505e-07
	3.326730311620932e-07
	3.339209363613016e-07
	3.351314589830559e-07
	3.363669975727682e-07
	3.374730861987003e-07
	3.3833237083434e-07
	3.39015816480518e-07
	3.395105710578394e-07
	3.396999850927434e-07
	3.397516245403795e-07
	3.398043817828237e-07
	3.398365132093372e-07
	3.398639904094133e-07
	3.399677675646052e-07
	3.40232086516861e-07
	3.406213359408773e-07
	3.410103366315719e-07
	3.412479927136916e-07
	3.413647189078278e-07
	3.413593392025067e-07
	3.412625856264723e-07
	3.412460850135229e-07
	3.413812575336836e-07
	3.415636841713793e-07
	3.416816465755263e-07
	3.417377948992168e-07
	3.417819560966948e-07
	3.41841866127567e-07
	3.419724317903593e-07
	3.422820022180318e-07
	3.426145592018925e-07
	3.429101409986554e-07
	3.431603474934435e-07
	3.434923587511463e-07
	3.439383688125534e-07
	3.444343623005387e-07
	3.449944687889926e-07
	3.456351797017757e-07
	3.463379807784788e-07
	3.471265143345536e-07
	3.479675993257866e-07
	3.488245702047485e-07
	3.496001983849721e-07
	3.501598915747988e-07
	3.503772435369056e-07
	3.503590679065457e-07
	3.50406944670205e-07
	3.507514045431826e-07
	3.514029646856978e-07
	3.521965664251249e-07
	3.52971163519422e-07
	3.536423609378112e-07
	3.540733879554159e-07
	3.542103194949603e-07
	3.544033077379293e-07
	3.548182469887121e-07
	3.553729100513845e-07
	3.559114603759563e-07
	3.563056029250796e-07
	3.565802215044047e-07
	3.566573629609286e-07
	3.566654395783721e-07
	3.567229130805083e-07
	3.568013204568192e-07
	3.570140746391521e-07
	3.572769739551246e-07
	3.57609061671843e-07
	3.580037603066413e-07
	3.584451607397415e-07
	3.590705206960524e-07
	3.600442709271989e-07
	3.615944637770284e-07
	3.636243197400865e-07
	3.65740980614882e-07
	3.677627949994001e-07
	3.695548660641106e-07
	3.710772918243696e-07
	3.723478746812735e-07
	3.735123952994929e-07
	3.746763856459591e-07
	3.75693024099622e-07
	3.763927497233976e-07
	3.767444842772166e-07
	3.767915698886611e-07
	3.765269234098194e-07
	3.759703013969386e-07
	3.751027867881955e-07
	3.741220165811593e-07
	3.733196661162746e-07
	3.727628476870314e-07
	3.723211505171284e-07
	3.718457729212457e-07
	3.712957009134532e-07
	3.706435729701778e-07
	3.699295029219741e-07
	3.692750785918062e-07
	3.686915819093354e-07
	3.680736787393876e-07
	3.672131974431982e-07
	3.660826498745956e-07
	3.648311198123494e-07
	3.634350398501725e-07
	3.619244347210982e-07
	3.604696802422847e-07
