	73.12199638795455
	72.33456547254164
	72.41292600650455
	72.12460236058088
	72.21912299675327
	72.12338757307188
	69.59550868452814
	68.17952169169065
	66.58979312522716
	117.3592136406665
	131.6387295517795
	125.6254872734101
	140.7154625538558
	130.8930386811481
	137.5650639092989
	154.3055273220269
	167.9924651187673
	179.8289492383016
	184.4224963467378
	184.670866900743
	146.5153951174152
	171.2481861236629
	165.9508563589184
	164.0010833113714
	160.9837068857229
	163.901900784138
	170.0493761634132
	174.6730976059379
	177.5840054844084
	178.6033874247679
	188.8450406885153
	189.5668028818203
	189.4938607290219
	202.9141380856589
	201.3310595557078
	196.8651660030851
	192.8195507801667
	168.3026054588993
	162.1316479504318
	159.1810348227675
	156.0999535052987
	157.8419278238279
	161.7837549357189
	167.798492914915
	172.1933084557492
	173.7352729061474
	164.6312961581016
	167.6483464548827
	175.7404004682226
	187.8044735609614
	188.9105084590195
	189.004358513458
	187.8283226386766
	180.5392698175457
	167.4915104220803
	163.5133478044178
	164.9761007837122
	166.9148958687582
	171.1463639060333
	175.0299194122679
	180.6774171815873
	182.2400036409656
	183.1639725668412
	192.8922058846398
	193.3040944274512
	191.7791222445793
	186.7992106365904
	187.3293533219534
	187.4589773390539
	186.1597919605151
	183.5452736790692
	180.2019271663081
	182.579440125026
	184.5660669707659
	193.0154698420699
	191.06397525448
	186.6804248294485
	182.9589391664401
	179.1794434679667
	178.2021829937454
	182.9743936446761
	187.6204206556349
	187.2524559704434
	191.4538823845615
	193.7680842327972
	195.1536243588104
	195.9482208942364
	195.7709690994725
	195.2986570254793
	193.9947113058494
	193.4723121523668
	193.76302508519
	193.347846525501
	192.4568525757767
	191.5184890244535
	191.570231560523
	190.5541701937401
	188.8253749249563
	187.6344409502816
	186.3119741344302
	184.9485730406149
	184.671644305016
	183.8999032907744
	182.7694384085337
	181.3810909786678
	179.7049500497065
	178.4586575199702
	177.3203928853726
	180.5174458214917
	183.0806076349542
	185.3361812779557
	186.6750907134576
	187.6530325230429
	192.0993561029659
	192.6939221960816
	191.9919610639
	191.5625058414103
	191.1352799074557
	190.3443157730077
	192.3234413152519
	193.7285836350549
	193.9161895337099
	193.0695482078211
	192.7243062456991
	192.089669193705
	186.7751171390101
	185.0360285918801
	181.2497483734961
	178.0428808816557
	179.8567193855453
	182.0057901239688
	183.4683686401383
	184.6673988984112
	185.4131488710075
	186.1449329353327
	191.6614151040858
	193.2996189689428
	194.2212944960779
	193.9587452409988
	192.7365474535525
	192.6094404632948
	191.9237859683432
	193.7970482587972
	195.4985117331117
	196.4295691905542
	196.1813886634877
	195.4031945066062
	195.5099912229782
	194.7381421285773
	192.1420172658243
	190.142372399754
	187.893931306254
	184.8727871171961
	183.5696953783458
	182.3611070196421
	181.0692557577767
	179.592188556539
	178.0777217254616
	177.4609811053552
	178.7992205936068
	181.0328630468898
	183.1345784634745
	184.8873141378782
	187.3117392363929
	190.2332812003411
	192.488433455878
	194.0372175875981
	195.0943365723386
	195.4887642566906
	194.9873738363243
	194.0533361082822
	193.8703371885539
	193.070934948299
	182.9146015980815
	181.0304154686514
	184.7366614358394
	189.3954221091046
	194.6823865667899
	193.5613671977087
	196.3138400706384
	189.8833730490868
	181.6427706254519
	179.9532581391631
	181.26234438058
	185.0132713915925
	188.1299602694178
	190.7325509752758
	193.8763621163152
	194.4630683303279
	194.489133666787
	193.7508523351267
	193.7347860153055
	193.3006223196766
	193.6670801044833
	199.4128562553732
	198.8820071395905
	198.567684325462
	197.6613931342962
	196.4840002158125
	195.1142859722582
	193.4301550546954
	191.54000097464
	190.0078105188964
	188.3534013218482
	186.4429378620202
	184.4189673170289
	182.299462742025
	182.0904500857261
	183.3520531198742
	184.5178384692417
	185.3433200909184
	186.8770468028849
	189.6588651894049
	191.9988354889355
	193.6495299412374
	194.6092738297065
	195.2776176717483
	195.2160981768788
	194.7979434483887
	195.0857101046173
	194.5873160527354
	193.4712983240672
	194.5298110708016
	196.4446162327954
	197.8925060084339
	199.0780821120447
	199.7878421100989
	199.7474645332282
	199.1669514533565
	199.5318798542795
	199.2501935037953
	198.3791101737094
	197.1969019514796
	194.1959005319788
	187.5276438221537
	185.5363626398365
	183.4239844304397
	181.7180860745292
	182.7670512110588
	186.3440481408713
	189.3220297775347
	193.8019271503397
	195.1649483644474
	196.1683503929328
	195.6533911773934
	193.1450651743914
	194.5249143375827
	197.6669224746418
	198.6413684192771
	199.0969400151924
	198.5030036518974
	198.7990277939625
	198.4550601927261
	196.1489233226246
	194.7600877196727
	193.0822631199246
	191.3077089393886
	189.8757593728648
	188.2432294722427
	186.441771487905
	184.4438340495323
	182.3485366210649
	180.6238807609353
	182.1066575373367
	183.8332437905365
	186.4248056312784
	189.238364415229
	191.5330652165093
	193.0368083054783
	194.1065081395929
	194.5504959600172
	194.1298127876512
	194.2895787239479
	193.6576973330724
	192.7949332410554
	191.7561255981979
	192.3681390077087
	194.4226056109877
	196.0958305227345
	197.5266772554987
	198.5320621738953
	198.8256641687094
	198.4234769884653
	198.5655732244684
	198.6459278893099
	198.0424890269242
	197.1337830445642
	194.4749862522099
	192.6917599855226
	191.2223454184866
	189.6451172307461
	187.9066796998418
	185.9663269966991
	183.860271808543
	181.89949538804
	183.1610046581172
	184.9105465034941
	187.8070446713919
	190.322832473698
	192.163839772645
	194.4623632938101
	194.4102051648292
	193.5398582398841
	193.7644881434222
	193.2351154219882
	192.3606636056698
	191.5703221924055
	195.9067326102284
	198.3504210319726
	197.3024556422257
	196.2185495454829
	187.9697108391962
	186.6093030256937
	189.1261014489821
	191.805848099632
	191.6103012124571
	190.5719536766039
	194.8436849525932
	197.7182663087786
	197.2682760209893
	197.4935988510517
	197.0690122911364
	196.037522848819
	194.7748192208247
	193.2821562570849
	191.4906689650677
	189.9772777453387
	188.4622424433599
	186.6858565627967
	184.7252773386704
	183.0949762274094
	183.4909282776383
	184.4679753957448
	187.2428001349568
	190.248020852468
	192.4629593287295
	194.1654142376792
	195.2306684704614
	195.3485565303264
	194.4737241090027
	194.3108343561535
	193.7356300167289
	193.021938107953
	191.6580310880062
	189.8387475674081
	188.8741659489701
	191.5616746502138
	193.9110569889053
	198.7320339076325
	204.0790854610459
	205.2711383748953
	198.7096442161723
	205.5179015124101
	207.0834529235356
	198.4200720672764
	197.8090252349306
	196.8781224422186
	195.4787170724984
	193.6908232671314
	191.9585335287858
	190.4767369250991
	188.6975315615012
	186.6343404827598
	184.477013359987
	184.1713614845582
	184.4755281316887
	186.9603565766452
	189.4747535372914
	191.2856370099675
	192.8116391411959
	193.6274438109217
	193.5005111615766
	192.6360408105412
	192.7828050789077
	192.1556766577946
	191.41855700831
	190.1689997025755
	188.5512928786668
	187.9811857182752
	190.6260033418287
	192.8903916132739
	194.5575598495174
	196.1257973834529
	196.9356970439503
	197.0454865912072
	196.3966137175675
	196.8760950280277
	196.5475901890431
	195.8536296785114
	194.8546750261919
	193.3907830435948
	191.6230992030232
	189.9231473909381
	188.4043825169425
	186.6515424347994
	184.6221655230207
	182.7272121683805
	182.7868563465915
	183.811157484354
	186.7447523571952
	189.2738811168221
	194.2315089099553
	194.372259582792
	189.8604641964378
	190.9251211633856
	193.346247959237
	197.9256145771895
	197.1888160572258
	197.3102932966195
	195.7582106085266
	194.1731195260906
	190.5467613169389
	188.854883290164
	186.9704011342957
	182.9993596104822
	183.3181639861548
	185.6095300146764
	188.3766059821621
	190.6585465522545
	192.6412097317228
	194.4002395406852
	193.9450214146983
	193.3875211678748
	193.2685055193926
	191.8838907171393
	188.6194422510658
	190.0520779997946
	192.5122132672183
	194.6838483153537
	196.3732872293574
	197.1970809445622
	197.1931327553164
	196.3984846218272
	196.7879514658719
	196.4495091306707
	195.9339181556954
	194.7495378731667
	193.1067787538195
	191.1822629988044
	189.4041952967731
	185.8055706428509
	183.9558337080136
	181.8674915677078
	183.5794634285675
	185.720140734164
	191.0396347978988
	192.808770786448
	194.190998630125
	194.9151978697017
	194.8730361945555
	193.9809475053965
	194.2336384292379
	193.7158693645757
	192.7681356615376
	191.5465456405735
	189.8926965419748
	187.9665882228792
	190.3485620727716
	193.0139158166383
	195.3885060157528
	197.1615434543956
	198.2027601733612
	198.5582923584027
	198.1139732175905
	197.5470436807327
	197.4363498027514
	196.6962590894153
	194.0664714925907
	192.2163554235395
	190.1633348478364
	187.9418246702055
	186.0908773218986
	183.9683623161691
	182.4658823130196
	183.5101813670259
	184.3541382718552
	186.2583566216055
	188.8303695716375
	190.8258399288667
	192.1901869311445
	193.2410013620556
	193.399340352594
	192.7802150159642
	193.2124522634361
	192.9363427420183
	192.2237775266964
	191.2108079003788
	189.7026361542719
	189.6978355367742
	191.5864667486699
	193.1361764503081
	194.1972363624608
	194.7595840190778
	195.3207823493006
	195.355395592782
	195.1991910560523
	195.6358775942739
	195.6141605532297
	195.144108081799
	194.3263251423024
	193.2587945099562
	192.6918145146201
	191.932996338294
	190.7650380684784
	189.3205870768095
	188.5196316388532
	187.6023081700274
	186.3023765405557
	184.8456270257241
	185.0565659606804
	188.2447601629795
	190.9745075528659
	193.0069679486857
	194.5855385999099
	195.456513442986
	195.2996567159291
	194.4290222499731
	194.5411401632151
	193.8469625967407
	192.90188088275
	191.8451882023222
	194.1763458148045
	196.3503805047735
	198.1573594216858
	199.6566312767049
	200.8724995846291
	201.5117066583608
	201.451610207687
	200.675747150923
	200.8774508210942
	200.5313242986043
	199.6214358957481
	198.6847898708117
	197.2611753691737
	193.5024049318417
	192.014110726381
	188.3285706477062
	186.2332511073299
	184.0145204550662
	184.4470401795288
	185.4057071050346
	188.3083465492114
	190.6793844260057
	192.3563877646151
	194.3882260974982
	194.0368914743795
	193.5815246213039
	193.566211224985
	192.8411418892973
	191.8887383224958
	190.487287359879
	191.9863517269626
	194.0306409337526
	195.6374548888589
	197.1242095463593
	198.0174068822315
	198.1933116088723
	197.6947739744063
	197.8769173465295
	197.769333385281
	197.0199981007958
	196.0167004609445
	194.7464287159728
	193.1229393799869
	191.2744535924651
	189.6364338548314
	188.0501862712558
	186.2493962928421
	184.2298543519839
	183.436210987004
	184.5626867598309
	186.4496845549235
	189.4844493620528
	191.9434878707789
	193.7604027871892
	195.0847079595839
	195.8532052212831
	194.8189275596247
	194.9452068981056
	194.3740809836165
	193.4526003172634
	190.5701178383659
	189.6664726471562
	193.7258423603851
	196.478382182883
	197.0133227311817
	197.0766422191555
	196.7993001299158
	195.0335004967366
	193.8028367598807
	192.2884047528233
	189.1835827765446
	187.6847709772365
	186.3053971155947
	189.1344619094453
	191.6393393574184
	193.6046489259949
	195.3848394329721
	196.4555246659934
	196.1364145622547
	195.6796394442644
	195.4289194240217
	194.79233680564
	192.2643913076307
	193.9482486760405
	195.9367715691253
	197.4888378785124
	198.7945144354505
	199.7101909208133
	199.8729473142287
	199.3088995281018
	199.7963517688789
	199.6257112258859
	198.8094204370185
	197.8422128486606
	196.5295855470664
	194.8499539737679
	193.0721817474931
	191.6354652555679
	189.928103768574
	188.0509086838282
	185.9874511751358
	183.7934797984675
	182.7403922707118
	187.141316646812
	189.811878616164
	191.9605240903711
	193.6745026485038
	194.9639438033671
	195.510840783529
	195.2396004891457
	194.7682316270359
	194.8052035900689
	194.1078018289704
	193.3325644740971
	192.018391814779
	192.2550649699698
	194.6638936843649
	196.5386191157352
	197.9263240354205
	199.0439315390264
	199.4588766573913
	199.0344225285177
	198.9884705957561
	198.9099219177615
	198.1855600435896
	197.1419332093778
	195.8558527516367
	194.1527478073954
	192.2670251253461
	190.8632324665236
	189.1632865404725
	187.1962448768126
	185.1003929706525
	182.863166808566
	184.3371785689795
	186.3085618878089
	189.1708617885015
	191.7501423154021
	193.7807816024178
	195.3762498405511
	196.5552442615082
	197.0624892344349
	196.7348123871315
	196.2038689364791
	196.2288389064904
	194.52143640138
	193.293321264155
	192.9649570623182
	195.0083831338437
	196.4502511752151
	198.422978473637
	197.9218719889432
	197.5906679574725
	196.5742112183261
	193.8729688095604
	190.4104993031371
	188.7886936080045
	186.8865994539252
	184.8023926875921
	182.567784499973
	183.6829987121355
	185.2046445002404
	187.7957914345561
	190.338196703187
	192.4879867748531
	194.1408366615837
	196.0921121656144
	196.2506275419943
	195.6974082585151
	195.8230478115313
	195.6538584628011
	194.9079315921873
	193.6868439769347
	192.3252983964718
	191.6007296520652
	195.6272604013259
	197.0742438351129
	197.8439365383364
	197.8394714582586
	197.3807981948082
	197.7307849743576
	197.2302632744227
	196.4131359541041
	195.251175731218
	193.6320848024982
	191.7278107616518
	190.3173719629026
	188.6495043675978
	186.7898029901826
	184.6847507355846
	182.9591286911699
	184.540543988313
	186.8187663593822
	189.441440809585
	191.9026053587014
	193.9624306580282
	195.81577190057
	197.2117840329252
	197.9896263752888
	197.995146685458
	197.6633393505675
	197.2607918619002
	196.5799577146326
	192.1881471589635
	194.2147972089303
	197.7194883929358
	197.2577242397161
	197.3272009983447
	196.2176453710767
	194.8917469740902
	193.1665792467587
	191.1973414982201
	189.5198244978341
	187.8052291151227
	185.9161958443518
	183.9519113650214
	183.231580677052
	184.9300071665611
	189.7130187912907
	193.8242217365181
	195.6437234155923
	195.9537051667778
	195.4827387751582
	195.4551934775139
	195.2577907662275
	194.4778256153061
	193.2029461546123
	191.8280670683546
	190.2028654523773
	188.3515124701082
	190.525557001061
	192.6811635621999
	194.2889706767602
	195.6644863064462
	196.3555153821993
	195.5642171145207
	195.2654023545255
	194.3716183500626
	193.2078624783132
	191.6429188079846
	189.7827000443233
	187.9574866552747
	184.4353843914536
	184.0259912625177
	185.6532851388834
	188.2234276308284
	190.9189580407916
	193.2655657083068
	195.1724935582659
	196.8606033622354
	197.962595640084
	198.2422501056403
	197.7314443770634
	197.3377173504691
	196.5616562636627
	189.5969112658318
	194.9486666182917
	195.3022673976685
	195.7354172851696
	195.3299916695013
	193.2048456435376
	191.6730994546009
	189.8511083369361
	188.3222383238026
	186.687357322602
	184.8492216548196
	183.2588599917156
	184.362313788233
	186.84462859351
	189.2460865311807
	191.3238724882052
	192.9770929274033
	194.9484513385062
	195.2315815496927
	194.8163531400288
	194.903646850513
	194.7998668215636
	194.1243330091938
	193.0022499504148
	191.8550232288316
	190.3567624849842
	188.6365248064079
	191.0409215608735
	193.5484390185823
	195.5060838281844
	197.0206959358973
	198.0347225839409
	198.1054376936817
	197.3283570532527
	197.6052002355362
	196.4998992933314
	193.7294496454007
	191.778041171374
	189.9821842253602
	188.2674329787227
	186.2709386003905
	184.3086174730214
	184.6795684154322
	186.7859949857043
	191.7729578452134
	193.687352633742
	195.1984018281542
	196.438661680576
	196.9806356506877
	196.7341871271999
	196.3108531394732
	196.4366076114727
	195.9201497246636
	194.9056340144789
	193.7840288076078
	192.221224745719
	190.3716907961423
	188.9034448091775
	191.5373926794848
	193.7769589217782
	195.8029950383475
	197.1718680834278
	197.6560473943849
	197.3378059095903
	196.8042849957205
	196.8552812819748
	196.4160109961872
	194.1879226726165
	192.3685334821793
	190.3062074914002
	188.4807475616498
	186.6688673463318
	184.7275951432563
	182.7013373304842
	183.67493480698
	185.8556336008356
	188.5286521400064
	190.9069858219536
	194.5537548408604
	195.6477050118181
	196.0253134871915
	195.5797871834734
	195.5776753042603
	195.0285486085102
	194.1714239801174
	192.7924459915718
	191.0749293394663
	189.1306882201945
	187.5961503272484
	189.7696719606663
	192.0120785851681
	193.613472933153
	194.9953212658508
	195.6951400117848
	195.6650409522807
	195.2903604414047
	195.6540590166298
	194.3582453790423
	193.2640412469977
	189.933659484718
	186.8340765896185
	185.0281682159919
	182.9550496206022
	183.6073786586938
	185.8537945880148
	188.6382828838094
	191.0452054603796
	192.80508897699
	194.3713557316859
	193.9563657759741
	192.1160384280035
	190.4453309997845
	188.5005386204733
	187.0986702111049
	189.9407126719987
	192.3374289014524
	194.4286883569839
	196.0888001600436
	196.9628258771001
	196.9234849409027
	196.3385515203742
	196.6319074439612
	196.2925743624891
	195.7402451297515
	194.551691047169
	192.8981704627386
	190.9597093181693
	189.2409686800251
	187.5025170737607
	185.6050801580492
	183.652687873222
	182.380179909562
	184.2515756522014
	187.1811333986688
	189.7703585488989
	191.7154729214273
	192.8383416422246
	193.762528949338
	193.839960060608
	193.0868617774758
	193.4227491726573
	192.9816826631642
	191.9070985559729
	190.7505610195443
	189.1330705771277
	187.2281496260005
	186.6868343716445
	189.5421375699182
	192.0502126900209
	196.2372214299084
	197.4006395112166
	197.7164596797083
	197.2493309935911
	196.8315058946861
	196.7226678132137
	196.3119204303031
	195.4016393698429
	193.9560833708048
	192.1505887178131
	190.1253052954159
	188.1189180604128
	186.3442646394558
	184.2592499159394
	183.6711788662231
	184.2194783879679
	186.2885974164469
	189.1352690999251
	191.4494200618526
	193.2523068698571
	194.5755075630034
	194.9178464025335
	194.4040257768889
	194.1554558975144
	193.9715609549754
	192.2736119224793
	190.7282989961651
	188.841492825751
	186.8017923392181
	189.0740964863159
	191.5923838251228
	193.6048173234151
	194.9301774702421
	195.9499055052836
	196.4333030816702
	196.1543654744796
	196.0960722478349
	196.2018714881362
	195.5699640852226
	194.4737436178669
	193.2691518452891
	191.6756286722747
	189.8383232057439
	188.4038819602794
	186.7993424702362
	184.9461946527041
	183.4179180822565
	183.5173126801267
	184.9313595267435
	187.8920827115284
	190.3352765338619
	192.1785095905344
	193.7342169248618
	194.4750741453834
	193.7702941492877
	192.4358179831467
	187.487742143328
	188.1462632925479
	195.2109977300546
	196.8519893503793
	197.9015233150795
	197.2223249794808
	197.525050335646
	197.2472165725426
	196.4274184813968
	195.4036387674053
	193.8707996191472
	192.005520126532
	190.287894147852
	188.6770587770069
	186.8738514611013
	184.7737015665232
	182.8815144187583
	183.8160888884687
	186.7903875345614
	189.5051277571683
	191.6637458976996
	193.4086899982728
	194.6069725059337
	194.8392278654452
	194.192254938696
	194.2071235722225
	193.8914239235874
	193.3457907637842
	192.2848246610864
	190.711776157309
	186.8450432170563
	187.7869283609256
	192.922124904769
	196.7162312335798
	197.577027532573
	197.7226223733896
	197.3469014361723
	197.0967023368167
	196.5310802387323
	195.5219877284583
	194.0488770673009
	192.2485014105002
	190.389254352853
	188.9079464882585
	185.0726721866423
	183.5392908982814
	186.0715578877483
	188.9271412423698
	191.3354040808485
	193.4556766580943
	195.041978632601
	195.6010496436301
	194.7001744836903
	194.8592092534737
	193.6664254102917
	192.3669947574485
	190.6558676023521
	188.6907333259566
	186.5769297400877
	188.7456487716291
	191.204527120055
	193.2006008205634
	194.986558806834
	196.2292721111218
	196.6660840211106
	196.1596984263102
	195.6053843809849
	191.1821449497872
	188.0602781383017
	184.6114203346598
	187.3409809662667
	191.9023786741427
	193.3405801342156
	195.2923812253293
	195.1815894268241
	194.6196586612427
	194.8306324617126
	194.3065754019791
	193.4406227756027
	190.771530561782
	187.0790848345229
	188.5155183508052
	193.2978472918321
	195.0828112724723
	196.5767266324036
	197.3306422754462
	197.3958296011238
	196.6930739889329
	197.0547022544036
	196.7633327890048
	196.0549424734841
	195.0528543733458
	193.5692205889413
	191.767410945874
	189.9511386271397
	188.4328638201906
	186.6772340633044
	184.85425609814
	186.6963847596758
	189.5238008860527
	192.0161480756717
	193.9224668436532
	195.2628053617699
	196.2880787800083
	196.5642877169107
	195.9741372028958
	195.8141042946506
	195.6026966872103
	194.6806764963792
	193.5141794917313
	192.0394963231013
	190.2347213219869
	188.2178286974794
	186.6955394888064
	187.7936554341821
	190.4900165412309
	192.8114557696544
	194.9301122601501
	196.5071142697016
	197.3100624508628
	197.3918377212399
	196.6899271772733
	197.0659427798685
	196.7349251890749
	196.2871323084055
	195.2441095244606
	194.6359325982231
	194.0311246560818
	195.3505594049895
	188.4943118753451
	186.7063489888004
	184.6814450550276
	185.4406391481706
	188.3496263588543
	190.8925906603
	192.8250217905464
	194.059789943124
	195.1090601652992
	195.3847204249855
	194.8102267609231
	194.8396725025337
	194.6174361014781
	193.7043770501938
	192.3630171896125
	190.9290295876705
	189.1288174923056
	187.3875505397253
	185.9916210428906
	188.7054716093261
	191.2106881026483
	193.2829643750834
	194.9784851210701
	196.2275515950226
	196.6928698574863
	196.4598102218265
	196.130522709593
	196.31540763973
	195.751201901085
	194.9594350677364
	193.7598134960537
	192.1570483022072
	190.2971124082794
	188.6520436136173
	187.0635875398657
	185.1937838436133
	185.0496363430749
	187.9750308252089
	190.6147799223892
	192.6742349964439
	193.9050866552023
	194.9354441807162
	195.1874829217655
	194.5629466534684
	194.768851924419
	194.5133411645865
	193.5752844185741
	192.5393543089631
	190.9788394117674
	189.0860089059464
	187.450976014638
	185.8079970017026
	186.3567610157538
	189.0870084368022
	191.5908086459615
	193.560847473854
	195.0715255596232
	196.1600721169198
	196.4521429329823
	196.0442146700957
	196.0657119357384
	195.2899668326975
	191.3430691407915
	189.5185466990317
	186.4360201305715
	184.521725144531
	184.5849660977893
	187.6233061425835
	190.1955749749387
	192.1930178403868
	193.8353994468238
	194.7286861668212
	193.8570966554302
	194.1224368237879
	193.6146395204039
	192.9398255720799
	191.6904065853434
	189.9800969224743
	187.9926740342978
	186.1977645485369
	187.1688923769324
	189.8980993444762
	192.3980575420843
	194.4314834082835
	196.3216529968048
	197.5340212163351
	197.9178154648875
	197.5441509898118
	197.576395453576
	197.5579503813619
	197.0528571890182
	196.2346841340383
	194.8380213352475
	193.05057420332
	191.0986848071481
	187.7331045702036
	185.6663256844332
	184.425516873316
	187.3392770843316
	189.8638443613092
	191.7752194114592
	193.072368022819
	193.914395052029
	193.9474593899246
	193.1719071293069
	193.3404941817445
	192.9103219562361
	191.8255123450197
	190.563405824635
	188.9393853279444
	187.0317952178609
	185.9338361493869
	188.7287202663188
	191.4507176559507
	193.8043822493698
	195.4355132271713
	197.4425156003506
	197.2875846538381
	196.9782387985125
	197.1731290750051
	196.5158904400004
	195.6452900762393
	194.3272014748483
	192.5770345873286
	190.6200117806714
	189.1304456126834
	187.3327651267191
	185.3291958769908
	184.8358940528891
	185.5635518264544
	186.4452827984031
	188.9942424427331
	190.9678469647241
	192.5090183877966
	193.5316121059216
	193.6950720485977
	193.0844028391309
	193.1919368007964
	192.9292588305156
	192.1760258578671
	191.1516163214037
	189.641683435778
	187.8178049193186
	185.8392823988006
	186.5453372630544
	189.3553610884066
	191.8102553635697
	193.7970326748132
	195.5632974383763
	196.4678432013038
	196.4844691905886
	196.0763952986041
	196.2355128582323
	195.755014151774
	194.6131613779642
	192.9820939356624
	191.0523203907313
	189.5130902250988
	187.8658918984598
	186.2128590160653
	184.2412162725045
	184.2684182871942
	186.9768759830187
	189.7687601210183
	191.9904517643561
	193.3969343721519
	194.6987991550728
	194.1136182282743
	193.9181589365126
	193.640388830862
	192.6474667653767
	191.4994872799312
	189.9495186331235
	188.0765814655853
	186.0854383271246
	184.466572766181
	185.9133775677624
	193.690261317993
	195.4377484128752
	196.3613601207838
	196.3516029497804
	195.876275795384
	195.559130505058
	193.7858488376633
	192.0740229049516
	190.0684709731471
	188.3274420622449
	186.5383029112303
	184.6020169740447
	183.1783500171344
	185.7447019499285
	188.4741265321293
	190.7910219983191
	192.8295835116635
	194.3232968955204
	194.9495502183021
	194.7340877626233
	194.1423195947261
	194.3511750339551
	193.892329414028
	193.2597487383325
	192.0020469400831
	190.3179505357073
	188.3705815659383
	186.5562115753524
	185.2944034336842
	188.2742259403802
	190.8643846184246
	192.9233970126838
	194.7606137035845
	195.8522903953759
	196.0067199841999
	195.3116108163617
	195.7633670525598
	195.4414098966091
	194.9880103782611
	193.9134022945834
	190.4231335024585
	188.6515291882771
	186.9644475386421
	185.1323466968979
	183.1442265631082
	183.4044696937635
	184.9629064838476
	190.103180040476
	191.9198661475062
	193.4551579916776
	193.1876685518195
	192.2353094418634
	187.6212024586634
	185.7355625336233
	187.1580532692496
	192.5632124897145
	194.5322610020286
	196.1142312537462
	196.8416428275021
	196.6273502872161
	196.0668220910501
	196.1964458949238
	195.5968109587113
	193.5131966561374
	191.7284877791905
	189.6727434991685
	188.0437908906089
	186.1728099357665
	184.0662975091039
	182.1334539648857
	184.0611095725713
	186.829928987768
	189.341447415609
	191.2953055293852
	193.1229386309
	194.1677893176695
	194.3639888277233
	193.7856386899053
	193.6682155266858
	193.3754980136815
	192.9282951995636
	191.8770904128098
	190.3317988380032
	188.4645986888478
	186.4032874533624
	186.4492929591729
	189.5997990448886
	192.3116132866673
	194.3917469037224
	196.1499866251352
	197.338174431567
	197.5642173493108
	196.9206813525838
	197.0993343858756
	196.7837588630212
	196.2407931633145
	195.2098411448865
	193.6673439211502
	191.8011610189862
	189.8897307673024
	188.2314097781125
	186.2360839977786
	184.2081078439294
	186.3763066620397
	189.1070993870912
	191.273667155135
	192.5325264339457
	193.4611659550548
	193.5552433623059
	193.199633606305
	192.7188992016411
	191.6153175103667
	190.3814900294337
	188.6669038368026
	186.6618596803189
	185.4740192185421
	190.5772930019043
	193.11764550249
	195.0784045570273
	196.8610413516307
	197.9790299229331
	198.15493172946
	197.4662804324034
	197.5230740844865
	197.1931776510687
	196.7254119312175
	195.630138722853
	194.0274503046996
	192.1074917766806
	190.0491445742081
	188.3347351480443
	186.469156487032
	184.6258525872837
	185.2007278280085
	185.4403413546332
	187.8887945659399
	190.2527140085436
	192.067119127583
	193.4477389475224
	193.9015216530108
	193.3976061040767
	193.1971891080634
	193.0074576232097
	192.3881048293026
	191.3390781225424
	189.7950896342013
	187.3759217802601
	192.8706623286133
	194.9661181344454
	196.8480814712084
	198.0044540910926
	198.2357113392145
	197.670325183944
	197.6422774831219
	197.3864183162956
	196.8539964787531
	195.7948209395538
	190.1716467064801
	188.4542263854039
	186.4649194985722
	184.4549495587995
	183.6168339851526
	184.7066731488175
	187.7926455684241
	190.3803881323896
	192.2973219893108
	193.9483946208835
	194.8145968963358
	194.7143426330586
	193.7734158225139
	193.9287995953303
	193.3386418719655
	192.5703868230165
	191.2957315012608
	189.5685880306555
	187.5641802861833
	185.9880524066689
	188.9861657226921
	191.6556842694684
	193.8716998813946
	195.7563376882113
	197.068397097735
	197.4790484574373
	197.0988726776968
	197.1014312511294
	197.0315950586125
	196.5182156751152
	195.6381296860577
	194.1978159346447
	192.3898286310913
	190.3644932871711
	186.9027383588893
	184.8489761478937
	184.1016475485749
	184.8892203995771
	185.0359191726467
	187.8453899106013
	190.151586139263
	191.7616579921289
	193.169468265661
	193.685344908741
	193.3328129603641
	192.8863255317187
	192.885100072614
	192.1825624799859
	191.3226571767406
	189.9903550421303
	188.2848056255686
	186.9083508039818
	189.8451617305695
	192.4510907361297
	194.6087518267941
	196.2748118062294
	197.5318370703341
	197.9060085496282
	197.5238351117417
	197.4749775900824
	196.6849470275285
	195.8279847606903
	194.410105169435
	192.6203811062431
	190.6771114981814
	189.1091882549744
	187.3096223828451
	185.2364818080234
	182.9879009037075
	183.234554468708
	185.6927788451622
	188.5256241021117
	190.9870269146056
	192.7834644405895
	194.2486341999115
	195.0486481347371
	195.0205259937325
	194.2415414120546
	194.3955170051907
	193.8768631827849
	192.8752659135568
	191.6394139238374
	189.9660503697092
	188.0115042203129
	189.8022019031947
	192.4159348765607
	194.6052008383167
	196.2016431051495
	197.5164401030852
	197.9419797642743
	197.5789542790606
	197.4810863613174
	197.4953627062032
	196.7601216520755
	195.957162921136
	194.5703425219293
	192.7954879713606
	190.8347997498488
	189.3032702799657
	187.4743385335881
	185.4417923164496
	183.3117079003766
	188.3038193341239
	190.6194089137106
	192.2279756345036
	193.0034793408346
	193.6035366441672
	193.1283398170733
	191.5652866323803
	190.2624184978149
	188.6707737513473
	188.6629252503052
	191.4663708251138
	195.617468779362
	197.1327633326132
	197.7547805577376
	197.2620257734133
	197.5117250149866
	196.948522832028
	196.1410111072016
	194.8765978270071
	193.1607516667368
	191.171159194544
	189.6386758043539
	187.8710535687486
	185.8608134007579
	183.7558601273641
	184.7054500897976
	187.6428463842377
	190.4348147265087
	192.7992735259295
	194.636152633554
	196.0950737214133
	196.3063114162592
	195.8964809451185
	195.9035330138271
	192.7358939303662
	190.8217112864953
	188.6702897926013
	187.0523871405053
	191.65051514458
	193.8073646377385
	195.7882577471785
	197.0950030948354
	197.5717736592765
	197.3049219763185
	197.0408259356894
	197.1544634675313
	196.6339444688557
	195.9258404442923
	194.635334238575
	192.9454364709036
	191.0062515118843
	189.3204702540914
	187.6307556639426
	185.67372112896
	187.1251366023261
	189.7400710833875
	193.3925468347868
	194.8476480356696
	194.2262237546128
	194.115400253999
	193.3168085538619
	192.3465677147026
	190.952184173925
	189.2193713597828
	189.7821802307356
	197.5213214869734
	198.0788131776132
	197.8569317904851
	197.7558877644611
	197.8905639545799
	197.2144438226664
	196.3138306428361
	191.4394573704775
	189.9460323246116
	188.1834936780977
	186.1831981250929
	183.9334736324276
	184.8381902532651
	187.7115174264416
	190.3374048869668
	192.4216804007447
	193.7799983980368
	194.9941059497316
	195.2025986723566
	194.9322489227957
	194.212026887367
	193.1859259159103
	191.8754264980803
	190.1988711487653
	188.7929186608348
	191.5179856776097
	193.918064743141
	195.6662121807476
	197.2631352601237
	198.0601044349154
	198.0911996156928
	197.5134326344983
	197.9895445226405
	195.7041409716217
	194.0677965253067
	192.1184348366931
	190.5346661598899
	188.8568673784341
	184.7899064315569
	184.8950946451242
	187.6853658128898
	190.3836174169537
	194.1504844285317
	195.5438865546189
	196.1802562150757
	195.4839257542995
	195.5965786396767
	194.9480965486886
	194.0589701350677
	192.7788869108116
	191.1161466671408
	189.2047048147005
	187.4506524574632
	187.5773025900698
	190.2131875970186
	192.4962210832994
	194.1071515252136
	195.5314691763747
	196.1709772082723
	195.9907873976047
	196.0049849557109
	196.2509040872023
	195.7139762779745
	192.0559972396632
	190.2756491392556
	188.8760261167741
	187.1528446685747
	185.1842952076945
	187.0512673155627
	189.7873666229849
	192.0899947101458
	193.7292840239309
	194.9692812304214
	195.7725182931564
	195.7807147972111
	195.0458968619286
	194.7802947367486
	193.7999366827524
	192.6290436342163
	191.0391704939964
	189.1872851233803
	187.0947023334833
	190.1137663412691
	192.8199769197338
	194.9626504928087
	197.7962546321559
	197.2622527000252
	196.9299552283008
	196.0009236989861
	193.3167989068342
	189.5861749504052
	187.9798611094459
	186.0661089578151
	183.9538247031463
	186.3125150596046
	189.0004192448922
	191.3063407481546
	193.0015365491303
	194.3845096985136
	195.2781816068766
	195.3881445157616
	194.6999322941467
	194.9060221629287
	194.4906648976807
	193.6421888265882
	192.5356588368363
	190.9853593999308
	189.1442308551104
	195.8608202824072
	197.7407152604975
	197.3037796002789
	197.3733644488414
	196.8545473879471
	196.0880540509531
	190.9148925064952
	187.5022669087564
	187.8794026699092
	194.2401467222759
	195.2881257818303
	195.3126250275493
	195.0980051623437
	194.3075155667903
	193.3274043907695
	188.0702955954155
	189.9276106083808
	194.3813096829968
	197.0192492410734
	197.1648631370697
	194.8921574180083
	193.3230250338633
	191.4528756535532
	189.7531892113855
	188.100259873723
	186.2256537026064
	184.3514681010434
	186.112991010127
	188.7781291899156
	191.028873392373
	194.0265962023481
	194.865301766725
	194.9321874738282
	194.2402999786813
	194.2147983055286
	193.8813149987029
	192.9969426720951
	192.00337485168
	190.6130455634189
	188.9180209919559
	187.0393672045316
	185.5153417750552
	188.3315429374637
	190.9633306656177
	193.2133048600815
	195.1656555696815
	196.5553319725566
	197.0911237995784
	196.8704649933657
	196.5667020079163
	196.2104519147801
	194.1523430908981
	192.4046832051063
	190.4161115075828
	188.9061649577678
	187.1219703169691
	185.0830994798842
	184.2275078937791
	186.8798121496644
	189.3287957460399
	191.3593075139268
	192.8558482605939
	194.1516644116668
	194.8464323021227
	194.7857611738349
	194.2539762295268
	193.873772562217
	192.9458714784033
	191.7881029594053
	190.3677806012716
	188.6491219568062
	186.7488141250244
	186.6624701813739
	189.6577079805699
	192.2429956010553
	194.3070977414893
	195.7509003062947
	196.8205679323007
	196.9835220740181
	196.376007139526
	196.4350317358692
	196.1170543718907
	195.1844103588257
	194.0860281004721
	192.485354778744
	190.5583902695387
	188.6661208380163
	186.9552124862717
	184.985051848344
	183.9512305647631
	186.4368634105842
	189.064793314627
	191.3157985409405
	192.9791869129268
	194.0682422683292
	194.9633997228165
	195.0959248155314
	194.4706219253649
	194.7101364502354
	194.4364851616763
	193.5684634568084
	192.3683675541565
	191.0163538360291
	189.3408381973618
	187.1115003803463
	189.9918378808474
	192.3081565102984
	193.9705361966501
	195.1263883016028
	195.5281339055577
	192.4514614310879
	187.2154304636506
	185.3201465913096
	184.1704027014501
	184.5913013616999
	187.2565999262025
	189.8920244715413
	192.092585945591
	194.7277826489979
	195.3697680618615
	194.696220645605
	194.9829619219879
	194.5032906760611
	193.4362033787692
	192.1460820461906
	190.6363472192077
	188.8626196246826
	189.420362552697
	192.4034765520597
	194.7454630418873
	196.7723172821644
	198.1460961293641
	198.6301634660974
	198.0920507918497
	197.7193803654885
	197.434980510793
	196.9977508203247
	195.8667181090053
	194.2181384654533
	192.1841611115419
	189.9353993255471
	182.4119032954198
	186.6358381988901
	189.2353323755177
	191.5023197050291
	193.3632220826616
	194.990581358823
	196.1680784647978
	195.6322057119575
	195.7242734526185
	195.4547211094414
	194.8640360695002
	193.8807881223033
	192.4433251483848
	190.660725752545
	188.6526718857736
	188.8481208057574
	191.4522416531181
	196.4630503681713
	196.5351110742538
	195.6727103565181
	195.1438007910653
	193.9954550501296
	192.3806392585169
	190.4824897191264
	188.4426192173966
	186.7400208673911
	183.046960876534
	182.0382942553397
	183.7202649837339
	186.7258634982257
	189.429270550996
	191.542193185198
	192.8950093669132
	193.6881683582883
	194.1402431006663
	193.6928658682926
	193.8844981106544
	192.8085434688873
	191.6114435089239
	190.185786509
	188.4276540198852
	186.6395371568116
	191.2758702497409
	193.4489207983137
	195.3526118181844
	196.5443624163776
	196.8778316506027
	196.401616667905
	196.1011400448915
	195.9499328002062
	195.6002787168644
	194.6871560532339
	193.2442238693914
	191.4511515309518
	189.4480806846888
	187.4398877017463
	185.6216761200023
	183.6681240189837
	182.4465711818796
	183.9392834784848
	186.9050627093592
	189.6346425496268
	191.8123826760725
	193.3757569125809
	194.621609458317
	195.0418023436679
	194.6380624141386
	194.6074609346022
	194.5235492926497
	193.7509399205424
	192.8696646987777
	191.44296953478
	189.6573703926477
	187.7245096593329
	188.1841791794045
	190.8945461579824
	193.1413323338551
	194.7683115612484
	196.1631735763065
	196.6916931230402
	196.1284042333141
	196.173325598043
	195.5323781537482
	194.7977708393382
	193.4958331935115
	191.8143159931313
	189.9018298306875
	188.0886544760665
	186.3485873287214
	184.3587365986663
	182.2876343944832
	182.8141383106174
	185.3018986146195
	188.1243702655765
	190.6126231591811
	192.4307842213402
	194.1070785944911
	194.9615825831305
	194.9618114520585
	194.2785119961547
	194.5753293494998
	194.1149767667592
	193.5510445196083
	192.3390080864613
	190.6831127347786
	188.7513896647473
	188.7166282816933
	191.494311039149
	193.8396823051717
	195.600270980985
	197.1874537937254
	197.8807767927096
	197.690323977054
	197.0257834583051
	197.1768400956303
	195.9440945193612
	191.0279888440255
	187.3642442253808
	185.4038572121441
	183.3980645763529
	182.1410914723434
	183.5523884921846
	186.5342668489617
	189.1950243119722
	191.3587752327414
	193.1474745515283
	194.3817552881756
	194.7274240557942
	194.287460853584
	193.8113146097763
	193.6518563628086
	192.1025398402024
	190.6636650667366
	188.8910263536592
	188.8082018993071
	193.8366105784354
	195.6499786767869
	198.023226760669
	197.9240648582014
	197.1810376339895
	197.3971478705888
	196.9270225824709
	195.0973541997153
	193.4179688768019
	191.4673556922681
	187.6811807303117
	185.8455772755391
	183.951904465446
	182.3562842152489
	184.5381349505951
	187.3127438293428
	189.8048783410975
	191.7426117620724
	193.3108855727287
	194.3792267706035
	194.6839498806819
	194.2066518562924
	194.0564689860543
	193.8929614582975
	193.2723696541676
	192.3687590874751
