	-2.34796556746954e-08
	-1.327183669679826e-08
	-1.061313780144812e-07
	-9.113938873517303e-08
	-1.293833045856128e-07
	-2.884573474304628e-07
	-2.429230151763105e-07
	-1.495286275064447e-07
	-8.000860296727551e-08
	-4.664996140762273e-07
	-1.217726778216772e-07
	-5.575510907122035e-09
	-8.683775368063307e-09
	-2.417622554530408e-09
	-4.650013972136498e-08
	-4.525006086034487e-08
	-7.772410982643537e-08
	-3.155608735143391e-07
	-1.389538218545376e-07
	-1.348898155216205e-07
	-6.888204347836525e-08
	-1.840099076818852e-09
	-7.657742546680152e-08
	-2.159234982897779e-08
	-1.183551076833897e-07
	-1.160175873515014e-07
	-4.995934380892722e-07
	-5.061850118443267e-08
	-2.751554233932177e-09
	-1.048683173865285e-08
	-2.063271008503844e-09
	-1.181528262138572e-09
	-5.51590897745934e-10
	-9.120393633769693e-08
	-5.320622322838949e-07
	-3.122069142292611e-08
	-9.610871580542513e-08
	-3.206461108524927e-09
	-7.158279643795054e-07
	-6.923737870817439e-10
	-7.556625384181745e-09
	-2.095560164965625e-08
	-3.138224982318379e-07
	-1.406097527844441e-10
	-7.672499316675491e-08
	-6.024308909296688e-08
	-2.717879722201894e-11
	-4.087427951992947e-09
	-1.397037941917098e-09
	-2.278476491045503e-08
	-2.337687399290638e-07
	-1.253898937113952e-07
	-2.418717728340005e-09
	-8.397931997229074e-07
	-3.309328531706771e-07
	-4.558318141296649e-08
	-1.280861325770081e-05
	-1.19395032037996e-07
	-1.845328234215118e-08
	-6.803909239801742e-09
	-1.299505160365576e-05
	-6.710785448134261e-08
	-3.863190350588634e-08
	-1.090948694167369e-07
	-1.02756908199982e-09
	-2.673503169033559e-09
	-9.907247248595655e-08
	-2.037830282274621e-08
	-5.025663967884784e-08
	-6.285540685196356e-08
	-2.2933112060182e-10
	-0.0002237496407932152
	-1.45910683198606e-05
	-8.422061490782021e-08
	-7.650246773014264e-08
	-2.479925517614656e-09
	-2.284100720979022e-07
	-2.253387960957991e-08
	-4.872788655868388e-08
	-3.028976767526462e-08
	-3.706650794632823e-08
	-1.228780832394128e-07
	-1.597040005457179e-06
	-1.465059678810578e-07
	-2.864936337083472e-06
	-1.08922802243468e-06
	-1.598010176878179e-09
	-1.389410047491621e-09
	-2.727594907509827e-09
	-4.488128362178956e-10
	-4.421015594714961e-08
	-1.629399102335949e-08
	-1.068790349048124e-07
	-8.979635104227294e-09
	-2.487692300779281e-08
	-2.445030826905281e-07
	-1.738450824354433e-06
	-1.887645274360169e-05
	-3.666145418278981e-08
	-2.557781152499162e-05
	-1.542009633705343e-08
	-2.728504004802458e-06
	-6.515122017119369e-09
	-4.550193252131258e-05
	-4.247292526562383e-06
	-6.437743658190602e-10
	-2.505512652670482e-05
	-2.017479724122477e-07
	-1.83087028413599e-06
	-8.483317058710746e-07
	-2.937630529699136e-06
	-1.113714744950538e-05
	-9.982402525895491e-06
	-1.099736990010258e-05
	-1.328880454502752e-06
	-0.000193016997434359
	-8.923313255739329e-07
	-0.000125644521759804
	-6.992905210165514e-06
	-0.0002538238725265262
	-4.393991292592419e-06
	-8.036820043464298e-06
	-5.854270792134534e-06
	-1.091903241739902e-06
	-1.704915329512712e-06
	-1.845862706494934e-06
	-8.598673608924409e-08
	-5.835787687507048e-08
	-3.404089323436644e-05
	-2.933094488614743e-08
	-5.907008291594228e-05
	-3.439734053916556e-09
	-5.468772939932849e-08
	-1.518866528081938e-09
	-5.959380236606511e-09
	-1.138545595068779e-07
	-7.052684000734337e-09
	-1.696538769157734e-06
	-7.787904321657924e-09
	-7.513981225523789e-06
	-9.983627899080433e-07
	-9.125665275114755e-07
	-2.742890814959602e-06
	-2.061818450671828e-08
	-5.701861847053928e-07
	-2.392595893271799e-08
	-8.039014459187667e-08
	-1.010788115033895e-07
	-1.739669170050682e-09
	-8.377782933871756e-10
	-6.843550249213045e-10
	-1.869001854583875e-09
	-4.783757695178145e-09
	-9.283827646440378e-08
	-5.578286233246414e-08
	-2.358720909139451e-08
	-4.133304290534785e-05
	-5.341190042235549e-05
	-8.113791874500856e-08
	-7.543648585787341e-09
	-1.507238764739035e-08
	-4.784839382784486e-08
	-2.829080409572988e-08
	-5.16104608979926e-08
	-6.197451319226996e-08
	-9.228625333129068e-08
	-8.028221447073739e-08
	-1.132290021596538e-07
	-3.930577575914865e-07
	-5.696388757510184e-08
	-3.020131564190266e-08
	-1.841745189057921e-08
	-7.016266504956397e-09
	-1.054298651748547e-06
	-1.511258780487894e-07
	-4.665741452812394e-06
	-2.522669462477356e-09
	-1.644160715233603e-05
	-3.547384661169976e-05
	-0.0001343134636303581
	-0.0004220139290121476
	-0.0004155757945652036
	-7.143709318989788e-05
	-8.612128416232062e-09
	-1.356501391837422e-08
	-9.217637515221275e-05
	-3.179431904665285e-07
	-5.041284968449263e-06
	-5.412934878133976e-08
	-6.181633597419481e-08
	-2.256948813242956e-08
	-4.152429588464664e-08
	-1.440832018429577e-09
	-2.018939624406776e-11
	-1.342332212850441e-06
	-4.580050224343453e-06
	-1.384134016725371e-06
	-6.071370948674036e-07
	-2.051126072158069e-06
	-1.119631270792774e-05
	-7.111884683004934e-05
	-7.219816224391048e-07
	-1.489288865220088e-06
	-4.614683906901733e-05
	-6.032501853684135e-07
	-1.184038221101341e-06
	-0.0005204784404875715
	-3.246337442126419e-07
	-2.20653538230436e-06
	-1.291606531081631e-06
	-1.901170107196231e-06
	-1.935999651833119e-06
	-0.0002884529979449566
	-1.501815004129693e-06
	-1.020479370062973e-06
	-5.993649721159401e-09
	-8.139656508852076e-07
	-7.666041449870842e-09
	-1.071143534095757e-06
	-7.14147116536476e-09
	-7.215905332512658e-10
	-5.973377781160789e-08
	-2.880139982048269e-08
	-0.0003850291030521595
	-1.911038680740935e-12
	-1.361443557602614e-09
	-8.07261476837231e-08
	-3.195397709903411e-08
	-1.31809486615756e-07
	-3.365604362047085e-08
	-2.166875296523404e-08
	-2.565855631105099e-09
	-3.129413620961496e-09
	-1.052105809574003e-10
	-9.135392892120327e-10
	-1.220623349202983e-05
	-8.427769506003256e-10
	-2.673903496061067e-05
	-9.739940790588902e-08
	-6.13567265032565e-06
	-1.166323987985669e-08
	-1.642459509596763e-05
	-2.754554589640519e-05
	-2.469988530582434e-09
	-5.761168597403578e-09
	-1.03603246269811e-05
	-3.144409565202311e-06
	-0.000226164307295461
	-1.210213205404657e-07
	-9.59485493100351e-08
	-0.0001195811615721653
	-2.684294582684265e-06
	-1.522665878000974e-08
	-3.681411423600431e-09
	-1.134367996779125e-07
	-3.201939167082957e-07
	-7.871474684724241e-09
	-7.801070103189699e-08
	-9.674544915626584e-09
	-4.622262680388816e-07
	-5.571517936475419e-08
	-0.0003515622627968735
	-1.839242921597933e-07
	-1.249122419893147e-08
	-7.661162443753799e-07
	-2.147976758073813e-08
	-0.0004931226222803416
	-7.81135640700712e-07
	-5.341348238037314e-08
	-2.82986011573781e-08
	-2.353987170611155e-08
	-0.0006514726164243861
	-0.0001214376303043859
	-1.816662447225459e-07
	-1.61116165716794e-07
	-0.0005735313398146814
	-6.438178923202636e-08
	-0.0002606848942353807
	-0.0004055541031749153
	-1.402866646241711e-07
	-7.718659368831415e-08
	-7.027080559129229e-08
	-7.065880964495525e-07
	-1.648911813971605e-10
	-1.965020111485811e-08
	-8.192192307194104e-11
	-0.000142495274942137
	-0.0004202578722038133
	-0.0001035059856275023
	-0.0002222914911221686
	-0.0001620794643676068
	-4.513617989498884e-08
	-0.0003996640965271868
	-2.26573021406903e-05
	-5.117110371524614e-10
	-4.826998735950588e-08
	-0.000351914835750477
	-2.543561140253227e-07
	-5.871387233650551e-07
	-0.0001609835403706544
	-0.0002492117550583923
	-2.721919420934093e-07
	-1.404239372044824e-06
	-7.590736026373707e-05
	-5.927587115869881e-08
	-0.0003687961966017332
	-4.264032802013585e-08
	-7.809756374677284e-09
	-3.963828734523615e-07
	-4.584571687996432e-08
	-6.126551368459651e-08
	-1.73393177041345e-08
	-1.323100593621752e-07
	-8.411636091606045e-08
	-1.804040036269132e-07
	-3.08196941924334e-05
	-2.091221736534171e-07
	-4.719244334150678e-07
	-4.788439458913519e-09
	-2.073541549050199e-05
	-6.245286555608218e-05
	-0.0002522631839874038
	-2.833334276120302e-07
	-0.0007043878931783417
	-0.0003851437141485137
	-0.0001746811737789368
	-0.0006547175455729596
	-2.938507864951247e-08
	-0.0004664328272356464
	-0.0002379113209457122
	-0.0005230581155630386
	-1.382203174444182e-09
	-0.001070253531759799
	-1.404763798069551e-05
	-0.0002018398181441614
	-0.0004572919901997819
	-1.833059956317438e-08
	-0.0001781610977824827
	-3.944097435154854e-09
	-1.129957495914823e-08
	-3.835638539664554e-09
	-0.0003377498058359941
	-1.281573932330898e-07
	-1.195436895609941e-08
	-4.077749988206129e-08
	-1.483903064021086e-09
	-0.0002964439292411798
	-3.467025878555971e-09
	-4.217489691831122e-09
	-7.737410737999265e-07
	-0.0004114426340225704
	-6.177934768390885e-05
	-0.0001762212986923151
	-3.374622426247745e-05
	-0.0006124232248586457
	-0.001497160913196909
	-0.0007406177615115545
	-0.0003782742737203954
	-4.935683262522142e-09
	-0.0008276583472353839
	-0.0001429029732177451
	-2.991335200334308e-09
	-1.278875019833325e-06
	-0.0002010114347534131
	-0.0003545778150885418
	-0.0004936948900725678
	-5.413451159508885e-10
	-0.0009100736337807194
	-0.0004578626892262671
	-0.0009635983138458038
	-2.504574347321499e-09
	-0.001280552152668237
	-0.0002584200853311575
	-4.33280377801949e-05
	-3.058655554279658e-06
	-0.0003958864304204246
	-3.774518266511207e-07
	-6.988988526502089e-09
	-3.891590488468646e-06
	-1.031671795409026e-08
	-4.528875016319859e-07
	-1.736280852211321e-09
	-4.801170634609724e-05
	-2.044579398170552e-09
	-4.55569915906345e-07
	-9.027523265578982e-06
	-3.404760124181572e-05
	-1.368634238878177e-08
	-1.929412521114923e-10
	-7.786208466565784e-09
	-4.640136476965838e-09
	-2.651913734127244e-09
	-9.243812573159038e-08
	-7.391155901712615e-08
	-8.701182859673769e-09
	-2.873632012976699e-09
	-4.096996031919763e-09
	-1.601421191465094e-09
	-1.315966310261913e-09
	-7.793476880855201e-05
	-5.943176778991024e-10
	-4.09794524696164e-06
	-2.46201144525821e-07
	-4.701312253191206e-07
	-0.0001771740507173773
	-8.975402109447794e-10
	-3.275424843014766e-08
	-4.024273146996331e-09
	-5.398272712958165e-05
	-1.080142871168157e-09
	-1.26247517498437e-08
	-0.0002831211084596617
	-7.901399779375808e-10
	-1.373100573526324e-07
	-1.626046163048171e-08
	-1.856038646340074e-06
	-0.0001719946324166587
	-1.872480582851821e-08
	-0.0002281930130898985
	-1.801780224634859e-09
	-1.609831553610422e-05
	-1.008842711500336e-07
	-3.049122634580312e-06
	-2.214609845826729e-10
	-3.914322324516308e-08
	-0.000191464734107079
	-2.936400757099755e-08
	-1.007881959336099e-08
	-3.348926397641573e-10
	-7.042321426934642e-05
	-2.542583653742415e-09
	-8.447082051857087e-09
	-5.037950433638208e-09
	-0.0001880368360948374
	-1.893481632158002e-07
	-8.094130194182728e-11
	-3.35217752931389e-10
	-8.65450544945488e-10
	-1.515277600611505e-08
	-4.512159800379933e-07
	-1.244886531152218e-09
	-2.129232608239859e-05
	-7.324386830183072e-08
	-1.253200303413098e-09
	-8.341925613585732e-09
	-1.02208201876687e-10
	-4.66072609501609e-09
	-6.580539692528296e-09
	-1.497562241048622e-08
	-2.429311985877696e-08
	-1.924441548351724e-08
	-1.427668073114963e-06
	-5.600904920298762e-10
	-4.154169378091695e-10
	-3.044888633147977e-09
	-3.134069912047538e-08
	-8.449299892122761e-08
	-7.387797982343911e-06
	-3.526653993683796e-08
	-1.296300665495701e-07
	-2.900273749887933e-08
	-5.331668941786882e-05
	-2.355956743111614e-05
	-2.465019635197102e-09
	-0.0002676604583943024
	-4.929231475903259e-05
	-0.0006997678229541158
	-0.0009439914788974699
	-6.861339669326438e-11
	-0.0009474692045885217
	-5.729516572833341e-09
	-1.313111541991364e-09
	-6.439646258404079e-10
	-6.521353417164989e-10
	-6.398864955955212e-09
	-6.585115997211938e-09
	-7.238458820315187e-09
	-1.155080594368711e-08
	-9.000157309608692e-09
	-3.879093892695463e-09
	-0.0001208244543720485
	-0.0001322384129016649
	-5.403162884834503e-11
	-0.0002261003882798378
	-0.0003987262049751681
	-0.0006390153352753856
	-3.170449964193593e-09
	-0.0009291620161660579
	-1.75568306681889e-09
	-0.001029487560155065
	-2.447332624375873e-10
	-0.001066616568036662
	-6.286566082953945e-08
	-0.001108542670473809
	-0.000179672493774199
	-0.0005717281471423162
	-6.447698433390462e-09
	-0.0001935331440941365
	-4.030677397586705e-10
	-5.910540827248446e-05
	-7.793581144010153e-09
	-2.903359248874195e-06
	-1.992628061502699e-09
	-3.426884110683142e-09
	-1.337566694208619e-08
	-3.13192757463041e-08
	-8.195762030583981e-08
	-2.536421852115585e-05
	-1.699912419038575e-08
	-2.236230628562508e-07
	-2.281612571625298e-06
	-4.95652987870425e-07
	-5.98847292015342e-06
	-3.277554794699074e-05
	-1.414637149799833e-08
	-2.530368577755004e-05
	-1.034535561326884e-07
	-2.156156487828834e-05
	-3.199951060039364e-08
	-3.873239193973273e-05
	-7.379272338743748e-08
	-3.686013706250447e-08
	-2.64018066853816e-05
	-9.438348841372618e-10
	-4.877015045402481e-07
	-7.981016035780334e-08
	-3.40231338613333e-07
	-9.062144098526029e-08
	-2.225547940780709e-05
	-5.301220781303735e-08
	-0.0001593383902217284
	-2.367093678653896e-08
	-1.027576150913855e-08
	-3.436118815364652e-07
	-8.529321136442883e-10
	-5.144520216440919e-10
	-3.595660671984113e-10
	-3.422455031352316e-11
	-2.003466969866215e-09
	-1.496444499158055e-09
	-1.20411764025724e-08
	-5.81910023445521e-10
	-5.760837643937373e-11
	-0.0001105657266395235
	-8.95571969713129e-10
	-4.238894845498632e-08
	-1.772954859813887e-09
	-3.026221837791756e-05
	-6.544651688083889e-10
	-3.353985804383454e-09
	-3.523145858891043e-10
	-6.947431378337314e-07
	-0.0003556992595795072
	-3.048786808289249e-09
	-8.596375665332439e-09
	-8.635223739071946e-05
	-9.413106774899559e-10
	-8.27424798090796e-09
	-7.889754792405373e-10
	-8.799751567903172e-10
	-4.56829228529539e-10
	-4.396225936216456e-09
	-4.64212057503764e-09
	-2.189730742054309e-08
	-7.440290268488826e-06
	-6.177241155193537e-09
	-6.64044453279317e-05
	-6.493653015216373e-12
	-3.581437832069235e-09
	-5.068186953324352e-05
	-4.829250043701161e-11
	-1.352600608158842e-10
	-3.410332416713465e-10
	-3.278893245838519e-11
	-9.264492365434193e-10
	-0.0003284535245505701
	-1.073282174573366e-08
	-0.000118693696685812
	-3.627426436203409e-08
	-3.212373954429492e-09
	-1.6093863478523e-10
	-7.593055271898507e-10
	-1.969347554981687e-07
	-0.0001148431278244268
	-1.715868793463967e-09
	-0.0001291304679022382
	-4.0884383085751e-09
	-6.348414899185641e-09
	-5.132198536721053e-10
	-4.079954026929584e-07
	-2.537187995474243e-06
	-3.818281940323876e-05
	-0.0002957293850446054
	-0.0005190030174404703
	-1.57037651084878e-06
	-1.530887989528613e-07
	-1.869769191060994e-07
	-2.647551513941946e-06
	-9.014939277475645e-08
	-8.284725035106753e-08
	-1.311736778237159e-06
	-1.279694389544663e-09
	-2.388769515078614e-08
	-1.113772895916049e-09
	-3.3433236150832e-06
	-2.416414215690939e-07
	-4.024690237188844e-10
	-1.572793238208195e-07
	-9.44977296170868e-07
	-1.943813468505246e-10
	-7.855058042750477e-08
	-8.872817482898062e-09
	-1.676070512584997e-08
	-6.721319839926225e-08
	-6.47965641495564e-08
	-3.575504820491209e-09
	-4.742964042251022e-08
	-1.684460514623336e-09
	-2.17663423843315e-10
	-2.804760455348402e-09
	-7.716259476940514e-05
	-8.447458186361256e-10
	-4.187492882568237e-10
	-1.005617379415531e-08
	-2.285500240837072e-07
	-5.061623345450426e-08
	-4.145793814058534e-07
	-5.720765169235946e-05
	-1.022684576997346e-07
	-6.039157554583639e-09
	-1.835004521826965e-08
	-6.699644396850576e-05
	-3.037343552573911e-09
	-1.739478921685505e-05
	-1.818627067548758e-08
	-2.253990311353561e-09
	-8.528608507610492e-07
	-1.781868652465094e-09
	-4.537862567155909e-05
	-2.143933196792387e-09
	-2.730512391927295e-11
	-1.580973176326151e-09
	-1.853186340414149e-09
	-6.452950103594503e-08
	-3.989713868762046e-09
	-1.005840585684626e-08
	-7.533614674745441e-09
	-6.229524695215939e-05
	-2.928773196405681e-08
	-7.870528413478614e-08
	-5.038291780782692e-08
	-0.0001239566282545192
	-1.451575892869682e-08
	-3.755325377918876e-06
	-5.668726759642674e-05
	-0.0001115345846461159
	-0.0001259422475320399
	-1.396463143043834e-08
	-8.262277135634026e-05
	-2.086246260077155e-08
	-0.0002301906108659892
	-4.503170710623854e-10
	-1.068977925733038e-08
	-2.737908881651242e-09
	-4.069789703167188e-05
	-1.175529899796197e-09
	-8.138848116411744e-11
	-9.674759690845967e-08
	-9.1703594859003e-10
	-0.0002166749602907614
	-3.352302869514941e-09
	-3.557180708658828e-05
	-6.647019638737063e-09
	-3.323458877537812e-05
	-2.399895102984125e-10
	-7.226268396266569e-10
	-1.960008369106386e-10
	-1.949453970152988e-05
	-7.852938978353737e-09
	-1.106264230569339e-08
	-2.502820847671595e-07
	-3.289226112402381e-08
	-8.071126462786585e-08
	-5.228877410043133e-05
	-4.09716369638091e-10
	-4.436868219277579e-09
	-1.486807069750073e-09
	-9.977488739192456e-10
	-5.815686419830184e-06
	-1.06600481958075e-09
	-1.895115380382607e-09
	-1.036049209870104e-08
	-6.330833482595984e-05
	-5.712991673990746e-05
	-1.202102159301609e-05
	-2.412573843830902e-05
	-4.430466532012333e-09
	-4.644099250332859e-06
	-2.084024400604736e-08
	-1.609094137067655e-08
	-4.215334714102902e-08
	-1.337873335801267e-07
	-1.123806455472825e-07
	-3.863222403860032e-08
	-2.108791178752683e-09
	-2.923397063125484e-08
	-1.267717377806858e-09
	-2.034757737941149e-10
	-3.750621927116599e-06
	-2.96717135538416e-08
	-5.020991209848444e-05
	-5.80720605423641e-09
	-4.231578530577581e-09
	-6.157864036502462e-05
	-5.459095988925066e-09
	-4.236112212469551e-09
	-0.0007664621060725814
	-4.619146663711052e-10
	-0.002270972724709009
	-3.056915961765975e-12
	-0.0007847911409126913
	-1.956599041957927e-10
	-8.155988130965242e-11
	-1.596390779964846e-08
	-6.4476668443392e-06
	-8.259219337156418e-07
	-4.770488559016294e-07
	-6.841213746972463e-05
	-8.378526181832396e-07
	-8.190002271331985e-09
	-0.002399947580558304
	-6.467264767677871e-05
	-5.695417075470919e-08
	-0.001153973864630389
	-0.0002098097786030411
	-0.0003820041676566418
	-0.0004945246658782182
	-0.0005402062455887815
	-0.0002077519375601664
	-1.456963133581061e-06
	-0.0001625216494583582
	-0.000299466446475183
	-1.14521833854618e-05
	-5.470086491601965e-05
	-0.0004640986797236761
	-0.0002311614936932173
	-0.0001982512916772352
	-0.0001143661146287078
	-1.716629001466469e-05
	-0.0002107612530991921
	-7.394545579005958e-06
	-0.0003126622314727952
	-3.406737019847927e-06
	-4.528282910071598e-06
	-6.485066511662773e-06
	-1.335361624041166e-05
	-0.0001775783373724826
	-1.076516562586545e-10
	-7.857106358773638e-07
	-1.232492887177741e-10
	-1.136575455825042e-07
	-1.130125971229082e-08
	-2.575112026715765e-07
	-1.235498014477553e-10
	-6.087033547539077e-09
	-8.694191926546002e-10
	-9.206906314049791e-06
	-1.502570589162364e-06
	-3.388019916603421e-06
	-5.180393701238209e-09
	-2.13262074985727e-08
	-1.779528690804808e-08
	-1.963293366784458e-07
	-1.177953200489198e-07
	-1.61124478521468e-07
	-4.291870073715281e-11
	-1.068619151653545e-07
	-5.461504639466013e-07
	-7.160979581558473e-07
	-5.5704116928105e-05
	-4.538329800385809e-09
	-7.876850726671164e-08
	-0.0002791486912332565
	-4.297143023580204e-07
	-1.597569249871775e-10
	-4.514037955931162e-06
	-6.223150233466422e-09
	-9.954501536927314e-11
	-2.048435272508971e-09
	-2.228134186814337e-08
	-5.142758593929211e-07
	-1.069799661201098e-08
	-9.860102385124394e-09
	-1.769905866812708e-09
	-3.014612865788097e-06
	-0.0001120224530600799
	-1.458410505775957e-08
	-2.433656394807469e-09
	-3.322696924177175e-05
	-6.994637232460403e-10
	-4.87522820843658e-06
	-5.702780557255773e-06
	-2.410536785197779e-05
	-3.034314643284862e-09
	-1.619829969543325e-07
	-1.692534822813453e-05
	-6.879324196205007e-06
	-1.313522043703981e-08
	-2.041693475975362e-05
	-1.604528654685339e-07
	-7.107778353086323e-06
	-1.210441256089596e-10
	-2.521224689150573e-07
	-0.0004613017751628148
	-3.818136528788289e-10
	-0.0004572705756704209
	-0.0001679661538119325
	-2.37936949254617e-10
	-1.527089463247711e-05
	-2.57098580197898e-09
	-1.423929136224572e-08
	-2.776970109583356e-09
	-2.233824927618778e-06
	-5.281199692432812e-06
	-9.303269471879124e-06
	-3.156016454298987e-06
	-6.17996606917106e-06
	-1.110603874527749e-07
	-7.546786601535253e-07
	-1.035103905990876e-06
	-2.858881431875475e-09
	-9.515977787919227e-11
	-1.394857710141857e-09
	-0.0002174389788943528
	-5.111912164320258e-10
	-2.942942667125044e-11
	-0.0002059123640702738
	-8.393485401637132e-08
	-1.142499585023239e-08
	-7.549247941057781e-05
	-3.375983736384239e-06
	-3.720309796411855e-07
	-2.82909240887675e-06
	-1.28449375855544e-08
	-2.324393956004234e-08
	-1.892414393299007e-08
	-3.501438334813161e-06
	-1.649254046855705e-08
	-3.239328119257253e-06
	-3.31481928015044e-09
	-8.187904096369926e-06
	-1.45481128954587e-10
	-4.205632009009463e-06
	-4.916278199406478e-09
	-1.206883658711874e-08
	-8.391866466773893e-05
	-3.138824371810914e-08
	-8.359928627600186e-05
	-1.986045824609114e-08
	-0.0001721591236889444
	-7.903546643311266e-10
	-0.0001825557502920849
	-3.249775979881488e-09
	-3.731842791889375e-06
	-9.924208886205452e-06
	-1.816923333237054e-05
	-3.931331200409095e-05
	-2.527168023197101e-09
	-2.346731122733143e-06
	-9.986649044949769e-07
	-1.111733742131436e-09
	-5.39938491189767e-10
	-1.130454181595683e-09
	-1.212568832231073e-09
	-0.0003058169914615396
	-0.0002446163487231657
	-8.093391268183783e-07
	-6.58617195322662e-10
	-0.0002191797218448558
	-3.259919741183335e-08
	-1.876813181923685e-09
	-1.938618081415066e-05
	-0.0008732428991134742
	-3.600848995306192e-05
	-0.0003107524992920412
	-3.355464016800422e-05
	-6.207841020339568e-05
	-1.407685891133823e-07
	-7.579691938190012e-09
	-6.506737213990761e-07
	-0.0002673390887754773
	-2.51777178642629e-07
	-6.96678018515505e-08
	-1.326400827378053e-07
	-0.0001170752182838167
	-4.147017106338542e-08
	-2.593204302800631e-09
	-9.483931864940208e-08
	-1.574466556759785e-09
	-5.238991775340095e-08
	-1.504514540989556e-08
	-9.337560932650615e-05
	-6.698934948204946e-10
	-1.293675650017268e-09
	-2.490640043688407e-09
	-1.257127734592217e-05
	-9.953528333732708e-11
	-3.822916554582853e-09
	-4.016775761953624e-05
	-8.44535991679213e-08
	-2.102703060211907e-08
	-1.042635238192975e-07
	-3.510386805140775e-08
	-6.323906910275161e-08
	-2.608028158608539e-07
	-6.251821248307173e-09
	-7.754500788000875e-09
	-2.375817781256401e-09
	-9.326366717307278e-09
	-4.447293733011153e-09
	-1.202125786805521e-05
	-3.105285469784777e-09
	-0.000181214189285912
	-5.293085251634353e-05
	-8.315859549478117e-07
	-2.878551533286615e-08
	-5.435586657890956e-07
	-2.955348814458893e-08
	-1.353225275082237e-08
	-1.072347750937567e-10
	-5.117638211775045e-09
	-1.101857793387625e-08
	-2.300338572817587e-09
	-1.499894777992004e-10
	-2.878278563431625e-10
	-6.902988137603119e-10
	-7.546060342375319e-10
	-3.614044477036255e-08
	-1.953510420813045e-09
	-2.229421498362325e-08
	-1.307066689291178e-09
	-5.063341296537559e-05
	-7.87799279487895e-09
	-4.914438928184262e-09
	-1.790306185561648e-08
	-1.705553105590259e-08
	-9.221661151923799e-09
	-9.691687509300051e-09
	-4.685976292918326e-09
	-1.742219677394484e-10
	-4.247943760640094e-10
	-2.207421042101088e-11
	-1.025184797349425e-09
	-1.796559811788307e-09
	-7.117717526273674e-09
	-9.933909430183732e-10
	-9.509629387067966e-09
	-0.0001500843290752151
	-1.359758990683356e-07
	-2.24429866599903e-07
	-2.525730074085215e-08
	-4.527704772710606e-09
	-9.900965405196382e-05
	-1.691764806373194e-08
	-3.624449305460737e-08
	-1.616932890904266e-08
	-6.121944942630526e-09
	-7.802823381540159e-11
	-8.021343154877251e-09
	-4.717164132595707e-05
	-1.340502706679631e-07
	-7.641075536948862e-09
	-1.062911102997143e-05
	-4.590750970405424e-09
	-8.406232733302685e-07
	-7.905375387168636e-08
	-2.629367652365929e-08
	-2.138669912103157e-09
	-9.760355483810259e-10
	-8.915429839340333e-10
	-1.510559539256682e-07
	-1.560891242059964e-08
	-1.677838361664653e-06
	-1.923157091319567e-10
	-7.51065586391615e-09
	-4.246822870470322e-05
	-2.242593548170369e-07
	-0.0002694114091956819
	-4.013919125527776e-07
	-0.0004295823578430532
	-3.213061717961726e-07
	-0.0004911937253129752
	-1.296590125240615e-08
	-0.0005001395014055248
	-1.532465353779806e-08
	-0.0004580617099723896
	-7.878420318561784e-08
	-0.0004974594393433984
	-1.127979848733818e-10
	-0.0006424486476561073
	-5.069861502627599e-09
	-0.0008669573696339257
	-2.402900502877673e-08
	-0.0008175825353024934
	-5.449828618449542e-08
	-0.0003544523950742676
	-1.9346240638421e-05
	-8.773387150522423e-07
	-3.150318313751392e-08
	-2.645786809585362e-09
	-4.633212604013579e-05
	-6.521917045620632e-09
	-7.595043090259417e-10
	-1.669411120044253e-09
	-3.868658435851883e-10
	-1.659211114574788e-10
	-6.982546827909597e-08
	-6.797399590182012e-08
	-0.0001915582071249983
	-4.52547031060672e-09
	-2.307391608649498e-05
	-9.608272093816676e-08
	-6.057908698375704e-10
	-0.000247035965014258
	-6.431298272898497e-08
	-0.0002581475551322517
	-2.061017771223683e-10
	-2.563737626797217e-09
	-3.364735491514392e-05
	-8.694351283115716e-07
	-1.926061226300658e-07
	-1.218722852660566e-09
	-0.0001661972155886939
	-3.687619255853902e-09
	-7.147056349484746e-07
	-0.0009853628815426967
	-0.0001184121585364729
	-1.614950052372747e-06
	-0.001228281017387161
	-1.336129088444508e-08
	-2.061231966640806e-05
	-0.0008085418822368394
	-2.934340095538711e-06
	-1.693905735772575e-06
	-0.0003624692965696438
	-1.648196447842479e-07
	-2.995927193392598e-05
	-1.792362048075161e-06
	-5.171339314407967e-09
	-5.451823721768544e-09
	-1.699049523025314e-08
	-1.779918542567602e-08
	-2.107952638384189e-08
	-6.37166440685147e-08
	-2.329854579278884e-08
	-2.125785599151556e-09
	-9.943891065268351e-08
	-1.294428503932547e-05
	-3.585016135995094e-08
	-5.43650073002693e-09
	-9.326819326067057e-05
	-2.54525674566918e-06
	-4.349208784477383e-06
	-1.273901766620163e-11
	-1.101888796215657e-05
	-6.246234037559603e-05
	-0.0002199927962207444
	-1.729615879802967e-09
	-1.701698432043341e-09
	-0.0003836445581508057
	-8.362650002997433e-07
	-2.449017985606195e-08
	-2.394682532860061e-10
	-0.0003073476311737978
	-0.0002705511461573859
	-1.50339230639509e-05
	-9.524844865511086e-09
	-0.000184957108927301
	-1.511963411220414e-09
	-5.945741379134178e-12
	-6.310012347345248e-08
	-3.06521888203667e-11
	-0.0003535124430496868
	-2.486831763271087e-07
	-1.100124496797537e-08
	-1.788595442869196e-05
	-1.559616335046337e-06
	-2.718256420748746e-06
	-1.190677041383244e-09
	-3.25879741998825e-05
	-3.314947374507096e-08
	-1.9317484585283e-06
	-9.960858124208703e-11
	-1.180546302862744e-05
	-8.203753471584015e-06
	-4.621121021786909e-08
	-1.462195570661154e-09
	-2.171644035094416e-05
	-1.980443728013602e-05
	-8.151468047521824e-10
	-1.807308898813164e-09
	-0.0003334730667012376
	-0.0001272432600222154
	-1.389891341239726e-05
	-4.239574409401979e-09
	-1.789822841658587e-09
	-3.423473786185567e-05
	-2.317290225820418e-05
	-3.279240556765846e-05
	-0.0002413375259927023
	-0.0002118964059799357
	-2.696496086078238e-05
	-1.821799500237238e-05
	-5.916602068765456e-09
	-0.0002413079400557912
	-4.160251371831377e-09
	-8.033117096628013e-11
	-0.0001121805499151348
	-1.922404513941956e-09
	-4.596004486059436e-10
	-2.948730561648069e-11
	-1.875266174016818e-09
	-1.203077869869335e-08
	-3.722560930291436e-08
	-1.636341627575844e-07
	-2.157767858485626e-08
	-1.367468036432096e-08
	-1.073068145282223e-08
	-3.017627050408285e-12
	-1.204428172847078e-07
	-2.99801123149004e-09
	-5.26641133973439e-09
	-1.167839862367727e-07
	-2.224829604684153e-09
	-2.785226173499763e-11
	-1.598620946692659e-09
	-6.546504380765516e-06
	-3.881465444165553e-09
	-3.725055121807143e-11
	-7.970844814915857e-09
	-1.763222668752247e-09
	-7.037267123163567e-09
	-0.0001259344797010505
	-2.02912161673557e-09
	-1.235694993094841e-08
	-2.861869965859861e-10
	-3.717346783968167e-10
	-8.020042239442686e-06
	-4.034036681944013e-10
	-5.332456565447446e-06
	-1.464983126500877e-09
	-5.69788841846894e-06
	-1.705610358776287e-09
	-5.442066360735754e-10
	-1.417200546669858e-10
	-6.4035049853012e-07
	-2.463568528309056e-08
	-8.646997110071899e-08
	-8.244778532265413e-08
	-8.319961124931467e-08
	-7.120553605918504e-08
	-4.407652821340824e-08
	-9.415149652793828e-08
	-2.11612718987829e-06
	-1.46154645947606e-08
	-3.202803512964857e-10
	-1.712182844011336e-08
	-0.0006574166475052264
	-6.423933341095412e-09
	-0.0002716598581796077
	-1.967833861078908e-05
	-0.000115254713124888
	-1.92084729625495e-10
	-5.279078468522902e-10
	-7.098947688506314e-11
	-1.722422836438663e-09
	-8.507588824120164e-09
	-3.462880288539548e-09
	-5.925128945162038e-10
	-0.0001111797759529234
	-5.165078504120673e-10
	-6.523192708235554e-07
	-3.910737421091549e-08
	-8.967295200266484e-05
	-6.508406970545625e-08
	-9.000013913702448e-12
	-6.541722387057402e-09
	-5.588466384545846e-06
	-3.048391217073715e-08
	-0.0004106778078376672
	-8.375800416635647e-09
	-8.030568805904287e-10
	-6.724366483487591e-09
	-3.492689226645632e-07
	-9.235733464104559e-09
	-2.889263622029916e-10
	-2.097430725927241e-07
	-7.709083072100041e-09
	-2.737833788516375e-08
	-6.388348920524795e-08
	-1.9877190387391e-08
	-0.0001125136412488318
	-7.762148205053504e-09
	-1.004546522455397e-09
	-2.069553012200959e-09
	-6.138939701347848e-09
	-1.192731130752628e-08
	-2.499901293934237e-09
	-5.000957811415125e-07
	-1.984663878169531e-08
	-4.993764941200005e-08
	-1.420132666045234e-08
	-9.791592483405202e-09
	-2.144889576045798e-11
	-0.0001110101562454463
	-3.842333591091934e-05
	-1.261826041277187e-09
	-1.64658702669407e-10
	-9.506645254257877e-06
	-2.137429422272102e-06
	-0.0008921635096009146
	-6.80390474214611e-05
	-0.0001635488662161037
	-1.952828879130388e-07
	-2.16182689101347e-06
	-2.720618702872967e-06
	-0.0001886011689253064
	-0.0001176330696928681
	-3.963370198731968e-11
	-0.0004939593059376012
	-3.091205086634824e-09
	-0.001100267108690249
	-7.182167671992669e-10
	-0.0005116303288829445
	-1.216834681914238e-08
	-4.599202690059618e-09
	-0.0005488275441265117
	-9.981799613217769e-08
	-1.39063002168412e-09
	-3.397951735987842e-08
	-2.844918680553352e-09
	-3.315333689742154e-08
	-4.688031068990907e-08
	-1.184987381599068e-08
	-1.894694409198929e-08
	-3.880366944720931e-09
	-3.94825204195647e-08
	-2.393283251978184e-08
	-0.0009993001961828359
	-2.132858126791368e-08
	-0.000748376835149118
	-0.0005528367378129552
	-1.818620659476153e-08
	-6.049365977036614e-09
	-1.6314476828367e-08
	-8.601020754238986e-09
	-0.000123204395115514
	-6.802490166705365e-09
	-1.333223914678269e-10
	-9.68649789654791e-05
	-1.492890817820348e-11
	-1.791473096477435e-09
	-7.188462427944554e-09
	-0.0002210993171868829
	-0.00122079126918135
	-0.000378763353503155
	-0.0001258465645252798
	-0.0003583725698473718
	-2.695244789867227e-09
	-1.096235996179478e-05
	-1.383968417396556e-05
	-1.180523613029554e-07
	-9.1409246056971e-05
	-2.695793726273863e-09
	-3.881623114278038e-09
	-4.637222670625484e-08
	-2.119702253954772e-06
	-7.245060771186705e-08
	-0.000470015880487254
	-0.0004532445762058948
	-5.092485787631837e-05
	-6.288427169244484e-09
	-3.554505800174656e-09
	-3.103908174345838e-05
	-0.0004310695714127275
	-3.741054891662589e-05
	-1.159762121297518e-05
	-8.021721710747076e-05
	-2.394961739249766e-05
	-1.744733608616095e-05
	-3.618047624496192e-08
	-1.841057339078706e-09
	-5.291466473836934e-09
	-0.0001602777504488299
	-2.20331035924336e-08
	-9.08787260463974e-09
	-2.829367950379465e-05
	-3.357546696004267e-05
	-3.209761319321605e-05
	-0.0001787067941879177
	-1.240421356446288e-05
	-8.438108718563956e-06
	-1.480776540961509e-08
	-1.485350089088295e-06
	-3.142909473125531e-06
	-0.001849517372879933
	-0.0006651932191232903
	-6.746929930672746e-06
	-1.413578431821905e-05
	-6.068807084292824e-05
	-1.261445379033835e-05
	-7.386147036066252e-06
	-7.170072700109777e-06
	-3.631152768122667e-09
	-6.706591588311353e-05
	-1.083925968476457e-05
	-8.851686104914795e-06
	-1.307985666549016e-09
	-1.75954788597319e-05
	-1.931221494014039e-06
	-3.471104704582785e-07
	-0.000221808664910796
	-4.215252042680369e-06
	-2.354877661377708e-06
	-2.392523793831015e-08
	-7.447454233413211e-06
	-7.823428738311926e-08
	-3.414945077959422e-06
	-3.17384676090013e-05
	-5.344442032334466e-08
	-1.891153014397723e-07
	-1.166230147014754e-07
	-2.362292660776213e-08
	-1.335891366976122e-08
	-0.0001027220755439884
	-1.082170495792628e-08
	-9.784061014952417e-06
	-8.877062938849471e-05
	-7.678016141787679e-05
	-4.09474020274207e-07
	-0.0004722989820607039
	-4.838947147201051e-07
	-7.242512852612827e-09
	-4.464313067560571e-08
	-8.815030943773597e-08
	-7.315994882063246e-09
	-1.521770937422643e-08
	-1.630033849942863e-10
	-7.296850604780535e-07
	-6.980186457099954e-09
	-1.871845146144118e-08
	-2.116069659302674e-06
	-3.092636954148884e-09
	-4.379091623864551e-06
	-5.073798478941456e-05
	-3.213273761640432e-06
	-1.842376121782537e-06
	-4.266985567866495e-06
	-9.208474629612216e-05
	-3.64672221983422e-06
	-8.920494751430762e-06
	-4.906394371410963e-05
	-0.0001142937689314838
	-3.854912941933112e-07
	-5.729220511178196e-06
	-3.189645592431369e-06
	-3.706592667572751e-08
	-9.219412506445229e-06
	-4.22510514520331e-07
	-3.821529954883671e-08
	-3.371343384468551e-08
	-1.091733717797703e-08
	-4.080910697108401e-09
	-6.120432801764126e-09
	-6.045313518862642e-11
	-0.0002539240335152721
	-2.070855795997817e-05
	-3.125782959987805e-05
	-1.63730642214708e-08
	-3.551741825498695e-05
	-1.234734329394916e-09
	-0.00024561184466477
	-9.358180767605951e-09
	-5.641418898075738e-05
	-7.655554970315069e-10
	-3.253934686806857e-09
	-1.494098212603459e-08
	-2.151787962621686e-09
	-0.0001066806694667242
	-2.362895607976412e-08
	-2.7245624083367e-08
	-1.798614439036326e-08
	-1.330645168597116e-05
	-1.605948186032399e-11
	-4.330042955079092e-10
	-3.85985828420297e-11
	-3.234605599745384e-05
	-7.216108583091395e-06
	-2.05084314320262e-10
	-3.735697425686915e-08
	-3.315595603371005e-08
	-0.0001601216495735023
	-3.155477708306776e-06
	-1.907841262685737e-09
	-0.0002904005815097777
	-6.45900335818355e-06
	-2.272867918257279e-06
	-0.0002711564433320277
	-3.029134108780763e-06
	-5.396203966736011e-09
	-0.0001108931792414102
	-7.525445871548601e-09
	-2.595323053909004e-08
	-0.0001653393495436701
	-1.765507606233599e-05
	-1.02573961278195e-08
	-3.19434251339123e-08
	-0.0001540979949697603
	-4.612913198951219e-09
	-2.883458852397832e-08
	-3.066534741109673e-07
	-1.984779889395123e-05
	-1.971941390971089e-06
	-4.170125944184734e-07
	-4.303328601009269e-06
	-8.42803233709386e-05
	-2.467408243628162e-06
	-1.995176166834579e-06
	-2.215052212152593e-06
	-4.690913589318079e-06
	-1.75267275534116e-08
	-7.261466330238356e-10
	-5.111224882207448e-05
	-0.0001982698975448343
	-0.001123730310662136
	-5.481170810841874e-06
	-2.578459488371414e-06
	-0.0002530495597753729
	-1.044044355379118e-08
	-7.837273389293367e-10
	-7.697268137870948e-09
	-0.0005485559429197463
	-2.644050948792305e-10
	-0.0002664051674117644
	-6.701365325731289e-10
	-0.000656786710076968
	-1.098997462806368e-07
	-0.000437978784056479
	-5.413182518648226e-05
	-1.522322108706414e-08
	-2.375250745868282e-08
	-1.779095679058306e-08
	-4.145003979038056e-07
	-2.611198478062239e-06
	-3.330541367877281e-05
	-0.0002125390011831839
	-3.05733781428556e-09
	-0.0001992548583396697
	-1.40408844953074e-09
	-1.467981378941529e-09
	-5.13487225150995e-09
	-4.82301594780181e-05
	-4.692116551018162e-10
	-0.0001379942178402886
	-1.684785158610116e-10
	-2.756284610736995e-09
	-0.0004706559668636777
	-4.318389444820152e-05
	-4.95903126282812e-09
	-0.0003151198545358339
	-2.021810359152941e-09
	-0.0001112771818698394
	-0.0006402228299452141
	-2.854663008106161e-06
	-1.29141201721608e-08
	-0.000192023998033581
	-2.468650172153812e-09
	-2.883933627341069e-10
	-2.483039286118528e-09
	-3.757425751245242e-06
	-1.03123676387239e-06
	-8.514631635914075e-08
	-0.0006555444209679228
	-4.987578426052168e-08
	-8.421267309221278e-06
	-1.963600772700923e-05
	-2.119007079387618e-09
	-8.895089368610461e-10
	-1.90178502239623e-09
	-4.519313207069088e-07
	-3.112194601755281e-10
	-4.246505337486276e-09
	-2.279506900891024e-09
	-1.407150052714052e-08
	-4.664993178969924e-08
	-2.532028999926137e-08
	-9.677110071667088e-06
	-2.411135795547855e-08
	-9.444968143477492e-10
	-1.98069208387169e-08
	-2.739987000109704e-07
	-3.92063464659027e-09
	-2.905075857325038e-10
	-6.823080121233593e-05
	-5.000983139698469e-05
	-8.071037410280378e-06
	-0.0004011414734259838
	-0.0003118976509385229
	-0.0002389839619706601
	-0.0003165971911817354
	-0.0003108293624164985
	-0.0001671953019755771
	-3.694289332226021e-08
	-0.0003995832468490488
	-0.0001428179771074245
	-0.0006588720826857626
	-1.422315046787841e-05
	-4.81567403479899e-09
	-2.569719279745341e-08
	-0.0002630484410425688
	-1.973327729885546e-06
	-1.618171944527294e-08
	-3.321627271670548e-08
	-1.779895546584251e-06
	-0.0001362167082353703
	-1.736168792741909e-08
	-1.236352983533827e-05
	-1.808470738276366e-08
	-1.743072452294435e-08
	-2.943502232203231e-08
	-1.351361338161594e-08
	-3.098966005458178e-05
	-6.953533286160312e-09
	-3.245746844893349e-08
	-4.220338523136518e-09
	-0.0009819892603928281
	-5.142321047864113e-10
	-2.594814964784608e-10
	-6.464512311947815e-12
	-2.426261322375968e-06
	-5.593466351592781e-06
	-7.283302119016809e-10
	-8.500717172382443e-06
	-6.105989403129119e-09
	-3.494210194733757e-08
	-1.663603800538837e-06
	-3.24671735676817e-05
	-1.842924520098429e-05
	-1.517174283267103e-05
	-1.443779844789296e-10
	-9.512104384714107e-10
	-9.312381115903405e-11
	-2.956224132282203e-07
	-7.438189987204716e-06
	-1.380698580372631e-08
	-1.796353947149744e-09
	-2.390777506034819e-08
	-2.624259193425804e-08
	-4.769321076428269e-09
	-3.150010410252591e-08
	-5.299604820163609e-06
	-1.198471774950772e-05
	-2.022832017112244e-08
	-1.76113603347558e-08
	-5.285932818146771e-06
	-1.013114166286697e-07
	-2.837578732307298e-06
	-0.0001548791525671414
	-0.0004145254918916533
	-5.000139366075035e-06
	-3.944978120264472e-08
	-0.0002116936113494252
	-2.802808570491617e-06
	-0.0002633701990524701
	-1.974742473908399e-08
	-1.9863983631596e-10
	-1.109623288680688e-06
	-6.910945743699898e-06
	-2.870562768951063e-07
	-9.15647712227937e-06
	-2.039778628092959e-08
	-5.668047512217372e-07
	-5.825449908940438e-06
	-9.042407783535087e-07
	-3.368729699261022e-08
	-1.025232728688851e-07
	-6.750040297732936e-09
	-5.219609680631367e-05
	-0.0001067178184785281
	-6.336085836041102e-05
	-0.0007167590698088758
	-2.988139479977194e-08
	-0.001073634609619868
	-1.102368365087612e-05
	-0.001215835521994785
	-0.0001535183814150875
	-0.001091149805845825
	-5.14912842910833e-06
	-1.523194800648563e-08
	-0.0005230267647396737
	-3.093468079631388e-09
	-2.15138404610248e-09
	-1.087692684717166e-05
	-1.166506284544728e-08
	-4.612322277239225e-07
	-0.0002576087452004425
	-2.154755081783809e-08
	-7.424213097237531e-08
	-2.226061084370171e-09
	-3.938168297193798e-08
	-2.41710920335626e-05
	-1.113935954911519e-08
	-1.92406176644778e-07
	-0.0001983616871874415
	-1.939140948060969e-07
	-9.930519450190577e-07
	-8.804028033072455e-05
	-7.129668048380475e-09
	-1.566688473157117e-10
	-1.605570088025547e-09
	-5.800174816956801e-09
	-4.037562423188092e-05
	-1.363267582210605e-08
	-7.450111838794811e-08
	-4.712821228705529e-08
	-2.304263049101821e-07
	-5.969112899074285e-08
	-2.500235025155519e-09
	-5.723745569661697e-12
	-2.522067602978941e-07
	-7.757245630427872e-06
	-3.465808102746858e-08
	-1.14600630953681e-08
	-7.227522957335631e-08
	-3.883659100267282e-09
	-8.28551567333052e-08
	-3.685948199314817e-09
	-8.492797087852507e-06
	-6.623273762291433e-05
	-1.389222074183191e-08
	-3.828087834619496e-10
	-8.060197472469675e-09
	-3.09638400096228e-07
	-7.756513071320434e-10
	-7.819951257818555e-08
	-7.789992656622157e-09
	-1.493643788139716e-05
	-0.001249054219567807
	-1.406271407756474e-08
	-1.351631725128002e-08
	-1.117644188593908e-08
	-0.0003836525439702774
	-1.277339236462814e-08
	-5.214052788480587e-08
	-6.397038761855034e-09
	-4.470826392679223e-09
	-2.345331409795357e-08
	-0.0002638924190142061
	-4.625654470103482e-06
	-4.065101716568132e-09
	-1.952533883469253e-09
	-0.0002518396640891794
	-6.014528057882897e-10
	-8.737179938664374e-10
	-0.001038173025953234
	-5.219501322252151e-09
	-1.634811788120486e-08
	-4.35770532551606e-06
	-1.594398630363813e-07
	-2.118012678521647e-07
	-3.861438414524971e-08
	-6.547624966966212e-08
	-1.195556915187511e-06
	-1.550790796747214e-10
	-2.559407330517341e-06
	-2.992022639173708e-10
	-1.254433582842489e-06
	-4.576441440465956e-07
	-8.03181795878322e-09
	-2.200885571426287e-08
	-2.243465557045077e-07
	-1.239086230100896e-05
	-3.094137113219442e-07
	-0.0001471176012953002
	-1.910985448627021e-08
	-1.506991802317257e-05
	-1.165124136264808e-08
	-1.459931475797624e-08
	-5.742883358549561e-08
	-2.037534009722893e-05
	-2.370983699123574e-05
	-2.075222756107925e-05
	-5.927504553805478e-05
	-3.986795377429741e-05
	-9.730468199759974e-05
	-2.555826484153363e-06
	-9.396414235027688e-09
	-2.42467221648199e-07
	-0.000366836891366727
	-3.630551917547396e-08
	-3.478285983054827e-05
	-1.941136975635174e-09
	-1.612413556191517e-05
	-2.255274033386156e-05
	-1.217486630890452e-06
	-6.136755271501496e-09
	-1.23734419221237e-07
	-7.913854187537042e-09
	-3.077528269608661e-07
	-8.056390228211848e-08
	-3.407761010953404e-05
	-4.719003723609531e-05
	-2.287095181896583e-05
	-1.152381388753838e-05
	-4.296536819474857e-06
	-0.0003974299217037438
	-1.294054722868804e-10
	-8.42642898301555e-10
	-1.886311222992888e-10
	-3.369682239226702e-05
	-5.568540968000892e-07
	-2.664824774846714e-08
	-5.138327829339081e-08
	-1.046193895847567e-07
	-8.698104372257629e-09
	-2.667441275043403e-09
	-8.267233990361235e-08
	-2.178601186913369e-06
	-8.033756268244022e-06
	-2.605788620600737e-06
	-1.216060719508395e-05
	-2.387380134964023e-06
	-4.782933472034714e-05
	-0.0002017365800546905
	-0.0004148198083505883
	-0.0005013945469355543
	-5.757829298575663e-06
	-0.000383342281643805
	-3.316070439690137e-05
	-1.98705737356651e-05
	-7.379664826404496e-10
	-4.169157813204406e-05
	-3.151915628433854e-10
	-0.0001402392042324326
	-0.00025335072269746
	-2.229208448867495e-09
	-3.582394057792222e-05
	-2.726564591721452e-11
	-2.275682819583506e-08
	-3.802406158220161e-09
	-7.561190648769441e-09
	-6.607570585880138e-06
	-1.549375081673905e-08
	-1.028734543619759e-08
	-8.915909342525227e-09
	-2.136358785345314e-08
	-7.96608344763607e-10
	-1.703062729192615e-05
	-4.608087193648504e-09
	-1.084961037454138e-08
	-8.438063220928006e-06
	-2.250816514640903e-08
	-6.42785896308873e-08
	-4.390592408538579e-08
	-7.510909140514354e-06
	-2.305982459559948e-05
	-0.0004950302877039758
	-1.791843524116105e-05
	-2.129377031093961e-05
	-4.435478635361346e-07
	-1.702028332698137e-07
	-2.305387790074494e-05
	-4.974634765763259e-09
	-4.688320396931099e-05
	-4.313824975771931e-08
	-7.55534031475472e-09
	-5.366097846812661e-10
	-3.628805455922205e-07
	-0.0002487965296522392
	-3.173783400650111e-08
	-9.669027230294706e-08
	-1.320757324477841e-07
	-0.0004641409669934207
	-9.378859731534682e-09
	-0.001171101270088406
	-2.150569256571406e-09
	-0.0006482614921077731
	-0.0004924503361417551
	-0.0008844713331671244
	-3.314655411059674e-08
	-1.957506375933097e-09
	-0.001419548766755874
	-7.79254829489804e-09
	-1.149008002947785e-09
	-0.001001350014037977
	-2.162684033898516e-09
	-7.684065440400514e-06
	-4.059947463344368e-05
	-0.0006806778449890968
	-0.0001162916895918922
	-2.043917354050957e-05
	-0.0009260349713693795
	-2.796652070141872e-08
	-3.204516892436612e-05
	-1.448745746435854e-05
	-0.000329672294178698
	-4.773631675117274e-09
	-4.566060195226068e-05
	-0.001510311872022822
	-5.391279281204829e-05
	-1.367230578352126e-08
	-5.026584589573545e-08
	-1.150008814234003e-09
	-1.571622557152142e-05
	-7.624626296616527e-07
	-3.728711057170186e-06
	-7.46621835105439e-05
	-4.278562464337651e-09
	-1.946553243879245e-05
	-5.252101990605216e-06
	-2.274832293721907e-05
	-8.828865928537319e-07
	-3.076262757679177e-10
	-0.0007058825790073266
	-4.98339120300196e-06
	-3.236753832345985e-10
	-0.0001706775073826756
	-8.92293765824785e-09
	-6.745442447952378e-11
	-1.253465343596728e-09
	-9.260077171567928e-09
	-1.466221873327141e-05
	-2.539133133957431e-09
	-4.598884515124271e-09
	-1.120174204639149e-07
	-7.883716779150846e-08
	-1.058435414767236e-10
	-0.0005669732394348174
	-0.001013937181030878
	-3.182707381752975e-05
	-6.161394161047858e-10
	-0.00037849352416464
	-1.689858497487505e-09
	-7.90370021719072e-09
	-2.381111768339752e-08
	-1.808535124588236e-06
	-1.864015635801475e-06
	-1.532029298007092e-05
	-2.187624756551358e-08
	-9.667592248635914e-08
	-3.246103413671242e-06
	-3.145853759149826e-06
	-4.476203257681683e-09
	-3.333427605252034e-08
	-2.906989724295852e-09
	-3.896777984162151e-10
	-1.958852863029032e-08
	-1.322420022011286e-11
	-8.30040469256986e-05
	-7.360271276008647e-11
	-0.000115584968720994
	-7.574857990984105e-07
	-7.777677813767599e-09
	-2.724079938033598e-08
	-7.963662734486107e-08
	-1.676525873335138e-07
	-2.545692948222198e-06
	-8.610832101641238e-06
	-6.377436813099487e-09
	-1.504611821473487e-05
	-4.788537221509768e-10
	-2.598916247480587e-09
	-0.0001205036173523174
	-1.462433865457341e-08
	-8.253774654751603e-07
	-2.666419991907779e-10
	-2.437640724701208e-08
	-1.075125690821313e-05
	-3.671521062490836e-08
	-1.691425171406491e-07
	-5.630403010393287e-05
	-4.133265601544347e-06
	-0.0003019971930899136
	-5.523075411031831e-06
	-1.299356634139973e-08
	-4.033447948985432e-07
	-4.366993113063826e-05
	-4.263398467654636e-07
	-1.836115295179727e-08
	-1.069309925398757e-08
	-3.12915507048511e-09
	-8.241719618942215e-09
	-2.198407896957379e-08
	-1.025880694789631e-08
	-2.783362657009164e-09
	-1.835911693161093e-05
	-2.597120910637927e-09
	-2.734929619323345e-09
	-1.020906860481349e-08
	-3.945755583048515e-09
	-8.615662549428596e-08
	-1.017551403313522e-08
	-1.658100916202466e-09
	-1.300950014599572e-08
	-5.876953699284052e-10
	-1.033760250341646e-06
	-3.344841441297571e-10
	-1.481853973237121e-08
	-8.313052944535783e-08
	-0.0002439897275917863
	-2.884898582539999e-06
	-3.676514149273967e-12
	-0.000102285824003134
	-0.0004925017894432127
	-1.585201780767769e-07
	-0.0008029321595922694
	-9.972310498545927e-05
	-0.0001398371384722107
	-1.238191774132836e-10
	-7.934580516788054e-08
	-1.103926690405297e-09
	-1.542451721696344e-10
	-5.034375771853683e-06
	-1.162023262593879e-05
	-5.478125797177512e-05
	-4.959430063597077e-09
	-1.607122142677362e-06
	-9.843501129081259e-06
	-1.064401202006916e-05
	-1.065075151385324e-05
	-1.637693970290771e-05
	-5.55087385070932e-09
	-4.519193591982788e-06
	-1.534424962779739e-05
	-8.323810397218473e-09
	-2.995590749314449e-09
	-1.621714716262013e-08
	-8.22072332913783e-09
	-1.86133770899372e-06
	-5.404467421959704e-10
	-1.643155393501569e-09
	-1.00530569204971e-06
	-1.479287062641093e-06
	-0.0001038071010246378
	-2.349606687296511e-05
	-0.0005472509366489161
	-8.926187033812115e-07
	-0.0009613321143356064
	-1.570205307887433e-09
	-0.0007304653444418347
	-0.0001597918263086159
	-1.406635732034484e-06
	-0.0002583594644042591
	-6.858633482837113e-09
	-0.0002693730599577183
	-1.412142408160915e-07
	-7.194621820051466e-05
	-2.057251841893369e-08
	-0.000272522774929215
	-6.779206672198772e-06
	-0.0008591041915349545
	-0.0001405277752237822
	-8.920648597975048e-09
	-0.0004109850245370904
	-0.0003019640736123687
	-0.0001424813673398899
	-0.0001954070853063763
	-1.873012662007181e-08
	-0.0003896366624380006
	-0.0003429831114277478
	-9.222593465551801e-09
	-2.114202756829529e-08
	-9.906316617114118e-09
	-5.952687475592555e-07
	-6.970895287032504e-09
	-1.716484386993081e-09
	-4.721614302340759e-08
	-2.686490690919664e-09
	-1.549451773192839e-09
	-1.054012300164876e-06
	-1.876328076598558e-07
	-1.72753554371746e-09
	-2.898012084518081e-05
	-5.495283687378286e-05
	-2.897640411725613e-07
	-3.016132309737963e-07
	-0.0001680472200280106
	-3.740941076062117e-08
	-2.08306630172333e-06
	-2.415965706005241e-08
	-5.9215483025344e-08
	-0.0001245315158661973
	-1.770608270319163e-10
	-3.581832552682099e-06
	-2.348229483473626e-05
	-5.556310655948332e-06
	-1.5505078105059e-10
	-2.363172095003331e-05
	-1.136126242788434e-05
	-1.277420555142611e-08
	-1.464358028823187e-08
	-1.39155401348471e-09
	-3.746862555285194e-05
	-2.091244594543965e-06
	-6.164196377178688e-07
	-2.475696768932859e-06
	-5.405208217239594e-05
	-1.0320739993818e-05
	-6.616160772318025e-06
	-3.615911860596978e-08
	-2.45401642431712e-05
	-4.007185412886588e-07
	-7.307725339301272e-09
	-5.714742470181783e-09
	-9.045225544476806e-06
	-6.753555584825472e-06
	-1.500059409792228e-06
	-6.099103902225005e-06
	-1.232919576774532e-06
	-4.652732551917114e-10
	-1.95891419636216e-06
