	0.01888163681119942
	0.009012110345750588
	0.004807919038761386
	0.002790132390639347
	0.001754027630936992
	0.00118246265889188
	0.0008448542813277759
	0.0006335206647342338
	0.0004920038556544742
	0.0003930649207898899
	0.0003223587023838935
	0.0002704425964847503
	0.0002314595696415193
	0.0002016973250803041
	0.0001785631064172356
	0.0001603496760527396
	0.0001458372940395819
	0.0001340501597170274
	0.0001239317360368822
	0.0001151386476682638
	0.0001065940020516633
	9.921616801569488e-05
	9.324748718805232e-05
	8.827623756546243e-05
	8.443230494314645e-05
	8.109472874006647e-05
	7.800590209311558e-05
	7.512228792122183e-05
	7.245042016599393e-05
	7.000499199715943e-05
	6.776620175180881e-05
	6.573341434438557e-05
	6.390754251854343e-05
	6.225832906153078e-05
	6.074915302945679e-05
	5.934639529128148e-05
	5.804001024407074e-05
	5.680887301048324e-05
	5.564132538237788e-05
	5.457120236201363e-05
	5.361109871348717e-05
	5.274683520690782e-05
	5.19551143417339e-05
	5.121139343021012e-05
	5.048388850358518e-05
	4.979917337750596e-05
	4.918528195884182e-05
	4.862501575848077e-05
	4.809150475490189e-05
	4.759554177221693e-05
	4.70647446932149e-05
	4.651923153712918e-05
	4.59847426080875e-05
	4.545087838511496e-05
	4.495123903047217e-05
	4.44836837950034e-05
	4.405171533983459e-05
	4.363513608206562e-05
	4.324624237051702e-05
	4.289832270125817e-05
	4.254264529615736e-05
	4.215226876389239e-05
	4.17366973987132e-05
	4.12992349794772e-05
	4.08530389577782e-05
	4.040851861981751e-05
	3.998120865040404e-05
	3.956982946804607e-05
	3.917470397992986e-05
	3.879390383284065e-05
	3.843287438338946e-05
	3.808029839411666e-05
	3.773989021068079e-05
	3.741176378316162e-05
	3.7102186581601e-05
	3.679576210992485e-05
	3.648730116570141e-05
	3.617997962061819e-05
	3.587318771723375e-05
	3.555716858881717e-05
	3.524914708552549e-05
	3.494622422960996e-05
	3.467434350608255e-05
	3.443449566059762e-05
	3.421945521057948e-05
	3.399870051963941e-05
	3.375460461834082e-05
	3.348825570837529e-05
	3.320105487728005e-05
	3.290841655247224e-05
	3.261062031201171e-05
	3.23219751028766e-05
	3.203580462858308e-05
	3.176303316076345e-05
	3.150220529828953e-05
	3.125286270039963e-05
	3.100786178352203e-05
	3.076955577606811e-05
	3.054199937744328e-05
	3.033340997974058e-05
	3.014666323657776e-05
	2.997361489573928e-05
	2.982376790472894e-05
	2.968051220266467e-05
	2.953566576645259e-05
	2.938104031524732e-05
	2.921951609871451e-05
	2.906460051534012e-05
	2.890275407257658e-05
	2.872636488021849e-05
	2.854274907176676e-05
	2.835460013965461e-05
	2.817260064149926e-05
	2.798968569049997e-05
	2.780599745122038e-05
	2.761978831137422e-05
	2.742806979309415e-05
	2.723321026302518e-05
	2.704414813761757e-05
	2.685486525605361e-05
	2.665718640232766e-05
	2.645904919000302e-05
	2.625958002539797e-05
	2.606738526568938e-05
	2.588856047584521e-05
	2.571586097915389e-05
	2.554625180604428e-05
	2.5375774743032e-05
	2.521198099100146e-05
	2.505419249227604e-05
	2.489689557064384e-05
	2.474483240594463e-05
	2.46010048468334e-05
	2.446130616397673e-05
	2.432399704925963e-05
	2.419365366137061e-05
	2.406018637629379e-05
	2.392205910830287e-05
	2.378251766966591e-05
	2.36475790070359e-05
	2.350703672002231e-05
	2.336128482400973e-05
	2.321305574410142e-05
	2.306637381902616e-05
	2.292437127214458e-05
	2.278476190291038e-05
	2.264778185546937e-05
	2.251586618266086e-05
	2.239459342610579e-05
	2.227725856544798e-05
	2.216323894738207e-05
	2.204499575790784e-05
	2.192129072456832e-05
	2.179729659016741e-05
	2.167043659627291e-05
	2.154970852071576e-05
	2.143302770418991e-05
	2.132154628449024e-05
	2.121444463395191e-05
	2.111622272874877e-05
	2.102751506886959e-05
	2.094593444133913e-05
	2.08636111985303e-05
	2.078445555116868e-05
	2.069930690931114e-05
	2.06083639444367e-05
	2.051485658345263e-05
	2.041977218161772e-05
	2.031653323430068e-05
	2.021560595546738e-05
	2.011719794475928e-05
	2.002541348681301e-05
	1.994242095402338e-05
	1.987232476010094e-05
	1.981683158306137e-05
	1.976536354286663e-05
	1.97119202935162e-05
	1.965750120367278e-05
	1.960346269791886e-05
	1.954978368352752e-05
	1.949618791375304e-05
	1.944240836062032e-05
	1.939485970439628e-05
	1.934678214630335e-05
	1.930358250767642e-05
	1.926741386876848e-05
	1.923266149750012e-05
	1.919787593564897e-05
	1.916827704098005e-05
	1.913464175108981e-05
	1.90953760164203e-05
	1.905149634840216e-05
	1.900332658825905e-05
	1.89495832084704e-05
	1.888341563652986e-05
	1.880919415368293e-05
	1.873299328575416e-05
	1.865415555608669e-05
	1.858029612201638e-05
	1.850793993904642e-05
	1.843761097788804e-05
	1.836481590745345e-05
	1.829293532146058e-05
	1.822054376484241e-05
	1.814784290357878e-05
	1.807457279639917e-05
	1.801005404486896e-05
	1.795032210086904e-05
	1.789695308251174e-05
	1.785590715847109e-05
	1.782109912681584e-05
	1.77892170594566e-05
	1.776583893762172e-05
	1.774783548354056e-05
	1.772618272810096e-05
	1.769824613250423e-05
	1.766903503015294e-05
	1.763488278955712e-05
	1.759462910890505e-05
	1.755141433970482e-05
	1.751376799433252e-05
	1.747418693987539e-05
	1.743246261219355e-05
	1.738830736267651e-05
	1.734438505578029e-05
	1.730037530284025e-05
	1.725819510100961e-05
	1.721650200940481e-05
	1.717510194967226e-05
	1.713205912754426e-05
	1.709033635065626e-05
	1.705209687526388e-05
	1.701277391564554e-05
	1.697009550643894e-05
	1.692522222946082e-05
	1.687447921683892e-05
	1.682254214427763e-05
	1.676833475740572e-05
	1.671383977844668e-05
	1.665352329635023e-05
	1.658843949657082e-05
	1.652223335865717e-05
	1.645704250852794e-05
	1.639814359042673e-05
	1.63443399173628e-05
	1.629272751598273e-05
	1.624611256208943e-05
	1.619712735927792e-05
	1.614780866800207e-05
	1.609369600223387e-05
	1.603550690621972e-05
	1.597465384320515e-05
	1.59080220849683e-05
	1.584071601654645e-05
	1.577875498639237e-05
	1.572143526295534e-05
	1.567783819913882e-05
	1.564135144788903e-05
	1.560799987293675e-05
	1.556922109805186e-05
	1.552604966784168e-05
	1.548090793597621e-05
	1.543098213814612e-05
	1.537809201990395e-05
	1.531841253926858e-05
	1.525671865949957e-05
	1.519621056206766e-05
	1.514000871016687e-05
	1.508632349779262e-05
	1.50395860835403e-05
	1.50010361090536e-05
	1.497317489449589e-05
	1.495480758034951e-05
	1.49417204718677e-05
	1.492984605411574e-05
	1.491519783693404e-05
	1.489950973366712e-05
	1.489486384075372e-05
	1.489231420851319e-05
	1.489473078144316e-05
	1.48976206253078e-05
	1.49048199548849e-05
	1.491067477177803e-05
	1.491754574867794e-05
	1.492473508552068e-05
	1.4925905253968e-05
	1.492275359624974e-05
	1.491437935776421e-05
	1.490201380442028e-05
	1.488764729087233e-05
	1.487463342350234e-05
	1.48607888715799e-05
	1.484786027395203e-05
	1.483313664469279e-05
	1.482470819744306e-05
	1.482105019401938e-05
	1.481474807717903e-05
	1.479872779069661e-05
	1.476954900981665e-05
	1.472920371935184e-05
	1.468493486826296e-05
	1.463773465412973e-05
	1.459170627939999e-05
	1.454736802541098e-05
	1.450622082039408e-05
	1.44691058860387e-05
	1.443734697559463e-05
	1.4414393544175e-05
	1.439164054822687e-05
	1.436893213430009e-05
	1.433995801747067e-05
	1.430855580727767e-05
	1.427454554732884e-05
	1.423623480260825e-05
	1.419985618756364e-05
	1.416557340622547e-05
	1.413772577525917e-05
	1.41176604101247e-05
	1.410529930975578e-05
	1.409886328702504e-05
	1.409726078102553e-05
	1.409445333359761e-05
	1.409219322850204e-05
	1.408951938629315e-05
	1.409468723565559e-05
	1.410478150933321e-05
	1.411883847507729e-05
	1.413800267444625e-05
	1.416168495261753e-05
	1.418361704578292e-05
	1.420223136725502e-05
	1.421781199604336e-05
	1.422641598567289e-05
	1.423317385202088e-05
	1.423657725125099e-05
	1.423696449036037e-05
	1.424055234168169e-05
	1.42482900911879e-05
	1.4257490439476e-05
	1.427302084276601e-05
	1.428996798008826e-05
	1.431146626569073e-05
	1.433148724663273e-05
	1.435367397288883e-05
	1.437556590369784e-05
	1.440094439313874e-05
	1.442761206185501e-05
	1.445366123935426e-05
	1.446991153358431e-05
	1.447553998652831e-05
	1.447616733572818e-05
	1.446949329405053e-05
	1.445705066042755e-05
	1.444513273332818e-05
	1.443193946702716e-05
	1.442056388036291e-05
	1.440932181188579e-05
	1.439629945160557e-05
	1.438234767191487e-05
	1.436869997108166e-05
	1.435427229831011e-05
	1.434144802518303e-05
	1.433270259039884e-05
	1.432692489040052e-05
	1.432597192926956e-05
	1.432574768927615e-05
	1.4319755499471e-05
	1.430850013060275e-05
	1.429311514982341e-05
	1.427134952444577e-05
	1.42498725047106e-05
	1.422675432608042e-05
	1.419951475480453e-05
	1.416263889209271e-05
	1.412103966489962e-05
	1.407981924235505e-05
	1.403685064072961e-05
	1.399737347315341e-05
	1.396634743199721e-05
	1.394423128374849e-05
	1.392868490020697e-05
	1.391664797236352e-05
	1.389914070118276e-05
	1.3878195097738e-05
	1.385028373736464e-05
	1.382130874705368e-05
	1.379116080733743e-05
	1.37576094073391e-05
	1.372702419831418e-05
	1.370029656820059e-05
	1.368363461286439e-05
	1.367529928973243e-05
	1.367207926974106e-05
	1.367445954843189e-05
	1.36815566878834e-05
	1.368786345210952e-05
	1.369083365153042e-05
	1.368957322745528e-05
	1.368498627016204e-05
	1.367729880195321e-05
	1.366977647574027e-05
	1.366538479188142e-05
	1.366018283590618e-05
	1.365584559177849e-05
	1.364854355672137e-05
	1.36388664423991e-05
	1.362780336409385e-05
	1.36159642720135e-05
	1.359841864253582e-05
	1.358189996130892e-05
	1.357057387779517e-05
	1.356117363439876e-05
	1.355230181862631e-05
	1.354414808841162e-05
	1.353285892562148e-05
	1.352485132579509e-05
	1.352071514839238e-05
	1.351694796349995e-05
	1.351402414890202e-05
	1.35146901893667e-05
	1.351735854656515e-05
	1.351514151602597e-05
	1.350863121746244e-05
	1.349119387912393e-05
	1.346599320200849e-05
	1.343495190716304e-05
	1.340369362494931e-05
	1.337046659381021e-05
	1.333180237986387e-05
	1.329406510280382e-05
	1.325258057389757e-05
	1.320965237678065e-05
	1.316893330698185e-05
	1.313402417989565e-05
	1.310923916046931e-05
	1.309072096007894e-05
	1.30705541869636e-05
	1.305229238639543e-05
	1.30345140964791e-05
	1.302104340787279e-05
	1.301217216574563e-05
	1.300360553575069e-05
	1.299576951086235e-05
	1.298777324149556e-05
	1.297905699730585e-05
	1.29642788182559e-05
	1.294311268026791e-05
	1.291935142436007e-05
	1.289528603836014e-05
	1.287349295065055e-05
	1.285358087805596e-05
	1.283441359603915e-05
	1.281823673797862e-05
	1.280334104221002e-05
	1.278864731735504e-05
	1.277301510508603e-05
	1.275561379680882e-05
	1.273691499507398e-05
	1.272139880459835e-05
	1.27079810209787e-05
	1.270196676496523e-05
	1.269904267372812e-05
	1.269855723644848e-05
	1.26972176736662e-05
	1.26949223574559e-05
	1.269232068716985e-05
	1.269286682139956e-05
	1.269613978853656e-05
	1.26968101564084e-05
	1.269147870446807e-05
	1.26756746689575e-05
	1.265266275681888e-05
	1.262734180751486e-05
	1.260351765315569e-05
	1.258226397387274e-05
	1.256485038266973e-05
	1.2549873659838e-05
	1.253359377640926e-05
	1.251901931329792e-05
	1.250620217546153e-05
	1.249604078221318e-05
	1.248722750943002e-05
	1.248272708999751e-05
	1.248356893104756e-05
	1.248842722866524e-05
	1.249766742063189e-05
	1.251000775707462e-05
	1.25254340573117e-05
	1.254205825023113e-05
	1.255811929409022e-05
	1.256617370687763e-05
	1.256866962833855e-05
	1.256376439222118e-05
	1.255545029697403e-05
	1.25480215167551e-05
	1.254204901118572e-05
	1.253735739166033e-05
	1.253592489388105e-05
	1.253574576060894e-05
	1.254161726379695e-05
	1.254988151088794e-05
	1.255511953460543e-05
	1.255775381577201e-05
	1.255334645493454e-05
	1.254370826291941e-05
	1.252830984236973e-05
	1.251138384024886e-05
	1.248975788790724e-05
	1.246623036370763e-05
	1.244079058029861e-05
	1.241769184554744e-05
	1.240086904634625e-05
	1.239163285328004e-05
	1.238607316843285e-05
	1.237657002685772e-05
	1.236470126163189e-05
	1.235397505023123e-05
	1.234321464265589e-05
	1.233430501589324e-05
	1.232967322610276e-05
	1.232668517841971e-05
	1.23277234064814e-05
	1.233238566289088e-05
	1.234008506999137e-05
	1.234795551566872e-05
	1.235519074819831e-05
	1.236072474176931e-05
	1.236177369979636e-05
	1.236101702405684e-05
	1.236001390913871e-05
	1.236339889991202e-05
	1.236615760371264e-05
	1.236666036470687e-05
	1.236938033721864e-05
	1.237575619880011e-05
	1.238540577146565e-05
	1.239697788606937e-05
	1.241066907893291e-05
	1.242480133262676e-05
	1.243883842352587e-05
	1.245242942777678e-05
	1.246904608450519e-05
	1.248391502637976e-05
	1.249964556404782e-05
	1.251000236238386e-05
	1.251553321840611e-05
	1.251839031142788e-05
	1.252255930623604e-05
	1.252353587330902e-05
	1.252348621058221e-05
	1.251527525383127e-05
	1.250494462410316e-05
	1.249053429202595e-05
	1.247332240276725e-05
	1.244987201314207e-05
	1.242164241354071e-05
	1.239085717846832e-05
	1.236546444851676e-05
	1.23422398526048e-05
	1.23235451510016e-05
	1.231108995270401e-05
	1.230607191486366e-05
	1.231107958056113e-05
	1.232182912806232e-05
	1.233142132185602e-05
	1.234404482204162e-05
	1.235602335402257e-05
	1.236810469278707e-05
	1.238389310604009e-05
	1.239711590514956e-05
	1.241050514304069e-05
	1.242330253691223e-05
	1.243464685451757e-05
	1.244649415339914e-05
	1.245532305583699e-05
	1.246138803970004e-05
	1.246468115254415e-05
	1.246418599516287e-05
	1.246398089964914e-05
	1.24651417712499e-05
	1.246772892183424e-05
	1.2469499186971e-05
	1.246852249113057e-05
	1.246632286075965e-05
	1.246184730060485e-05
	1.245699719851909e-05
	1.244749991778875e-05
	1.24298527072749e-05
	1.24034879460187e-05
	1.237153031887378e-05
	1.233546057849158e-05
	1.230055578384014e-05
	1.227274370292954e-05
	1.225033370405232e-05
	1.223328904830805e-05
	1.222032814339006e-05
	1.220825577223586e-05
	1.219190746978296e-05
	1.217208746407267e-05
	1.215230697418795e-05
	1.213008467397137e-05
	1.210790163927171e-05
	1.208353530128575e-05
	1.206285623233162e-05
	1.204444674788451e-05
	1.202970546876182e-05
	1.201724127183248e-05
	1.200601912137145e-05
	1.199313394037465e-05
	1.197576455822728e-05
	1.195780060826872e-05
	1.194136291470055e-05
	1.192317033712735e-05
	1.190262720398248e-05
	1.188130723120819e-05
	1.186023876473078e-05
	1.183888043547273e-05
	1.181631777115629e-05
	1.17924605496406e-05
	1.176431359012957e-05
	1.173124805570361e-05
	1.169509066878775e-05
	1.166051241285195e-05
	1.162867670655393e-05
	1.159748644596977e-05
	1.157145892305824e-05
	1.154992879847443e-05
	1.152751529814675e-05
	1.150448977826712e-05
	1.148375090651599e-05
	1.146915658063311e-05
	1.145719732321929e-05
	1.145504044573084e-05
	1.145700106312721e-05
	1.146283422431804e-05
	1.147351552872079e-05
	1.148463342142967e-05
	1.149769385822207e-05
	1.150786234678692e-05
	1.151520256665882e-05
	1.151774893672778e-05
	1.15168039534736e-05
	1.151306366055989e-05
	1.150532168200018e-05
	1.149572881401553e-05
	1.148587860888269e-05
	1.148056914147119e-05
	1.148186271309107e-05
	1.148579832247921e-05
	1.149400993407754e-05
	1.15043887527345e-05
	1.151778696183161e-05
	1.153167356012716e-05
	1.15474212974206e-05
	1.156489659908607e-05
	1.158209220904696e-05
	1.159156231527555e-05
	1.159703911646807e-05
	1.160264850991116e-05
	1.160996562262536e-05
	1.161126167947716e-05
	1.161007688161842e-05
	1.160795867322178e-05
	1.160554648809981e-05
	1.160673276215859e-05
	1.160879080841655e-05
	1.161375938276534e-05
	1.162539683871373e-05
	1.164231910847451e-05
	1.166054919304037e-05
	1.167459358799632e-05
	1.168381662140482e-05
	1.168932137779458e-05
	1.169474301698249e-05
	1.170125143132728e-05
	1.171004436921307e-05
	1.17225158050215e-05
	1.174033950652515e-05
	1.175785716322564e-05
	1.17755503449555e-05
	1.178957749604938e-05
	1.180257059115429e-05
	1.181591877834301e-05
	1.182909940602859e-05
	1.184052183410759e-05
	1.18550913760497e-05
	1.186748810721264e-05
	1.188500975196732e-05
	1.190476541158521e-05
	1.192064006010523e-05
	1.193389912564862e-05
	1.193908403743756e-05
	1.193893976564017e-05
	1.193487085853461e-05
	1.192350803670946e-05
	1.19077098250786e-05
	1.189013199332231e-05
	1.187165028911971e-05
	1.185012804813575e-05
	1.18307482754911e-05
	1.181384862680428e-05
	1.179528935812029e-05
	1.178076502565903e-05
	1.17724053914659e-05
	1.176763522762625e-05
	1.175905126339719e-05
	1.175044670478206e-05
	1.173903253413181e-05
	1.171950545869195e-05
	1.169665161482912e-05
	1.167011914897548e-05
	1.163768195446546e-05
	1.160430252267331e-05
	1.157008567629266e-05
	1.153759604163819e-05
	1.151011700190444e-05
	1.148993752222501e-05
	1.147630006875596e-05
	1.147256387321781e-05
	1.147220636242055e-05
	1.147129017561698e-05
	1.147217398463564e-05
	1.147031921086377e-05
	1.146169691633727e-05
	1.144712353031134e-05
	1.142706629041318e-05
	1.140420045403019e-05
	1.138168676937944e-05
	1.135872980861554e-05
	1.13376819834788e-05
	1.131794720766048e-05
	1.130248980495728e-05
	1.129304589715841e-05
	1.128197336339601e-05
	1.126835237835001e-05
	1.125464354761446e-05
	1.124220262514762e-05
	1.123572249364084e-05
	1.123108522806714e-05
	1.122055325914388e-05
	1.120463414087318e-05
	1.118203287712578e-05
	1.115824672543812e-05
	1.113480565766633e-05
	1.111685338496365e-05
	1.110197985530502e-05
	1.108982356635637e-05
	1.108144051412578e-05
	1.107865775542627e-05
	1.107618734965029e-05
	1.107658042661388e-05
	1.107842301882428e-05
	1.10837808341981e-05
	1.109314809793222e-05
	1.110467278478018e-05
	1.111910083515825e-05
	1.113616760025448e-05
	1.11564147078762e-05
	1.117367148189707e-05
	1.11876286908758e-05
	1.119750394302861e-05
	1.120508212658368e-05
	1.121391969826627e-05
	1.122371310646695e-05
	1.12385971557177e-05
	1.125819896991568e-05
	1.127645195241056e-05
	1.129767113883828e-05
	1.130995528192401e-05
	1.131476744352741e-05
	1.130890512033833e-05
	1.129335492277138e-05
	1.126555896836666e-05
	1.12331044526853e-05
	1.119630091592787e-05
	1.116609588644255e-05
	1.11404964343854e-05
	1.111560377383094e-05
	1.109316051409469e-05
	1.107608832747712e-05
	1.106212375485018e-05
	1.105469026202524e-05
	1.105308614738281e-05
	1.105947278070663e-05
	1.106930374473781e-05
	1.107908364007622e-05
	1.109263888171461e-05
	1.110861549230709e-05
	1.111768844512183e-05
	1.112317846885024e-05
	1.11241204461857e-05
	1.112387140119379e-05
	1.112196478888344e-05
	1.111975708651949e-05
	1.111550944161299e-05
	1.111257656530652e-05
	1.111335694486164e-05
	1.111648124567932e-05
	1.112388626607925e-05
	1.113513025747775e-05
	1.114582029278928e-05
	1.115500796155895e-05
	1.116560408982672e-05
	1.117485933343431e-05
	1.118344571221047e-05
	1.119293899034463e-05
	1.120155819351398e-05
	1.120960684704091e-05
	1.121894126536346e-05
	1.122697925957929e-05
	1.123258936414818e-05
	1.122964861053107e-05
	1.122337667204399e-05
	1.121563866280872e-05
	1.121124419515566e-05
	1.121141993329116e-05
	1.12161164396783e-05
	1.122675143505608e-05
	1.123647832971818e-05
	1.124518462390678e-05
	1.125321257245888e-05
	1.126206309605324e-05
	1.126810433788114e-05
	1.127081552380977e-05
	1.127008355850729e-05
	1.127046218090735e-05
	1.127398712629935e-05
	1.127999510041762e-05
	1.128634141160638e-05
	1.129178270108374e-05
	1.129473757071381e-05
	1.129211600437613e-05
	1.12832273969648e-05
	1.126489229638111e-05
	1.12403809810598e-05
	1.121259943909787e-05
	1.118495636528969e-05
	1.116431978461549e-05
	1.114897058720841e-05
	1.113631937385269e-05
	1.112675237434567e-05
	1.111797955780921e-05
	1.111153205592858e-05
	1.110768239099046e-05
	1.110458222379918e-05
	1.110191519509887e-05
	1.110178459260866e-05
	1.110364861808218e-05
	1.110667711702137e-05
	1.111018000017289e-05
	1.110952812288497e-05
	1.110701881963118e-05
	1.110229145485985e-05
	1.109359128566891e-05
	1.108267667423277e-05
	1.10708576762717e-05
	1.105795894908798e-05
	1.104363124556034e-05
	1.102858894157277e-05
	1.101442777576563e-05
	1.100360925253731e-05
	1.099582673343191e-05
	1.09925186025771e-05
	1.099321913222784e-05
	1.099463943715469e-05
	1.099629061291703e-05
	1.099446649762263e-05
	1.099022642529579e-05
	1.098591730489752e-05
	1.097928280315538e-05
	1.096766473980752e-05
	1.095112496525046e-05
	1.093526321683908e-05
	1.092223339865189e-05
	1.09134180397939e-05
	1.090784631678537e-05
	1.090438079427239e-05
	1.089907463409748e-05
	1.08921243164811e-05
	1.088387661844752e-05
	1.087355130536597e-05
	1.085947882987971e-05
	1.08404749598485e-05
	1.082187914219063e-05
	1.080624959134264e-05
	1.078590011013634e-05
	1.077296761640421e-05
	1.076076597953233e-05
	1.075367033951036e-05
	1.074198444018988e-05
	1.073199985178748e-05
	1.071843520390792e-05
	1.0704541260172e-05
	1.069103538357049e-05
	1.068036592872284e-05
	1.066987911876824e-05
	1.066264336369171e-05
	1.065897498249176e-05
	1.065997670878685e-05
	1.066617995728618e-05
	1.067411226594862e-05
	1.067878741611443e-05
	1.068626090683429e-05
	1.069955495685294e-05
	1.071592772511946e-05
	1.073593514537004e-05
	1.07597268024662e-05
	1.078471085480183e-05
	1.080806982054103e-05
	1.08295010357804e-05
	1.084721526091466e-05
	1.085978492746032e-05
	1.087656758728204e-05
	1.089948007459815e-05
	1.092469178510027e-05
	1.094475653693936e-05
	1.096104102891026e-05
	1.097599255718145e-05
	1.099093037178146e-05
	1.099909749862396e-05
	1.10024353555201e-05
	1.099915763004421e-05
	1.099021369843485e-05
	1.097862573817293e-05
	1.096650280400803e-05
	1.095650414489783e-05
	1.094948153960706e-05
	1.094064871526695e-05
	1.093206609407181e-05
	1.092515084695309e-05
	1.092557510420809e-05
	1.093350885480609e-05
	1.094500495033626e-05
	1.09601440277273e-05
	1.097900162009497e-05
	1.100403829234621e-05
	1.103106577349136e-05
	1.105442191234368e-05
	1.107156712134142e-05
	1.108015012587049e-05
	1.108605021487127e-05
	1.108771207146074e-05
	1.108557881967787e-05
	1.108513418787404e-05
	1.108857974085814e-05
	1.109221969908354e-05
	1.109309905711331e-05
	1.108672975603797e-05
	1.10770584931781e-05
	1.106232627471259e-05
	1.104532117731413e-05
	1.103327073444454e-05
	1.102272002496792e-05
	1.101057786538275e-05
	1.100157797018315e-05
	1.099262830149529e-05
	1.098629766674216e-05
	1.098193059770976e-05
	1.097646047161126e-05
	1.096592852706423e-05
	1.095636025867138e-05
	1.094592911245777e-05
	1.093891365214951e-05
	1.093148190313884e-05
	1.092263672134106e-05
	1.091602089917903e-05
	1.091271796163894e-05
	1.091091486242959e-05
	1.091001989999974e-05
	1.090860593063465e-05
	1.090185384883319e-05
	1.089405886465852e-05
	1.088576609479369e-05
	1.087526009187366e-05
	1.086515428491533e-05
	1.085462391491591e-05
	1.084916490992108e-05
	1.084895422418929e-05
	1.085387373678124e-05
	1.085877164606911e-05
	1.086386601356566e-05
	1.086792403109116e-05
	1.087105296394465e-05
	1.087595155286737e-05
	1.088043296063755e-05
	1.088387514258855e-05
	1.088576614151005e-05
	1.088792631381571e-05
	1.089072322027664e-05
	1.090054840192985e-05
	1.091782590880907e-05
	1.094094540514038e-05
	1.096829132261587e-05
	1.099673431998192e-05
	1.10197485483128e-05
	1.103503002220588e-05
	1.104358401090679e-05
	1.104663291653459e-05
	1.104295351954937e-05
	1.10326928096221e-05
	1.101551754678302e-05
	1.099619837947462e-05
	1.098040279170444e-05
	1.096614456885933e-05
	1.095521817165607e-05
	1.094705578029595e-05
	1.093999806372786e-05
	1.093618121133569e-05
	1.093186522472769e-05
	1.09272790627767e-05
	1.09221588593874e-05
	1.092149997955755e-05
	1.092407608154158e-05
	1.093227753140978e-05
	1.09428492274309e-05
	1.095377401324517e-05
	1.096816340280127e-05
	1.09831618504573e-05
	1.09938152800933e-05
	1.100098928256585e-05
	1.10002972962978e-05
	1.100002475305605e-05
	1.099892276711272e-05
	1.099630060960675e-05
	1.099195390819151e-05
	1.098452515738369e-05
	1.09747118184014e-05
	1.096598324030286e-05
	1.096003163764573e-05
	1.095586890404354e-05
	1.09523919820772e-05
	1.095011224862562e-05
	1.094794589562085e-05
	1.094651105830103e-05
	1.094590605922302e-05
	1.094587448437701e-05
	1.095226794272069e-05
	1.095933294292593e-05
	1.096565493046828e-05
	1.096897369775738e-05
	1.096891780550788e-05
	1.096925589682291e-05
	1.096700154638537e-05
	1.097153742565019e-05
	1.097237557216509e-05
	1.097009025443075e-05
	1.096875965426375e-05
	1.096592937137449e-05
	1.09607354344599e-05
	1.09546874877601e-05
	1.09514147998136e-05
	1.09516245884644e-05
	1.095812738164989e-05
	1.096552187144556e-05
	1.097757894050184e-05
	1.098488021675754e-05
	1.098718867573693e-05
	1.098445494481268e-05
	1.09728471831151e-05
	1.095227032023174e-05
	1.092909986188166e-05
	1.090353967059425e-05
	1.088260374713913e-05
	1.086134177019813e-05
	1.084551523081094e-05
	1.083527584415364e-05
	1.082419306853244e-05
	1.080975747418856e-05
	1.079405965386753e-05
	1.077655622386536e-05
	1.076175115838854e-05
	1.075108449712337e-05
	1.073976178886472e-05
	1.07310529555773e-05
	1.07208031554406e-05
	1.071029525274991e-05
	1.069947029121245e-05
	1.069078900497412e-05
	1.068746331378168e-05
	1.068560890586168e-05
	1.068737514859457e-05
	1.068949804882982e-05
	1.068934982270541e-05
	1.068719018981222e-05
	1.068186112040774e-05
	1.067413014359136e-05
	1.066744168033667e-05
	1.066580599099962e-05
	1.067083291178663e-05
	1.068025195167327e-05
	1.069336388992087e-05
	1.070827415357979e-05
	1.072510470519326e-05
	1.074446326357325e-05
	1.076470730041597e-05
	1.078190730997284e-05
	1.079615057082558e-05
	1.080599930646246e-05
	1.081682704831292e-05
	1.083329762838812e-05
	1.085600204531156e-05
	1.088403439963164e-05
	1.091005929607263e-05
	1.093808399993455e-05
	1.096444300240897e-05
	1.098432601183963e-05
	1.10021443837587e-05
	1.101113480882647e-05
	1.101675345308297e-05
	1.102102130655295e-05
	1.102128151307309e-05
	1.102584357893091e-05
	1.103376767834783e-05
	1.104710677839983e-05
	1.106067617326825e-05
	1.107810726283559e-05
	1.109170320122455e-05
	1.110404160283314e-05
	1.110984411347882e-05
	1.110926485577772e-05
	1.109978445301759e-05
	1.108203360711299e-05
	1.105912095914672e-05
	1.103905377293004e-05
	1.102502149232357e-05
	1.101717864696944e-05
	1.100786544478879e-05
	1.099773000743763e-05
	1.098777567983881e-05
	1.0978462010523e-05
	1.097109378853623e-05
	1.096725846043081e-05
	1.097184117871614e-05
	1.097677674608703e-05
	1.098456774620038e-05
	1.099651924978395e-05
	1.100929259091404e-05
	1.102444793994108e-05
	1.103221921987407e-05
	1.104049551738052e-05
	1.104321809582105e-05
	1.104172508902398e-05
	1.103773713494768e-05
	1.102895979534529e-05
	1.101782865129186e-05
	1.100681167124125e-05
	1.099797887837337e-05
	1.099516676763775e-05
	1.099254561156652e-05
	1.098791824800893e-05
	1.098484680055318e-05
	1.098938052537455e-05
	1.099443846175163e-05
	1.099663693864313e-05
	1.099370499837445e-05
	1.098669616197999e-05
	1.098021622639807e-05
	1.097632068313633e-05
	1.096955095201599e-05
	1.096215462684874e-05
	1.095687113186257e-05
	1.09536633265103e-05
	1.09514675125729e-05
	1.094969813031297e-05
	1.094335770971431e-05
	1.093630068330416e-05
	1.092690582782058e-05
	1.091598876836643e-05
	1.089886933370304e-05
	1.087212074613691e-05
	1.084117320547774e-05
	1.08132620703528e-05
	1.079629742343191e-05
	1.078563674943281e-05
	1.078517538456468e-05
	1.078809400367138e-05
	1.079081105473366e-05
	1.079085591686473e-05
	1.079077568322906e-05
	1.079207903700316e-05
	1.079840369518668e-05
	1.080687320288249e-05
	1.08147979954558e-05
	1.082556528094907e-05
	1.083708313575502e-05
	1.084908746188708e-05
	1.085665366177577e-05
	1.086256281964942e-05
	1.087111041546074e-05
	1.088285454612269e-05
	1.090124725576441e-05
	1.092912295903245e-05
	1.096391647726065e-05
	1.099879584400702e-05
	1.102636765197785e-05
	1.1048006170594e-05
	1.10597285691157e-05
	1.106713275991943e-05
	1.107252007419291e-05
	1.107975229980217e-05
	1.108461483649129e-05
	1.108811955497888e-05
	1.108370259074064e-05
	1.107588267296875e-05
	1.106532429856247e-05
	1.105679894469852e-05
	1.105246513761804e-05
	1.105144413638758e-05
	1.104870888615184e-05
	1.104445519604727e-05
	1.103771614874655e-05
	1.102782168496761e-05
	1.102086192820148e-05
	1.101713718726977e-05
	1.101187350886312e-05
	1.10069203174702e-05
	1.099781705250197e-05
	1.098466540284436e-05
	1.096688193399927e-05
	1.094589213345187e-05
	1.092636622753207e-05
	1.090837613097735e-05
	1.089445079608746e-05
	1.088382604992003e-05
	1.087832205194176e-05
	1.087403889916377e-05
	1.087458131329324e-05
	1.087738451617292e-05
	1.088399732064578e-05
	1.0894847316552e-05
	1.090677258019992e-05
	1.092045124360081e-05
	1.093482346401213e-05
	1.094807153682712e-05
	1.096130554101721e-05
	1.097886314261949e-05
	1.09976623851283e-05
	1.100772464421065e-05
	1.101200113898412e-05
	1.100994401730375e-05
	1.100568356064866e-05
	1.100043468355183e-05
	1.098882916008118e-05
	1.097686817436954e-05
	1.097198476464118e-05
	1.097697449543238e-05
	1.098906761034515e-05
	1.100591675336565e-05
	1.101988472253062e-05
	1.103001503948852e-05
	1.103878944488656e-05
	1.104188821191128e-05
	1.103780927100473e-05
	1.102478108463178e-05
	1.100460760431269e-05
	1.098546076681457e-05
	1.096250547101059e-05
	1.093871298035161e-05
	1.091505592255391e-05
	1.088970072858552e-05
	1.086993836656104e-05
	1.085604206847831e-05
	1.085118987868646e-05
	1.084996121991903e-05
	1.084887180175257e-05
	1.084548966963142e-05
	1.083791918351457e-05
	1.082312214299894e-05
	1.081090830599181e-05
	1.079859918898005e-05
	1.078632653058154e-05
	1.07774720510898e-05
	1.077072934539486e-05
	1.076215007596278e-05
	1.07523870162696e-05
	1.074114441948242e-05
	1.073027155421271e-05
	1.071890669669398e-05
	1.070886503207957e-05
	1.069319211980526e-05
	1.067833807914599e-05
	1.066560211469735e-05
	1.066147166931344e-05
	1.065831091590347e-05
	1.065473062099478e-05
	1.064844257998802e-05
	1.064474035761483e-05
	1.064096863385616e-05
	1.063658236070565e-05
	1.063426969547031e-05
	1.063427515089055e-05
	1.06365324143527e-05
	1.064147015648445e-05
	1.064697911743678e-05
	1.065033523498525e-05
	1.065109556406407e-05
	1.065082992169834e-05
	1.065221306751212e-05
	1.065626411947867e-05
	1.066679432027739e-05
	1.068027099879653e-05
	1.069480145513723e-05
	1.071453964374996e-05
	1.073603998307398e-05
	1.075393138390418e-05
	1.076916246144677e-05
	1.078048060488023e-05
	1.078701646454519e-05
	1.079453994116914e-05
	1.080094446363066e-05
	1.080430404193677e-05
	1.080232703893849e-05
	1.079318087142188e-05
	1.07795884306703e-05
	1.075975825528682e-05
	1.073708502729911e-05
	1.071434561238792e-05
	1.068933646639911e-05
	1.066393939457224e-05
	1.063739503125836e-05
	1.061067356463031e-05
	1.05845359384628e-05
	1.056007687887835e-05
	1.054417369445519e-05
	1.054100502262525e-05
	1.054598040652544e-05
	1.05564845681455e-05
	1.057319200080487e-05
	1.058754837752572e-05
	1.059597713573072e-05
	1.059577377487054e-05
	1.059061649992937e-05
	1.058105610156693e-05
	1.057140855233367e-05
	1.056076203397525e-05
	1.055383671522383e-05
	1.05523059641245e-05
	1.055452785322225e-05
	1.056275015603955e-05
	1.057227686896838e-05
	1.057502051603742e-05
	1.057066472111428e-05
	1.055819580177366e-05
	1.054271165205137e-05
	1.052840171389336e-05
	1.0515357548344e-05
	1.050502096843009e-05
	1.049997945626958e-05
	1.050034431621087e-05
	1.05064889922612e-05
	1.051871292228642e-05
	1.053061360869899e-05
	1.054136381408643e-05
	1.0548706008414e-05
	1.055488135651958e-05
	1.056013194258412e-05
	1.056134802594688e-05
	1.055597094084072e-05
	1.054678277637052e-05
	1.053809400884247e-05
	1.053063953390212e-05
	1.052374488135186e-05
	1.051638555261681e-05
	1.051093870935316e-05
	1.050848655503791e-05
	1.050906629451826e-05
	1.051176987451742e-05
	1.051533310879606e-05
	1.051871699218309e-05
	1.05216334922295e-05
	1.052141405828317e-05
	1.051894445183055e-05
	1.051214240535287e-05
	1.050260539465972e-05
	1.048836027119285e-05
	1.046965265515969e-05
	1.044796939933902e-05
	1.042402118321941e-05
	1.040344454442234e-05
	1.038472170114344e-05
	1.036833547563369e-05
	1.035155582171583e-05
	1.033440751114395e-05
	1.031429965966173e-05
	1.028983771446843e-05
	1.026000591161202e-05
	1.023133160205206e-05
	1.020389375785357e-05
	1.01836117106847e-05
	1.016807366256952e-05
	1.015786578945248e-05
	1.015465715493549e-05
	1.015304393253872e-05
	1.015330964379513e-05
	1.015396342270723e-05
	1.015404650934187e-05
	1.01513699472356e-05
	1.014570406600367e-05
	1.01393102786496e-05
	1.013998422938336e-05
	1.014447882401394e-05
	1.015058520657786e-05
	1.015323719726922e-05
	1.015422485413095e-05
	1.01545002074112e-05
	1.015600511549151e-05
	1.015938750109624e-05
	1.016537716217464e-05
	1.017207893499628e-05
	1.017750048020886e-05
	1.018139037280063e-05
	1.018408005976647e-05
	1.018578715223734e-05
	1.01893148029106e-05
	1.019709177142986e-05
	1.020632422730059e-05
	1.022026057911148e-05
	1.023747448511841e-05
	1.025400739349915e-05
	1.026939798038843e-05
	1.028153188232342e-05
	1.029221661282161e-05
	1.030327628133199e-05
	1.031158576435003e-05
	1.031838458158041e-05
	1.03208296371861e-05
	1.032391736061098e-05
	1.032901985102613e-05
	1.033442940815469e-05
	1.033824976390074e-05
	1.034303532398924e-05
	1.035063257649959e-05
	1.036176414319029e-05
	1.03770884753481e-05
	1.039574276923085e-05
	1.041812512571353e-05
	1.044044682599518e-05
	1.045978751261137e-05
	1.047399480101786e-05
	1.048452663225821e-05
	1.049316799360246e-05
	1.050106404760639e-05
	1.050845178595903e-05
	1.051445707509604e-05
	1.052057344539786e-05
	1.052920485802957e-05
	1.054046444713792e-05
	1.055157753215737e-05
	1.056446266216807e-05
	1.058036990567618e-05
	1.059335030018302e-05
	1.060506020214014e-05
	1.062101210402653e-05
	1.06408750726695e-05
	1.066036263522145e-05
	1.067650364190251e-05
	1.069169824596343e-05
	1.070246493987597e-05
	1.070653529658185e-05
	1.070669506629953e-05
	1.070604100258141e-05
	1.070480240108405e-05
	1.070308367032277e-05
	1.069891327042154e-05
	1.069174004487076e-05
	1.068447739352121e-05
	1.068303206697183e-05
	1.068642735448509e-05
	1.069386269924087e-05
	1.070295520568267e-05
	1.071049935275224e-05
	1.071880494604744e-05
	1.072972442100715e-05
	1.074000803942962e-05
	1.075310275002073e-05
	1.076606000664173e-05
	1.077408153173518e-05
	1.078199640783715e-05
	1.078386251983442e-05
	1.077796841248236e-05
	1.076418162200682e-05
	1.07440330823333e-05
	1.07183747924882e-05
	1.069100454934645e-05
	1.066857450504989e-05
	1.064851565611544e-05
	1.063377081426927e-05
	1.062243342408933e-05
	1.06159694276148e-05
	1.061503388247152e-05
	1.061833012305498e-05
	1.062444330357487e-05
	1.063127863600262e-05
	1.063622674876426e-05
	1.064156629948722e-05
	1.064320928607264e-05
	1.064822342610911e-05
	1.065734496374469e-05
	1.067285250315839e-05
	1.068956754941233e-05
	1.070194425688472e-05
	1.071245384775215e-05
	1.072267060600112e-05
	1.073671806764472e-05
	1.074921249089436e-05
	1.076324474126289e-05
	1.077913792067486e-05
	1.07954708188639e-05
	1.080740044121287e-05
	1.081454968827769e-05
	1.081765362501626e-05
	1.081966274218767e-05
	1.080754734613749e-05
	1.079919814804311e-05
	1.079237524621718e-05
	1.078489677829465e-05
	1.077807582771657e-05
	1.076868519774925e-05
	1.07598939978457e-05
	1.075001287116967e-05
	1.074485221369152e-05
	1.07400808236185e-05
	1.0739436140811e-05
	1.073729492248541e-05
	1.073469847973311e-05
	1.073435987546806e-05
	1.073645084960944e-05
	1.074063780228764e-05
	1.074768535356182e-05
	1.075869522924054e-05
	1.077543016902602e-05
	1.079131407942703e-05
	1.080466871600958e-05
	1.081617722535904e-05
	1.082656928287565e-05
	1.083933740998954e-05
	1.085375227469051e-05
	1.08631549239144e-05
	1.086920845225156e-05
	1.087062526281409e-05
	1.086904067762795e-05
	1.086529385843054e-05
	1.086225902198611e-05
	1.086636539409251e-05
	1.087169022330532e-05
	1.088088612443445e-05
	1.089097265409801e-05
	1.090168121861564e-05
	1.091052084364713e-05
	1.09139738854163e-05
	1.091082505871655e-05
	1.090047121824073e-05
	1.088163830891341e-05
	1.086386207390969e-05
	1.08476724480962e-05
	1.084142975329258e-05
	1.08398812399602e-05
	1.084291113616295e-05
	1.084667452699625e-05
	1.085031775204016e-05
	1.085005112858936e-05
	1.085160305637176e-05
	1.085427100401602e-05
	1.085396493417559e-05
	1.085295108907205e-05
	1.084955084183255e-05
	1.084661764575562e-05
	1.084690209863677e-05
	1.085058733781144e-05
	1.085422597436254e-05
	1.086263078497996e-05
	1.087652578997671e-05
	1.089100699735566e-05
	1.090571128904211e-05
	1.091741734166657e-05
	1.092505970934497e-05
	1.093042419174616e-05
	1.093391459703869e-05
	1.093904001909317e-05
	1.094306098441257e-05
	1.095255931204622e-05
	1.097187205535707e-05
	1.099426653958313e-05
	1.101870651571624e-05
	1.104118019637866e-05
	1.106275544707164e-05
	1.108039437682062e-05
	1.109741527523598e-05
	1.111629046692067e-05
	1.113601070225612e-05
	1.115355539115727e-05
	1.116740295711418e-05
	1.117434043563154e-05
	1.117332643112514e-05
	1.116383149101911e-05
	1.11465075406661e-05
	1.112689151674399e-05
	1.111155615598674e-05
	1.109820439344714e-05
	1.109148277014315e-05
	1.108435951957006e-05
	1.10852481596307e-05
	1.108937722313134e-05
	1.109736777736652e-05
	1.111030521963796e-05
	1.1121636926445e-05
	1.112983305665447e-05
	1.113725606358835e-05
	1.114142045716873e-05
	1.113907141066008e-05
	1.11306502936602e-05
	1.11092301681557e-05
	1.107732458125055e-05
	1.103816808399963e-05
	1.099472318118215e-05
	1.095132016696264e-05
	1.091093948077557e-05
	1.087398866597708e-05
	1.084309803536642e-05
	1.081724235265642e-05
	1.079274396717022e-05
	1.077374166930492e-05
	1.075951248673221e-05
	1.074938883545548e-05
	1.074325806287276e-05
	1.073845055190327e-05
	1.073636069996468e-05
	1.073498343331518e-05
	1.073376365720485e-05
	1.073301607160317e-05
	1.072941476465299e-05
	1.07254922170457e-05
	1.072593924492958e-05
	1.073582815270512e-05
	1.075214113921912e-05
	1.077417271838181e-05
	1.079652866202199e-05
	1.082129813438575e-05
	1.084433015847851e-05
	1.085633329592167e-05
	1.086144068939079e-05
	1.086401573680511e-05
	1.086631213866669e-05
	1.087050502295729e-05
	1.087088358786388e-05
	1.087153675893222e-05
	1.086610786770887e-05
	1.085484062871926e-05
	1.083725456406597e-05
	1.081661194962496e-05
	1.079426745266579e-05
	1.07743099286286e-05
	1.076159064657759e-05
	1.075655785056099e-05
	1.075670277897296e-05
	1.075786008688348e-05
	1.075501635839282e-05
	1.074876469811599e-05
	1.074148350741634e-05
	1.073288920936479e-05
	1.072364100049081e-05
	1.070811605065614e-05
	1.068796525207924e-05
	1.066728665238958e-05
	1.064594258756597e-05
	1.062623170913373e-05
	1.06101312858358e-05
	1.059461680686065e-05
	1.058372036481066e-05
	1.058133361117099e-05
	1.058244501601523e-05
	1.058628096977017e-05
	1.058677883667265e-05
	1.058718425056526e-05
	1.058107537201189e-05
	1.056861476903228e-05
	1.055297986425089e-05
	1.053967065793817e-05
	1.052746971577618e-05
	1.052163566033125e-05
	1.051546229369842e-05
	1.050704033818559e-05
	1.049711595881844e-05
	1.048910299164345e-05
	1.048186356694318e-05
	1.047112746509116e-05
	1.045511898010493e-05
	1.043452690307755e-05
	1.041311632832548e-05
	1.039447109755758e-05
	1.038239737596714e-05
	1.037720387631567e-05
	1.037696887152469e-05
	1.038025734860401e-05
	1.038464527711234e-05
	1.038635985010914e-05
	1.038568542059945e-05
	1.03810426223462e-05
	1.037589722424796e-05
	1.037004290732708e-05
	1.036436079965339e-05
	1.035770863936907e-05
	1.035698746474699e-05
	1.036335722180994e-05
	1.037099482522155e-05
	1.038288347097625e-05
	1.039509532753246e-05
	1.04029662286093e-05
	1.040763624453908e-05
	1.040590402280851e-05
	1.04016641855154e-05
	1.039410466211837e-05
	1.038875427088891e-05
	1.037991718783364e-05
	1.037222609359763e-05
	1.036674997728316e-05
	1.03674479535338e-05
	1.037057305739531e-05
	1.037550856774506e-05
	1.038283279221904e-05
	1.03927191193536e-05
	1.040573783666726e-05
	1.041671853959217e-05
	1.042262438079847e-05
	1.04210821378194e-05
	1.041945620920692e-05
	1.04206370903222e-05
	1.042767680130016e-05
	1.043752665523443e-05
	1.045146912189293e-05
	1.046355479697694e-05
	1.047192527275593e-05
	1.047642108520737e-05
	1.047953254457387e-05
	1.048193331741996e-05
	1.048279534108815e-05
	1.048415469476279e-05
	1.04897377281649e-05
	1.049599117843716e-05
	1.050985475568672e-05
	1.052099830523938e-05
	1.05260147333693e-05
	1.052190424064323e-05
	1.051154956499728e-05
	1.049796129606502e-05
	1.048340000471536e-05
	1.047159220745807e-05
	1.046685345758316e-05
	1.046680414286267e-05
	1.046972168492069e-05
	1.047309068737931e-05
	1.048007516722745e-05
	1.048655018242602e-05
	1.049447023405138e-05
	1.050455496410624e-05
	1.051651295322593e-05
	1.052873644544611e-05
	1.054002029217899e-05
	1.054457666436682e-05
	1.054512325885319e-05
	1.054381316067623e-05
	1.0540118124088e-05
	1.053890081826586e-05
	1.053829678185711e-05
	1.053967839380715e-05
	1.054500429442295e-05
	1.055264499503154e-05
	1.056209250024707e-05
	1.057546366937925e-05
	1.059203200959479e-05
	1.061205704531812e-05
	1.062912378706778e-05
	1.064472516628258e-05
	1.065494658068821e-05
	1.066258413159269e-05
	1.066940007367522e-05
	1.067433959209645e-05
	1.067909047987705e-05
	1.068582523774619e-05
	1.068948091156918e-05
	1.069441532101784e-05
	1.070087546404663e-05
	1.071076080068622e-05
	1.072013523622681e-05
	1.073151347115288e-05
	1.074459564224909e-05
	1.075640742465497e-05
	1.076761925078682e-05
	1.077224247778932e-05
	1.077195409369802e-05
	1.077014362947239e-05
	1.077001742397406e-05
	1.076678181947586e-05
	1.075971984189605e-05
	1.074718037983345e-05
	1.073384031900739e-05
	1.071788750596587e-05
	1.069880565025693e-05
	1.068018715060041e-05
	1.066274120482731e-05
	1.064860484993096e-05
	1.063411054349639e-05
	1.062053456570319e-05
	1.060546934177434e-05
	1.058739179951399e-05
	1.056776080852821e-05
	1.054280742616504e-05
	1.051233012736175e-05
	1.047949608367996e-05
	1.044605215165067e-05
	1.04137500512455e-05
	1.038223215703345e-05
	1.035595716407422e-05
	1.033535370596212e-05
	1.03159150414465e-05
	1.030131056015032e-05
	1.028943780951375e-05
	1.028022985659948e-05
	1.026927088226739e-05
	1.025602259172499e-05
	1.024209111076792e-05
	1.022860154616807e-05
	1.021497171914613e-05
	1.019915567863505e-05
	1.018553645054314e-05
	1.017240979907883e-05
	1.016846565648332e-05
	1.017030230839436e-05
	1.017603013778207e-05
	1.01801554838296e-05
	1.018481978635429e-05
	1.01922159000114e-05
	1.020593713270921e-05
	1.022545455029605e-05
	1.024436998664388e-05
	1.026004291882544e-05
	1.027463351991328e-05
	1.029194393580083e-05
	1.030958107337683e-05
	1.032823283521011e-05
	1.034670090392433e-05
	1.036662626485632e-05
	1.038234273032265e-05
	1.039453727900809e-05
	1.040112288846515e-05
	1.040184004810049e-05
	1.040422868346438e-05
	1.040989408023535e-05
	1.041918873007014e-05
	1.042967459676132e-05
	1.043947724003476e-05
	1.044884912734477e-05
	1.046351992241523e-05
	1.047648031622021e-05
	1.048689091502146e-05
	1.049456489351185e-05
	1.049907269557654e-05
	1.049888954862609e-05
	1.049248688559928e-05
	1.048063374117347e-05
	1.04631512745372e-05
	1.04449054984992e-05
	1.042648419789376e-05
	1.040864408920141e-05
	1.038897585785463e-05
	1.036935893547549e-05
	1.035282075963229e-05
	1.034491034938615e-05
	1.034170948764352e-05
	1.033801751052878e-05
	1.033455738749235e-05
	1.033321617054267e-05
	1.033328910704141e-05
	1.033544097159789e-05
	1.03334638722646e-05
	1.032718430010352e-05
	1.031991440931247e-05
	1.031637305424813e-05
	1.031175709459295e-05
	1.030410994230754e-05
	1.02970563907078e-05
	1.028835144990276e-05
	1.027731499889772e-05
	1.026697131088354e-05
	1.025755863769915e-05
	1.025365785449333e-05
	1.025214435307713e-05
	1.025834880870401e-05
	1.026790378303884e-05
	1.028149373432112e-05
	1.029496234977566e-05
	1.030509769300044e-05
	1.03152479039592e-05
	1.03254626694289e-05
	1.033596390471924e-05
	1.035076932556839e-05
	1.036927744143343e-05
	1.039388118213307e-05
	1.041448008508773e-05
	1.043217280089936e-05
	1.044117990184569e-05
	1.044632876207314e-05
	1.044917896475621e-05
	1.045087453389128e-05
	1.0451052024035e-05
	1.045066577933503e-05
	1.045051392466905e-05
	1.044911961314279e-05
	1.0450476742019e-05
	1.045114914505678e-05
	1.045159155131944e-05
	1.044881381649697e-05
	1.044362888254249e-05
	1.043866475026436e-05
	1.043046706676614e-05
	1.042138860113121e-05
	1.041016685250409e-05
	1.040175424242925e-05
	1.039722394456814e-05
	1.03942984363523e-05
	1.039771455783139e-05
	1.0399543661218e-05
	1.039979586391089e-05
	1.040048786299824e-05
	1.040291421699022e-05
	1.040448706356431e-05
	1.040045305979345e-05
	1.039109140716437e-05
	1.03786828544137e-05
	1.036795441094376e-05
	1.03618890049872e-05
	1.035969967209942e-05
	1.035925429259886e-05
	1.035954510579741e-05
	1.03606080768912e-05
	1.036677932980518e-05
	1.037512849543996e-05
	1.038069612478853e-05
	1.038610689582955e-05
	1.039090187168467e-05
	1.0392564270044e-05
	1.039365400692253e-05
	1.039378628112239e-05
	1.039322203505508e-05
	1.039113692119696e-05
	1.039136043790196e-05
	1.039405478227073e-05
	1.039946920872852e-05
	1.040342248302069e-05
	1.040315991036593e-05
	1.039923524213293e-05
	1.039088643638436e-05
	1.038024938405903e-05
	1.037011754085417e-05
	1.03617577145532e-05
	1.036035628662559e-05
	1.036396113726203e-05
	1.037219626810069e-05
	1.038177266490608e-05
	1.03900271110392e-05
	1.039186481461246e-05
	1.038532633782146e-05
	1.03719187962346e-05
	1.03544027697529e-05
	1.033676783267793e-05
	1.031846221234187e-05
	1.029658816109369e-05
	1.027039348763427e-05
	1.024522157829795e-05
	1.02203908521053e-05
	1.019453708456001e-05
	1.01700209487872e-05
	1.014677518312858e-05
	1.012744277339562e-05
	1.010773306407377e-05
	1.008954932947323e-05
	1.007325913699481e-05
	1.006217345106977e-05
	1.004904369201319e-05
	1.003766471631814e-05
	1.002305664916961e-05
	1.000575078130062e-05
	9.990698147540576e-06
	9.97624535115826e-06
	9.967706361650608e-06
	9.963747974680675e-06
	9.962154872070826e-06
	9.962450463665657e-06
	9.965212292536318e-06
	9.970385690876778e-06
	9.979270569227925e-06
	9.993574483122197e-06
	1.001154315939131e-05
	1.003007436910634e-05
	1.004493560451822e-05
	1.005540535975165e-05
	1.006663349008157e-05
	1.007204099810398e-05
	1.007507042905498e-05
	1.008134895667612e-05
	1.009186058066913e-05
	1.010484567927983e-05
	1.012157776514257e-05
	1.01395183101128e-05
	1.01542774004155e-05
	1.016893343058023e-05
	1.018095708322416e-05
	1.018963884480833e-05
	1.019625253580621e-05
	1.020277409898499e-05
	1.021109574339194e-05
	1.022248724104417e-05
	1.024126124645563e-05
	1.026206281110797e-05
	1.028171477222444e-05
	1.030058911432552e-05
	1.031944209156934e-05
	1.034429373070048e-05
	1.037217699053951e-05
	1.039848534930376e-05
	1.042366095897988e-05
	1.043993981944762e-05
	1.044759219306552e-05
	1.045020649501684e-05
	1.045169066500847e-05
	1.044925230767021e-05
	1.045100333478341e-05
	1.045449536534291e-05
	1.045933462942908e-05
	1.046033159044156e-05
	1.045949935598991e-05
	1.045070196364361e-05
	1.044197977249392e-05
	1.043478476808803e-05
	1.043142247299163e-05
	1.043336317991854e-05
	1.043920695983842e-05
	1.044532893191384e-05
	1.044782864520296e-05
	1.04483389406811e-05
	1.044945382865676e-05
	1.045306031212221e-05
	1.045683912765651e-05
	1.046152473855109e-05
	1.046408349022993e-05
	1.046774360436569e-05
	1.047331233208243e-05
	1.047451413990277e-05
	1.047433952567989e-05
	1.047470631076895e-05
	1.047756474248559e-05
	1.048199555711125e-05
	1.048952546954791e-05
	1.050297282724603e-05
	1.051914207547776e-05
	1.054383712905214e-05
	1.05712024438206e-05
	1.059951201638306e-05
	1.062560026505155e-05
	1.064357161983756e-05
	1.065268835868789e-05
	1.065859607149929e-05
	1.066469210348476e-05
	1.067434550802194e-05
	1.068549564285371e-05
	1.069630180740249e-05
	1.070493000151323e-05
	1.07161758208402e-05
	1.07332423621889e-05
	1.075561024533649e-05
	1.078081971064992e-05
	1.080992872203142e-05
	1.083551089656136e-05
	1.086299825875699e-05
	1.088543786953013e-05
	1.090653981013125e-05
	1.092452074273236e-05
	1.094130990397782e-05
	1.095336186175566e-05
	1.096039869759162e-05
	1.09624182979542e-05
	1.096007181818278e-05
	1.096099360755584e-05
	1.096638452666367e-05
	1.09807103506104e-05
	1.100245070625687e-05
	1.102671786023054e-05
	1.105246548112112e-05
	1.107628523955414e-05
	1.110178856092544e-05
	1.113141934703318e-05
	1.116199076927455e-05
	1.118857995441796e-05
	1.120747504742359e-05
	1.122031276973548e-05
	1.123053743979705e-05
	1.124059667755239e-05
	1.125034714964562e-05
	1.125499023450421e-05
	1.125511542827277e-05
	1.125209471347605e-05
	1.125139370563618e-05
	1.125290439615253e-05
	1.125987827478184e-05
	1.127012761911984e-05
	1.128154322040615e-05
	1.128484145792949e-05
	1.12777931541868e-05
	1.125862586903344e-05
	1.123133844096598e-05
	1.120151993496435e-05
	1.117009242884112e-05
	1.113794318787725e-05
	1.110160482113678e-05
	1.106765256771049e-05
	1.104124644842384e-05
	1.102638483415002e-05
	1.101483945352479e-05
	1.100535177538156e-05
	1.099955501422599e-05
	1.098934251930703e-05
	1.097161031519532e-05
	1.094738966979336e-05
	1.09196162732522e-05
	1.089665529968871e-05
	1.087245631490991e-05
	1.085516255819787e-05
	1.084044401341254e-05
	1.082407106236878e-05
	1.080418637227681e-05
	1.077762114269241e-05
	1.074382550140864e-05
	1.070344571786064e-05
	1.065866214398743e-05
	1.061145457640489e-05
	1.05672668951168e-05
	1.052232747508953e-05
	1.047942062264994e-05
	1.043443866318554e-05
	1.038804844142794e-05
	1.034005536050497e-05
	1.029791840918228e-05
	1.026109631187281e-05
	1.02303820654676e-05
	1.020286277538449e-05
	1.017769487457003e-05
	1.015101190114715e-05
	1.012399172575255e-05
	1.010006981900506e-05
	1.007513429800811e-05
	1.005397382917676e-05
	1.003393579810644e-05
	1.001822624185414e-05
	1.000880172341196e-05
	1.000327243790118e-05
	1.000082255442803e-05
	1.00005203176584e-05
	9.999967480571243e-06
	9.995425848659787e-06
	9.990639728093967e-06
	9.986596408288774e-06
	9.984573260840085e-06
	9.980079917311146e-06
	9.972746835411922e-06
	9.963214038625636e-06
	9.951953635105209e-06
	9.941026160593848e-06
	9.934135742437029e-06
	9.926939598631269e-06
	9.926530661130995e-06
	9.93107212779757e-06
	9.943533786440875e-06
	9.954589923513396e-06
	9.960349878943595e-06
	9.964237101384849e-06
	9.969849758690285e-06
	9.980841115801294e-06
	9.993577448597513e-06
	1.000722072258439e-05
	1.002012474063621e-05
	1.003714710614028e-05
	1.006064630118548e-05
	1.008499403946577e-05
	1.010874652298762e-05
	1.013107143038556e-05
	1.015043856599341e-05
	1.01656335485228e-05
	1.017300293388525e-05
	1.017798270240566e-05
	1.018241809035681e-05
	1.019120240908749e-05
	1.020321935517843e-05
	1.021693679366745e-05
	1.023877859623167e-05
	1.026357364745098e-05
	1.028792262863799e-05
	1.030738392279803e-05
	1.031905478067066e-05
	1.031871730611832e-05
	1.030732011281293e-05
	1.028659357668021e-05
	1.026114502721398e-05
	1.024343789136258e-05
	1.023302439328742e-05
	1.022730424166364e-05
	1.022464209545954e-05
	1.022385231051571e-05
	1.022252981925774e-05
	1.022414005892098e-05
	1.022300991012733e-05
	1.021915504061771e-05
	1.020816487977688e-05
	1.019122714809012e-05
	1.017042928694573e-05
	1.014822822433259e-05
	1.013399374382808e-05
	1.01272459695589e-05
	1.012964069425303e-05
	1.01412549116765e-05
	1.015459687134899e-05
	1.016981233023588e-05
	1.018536787249011e-05
	1.019741845628602e-05
	1.020447027268158e-05
	1.021384172682209e-05
	1.022452151809752e-05
	1.023142076393645e-05
	1.023508223098643e-05
	1.024198021949214e-05
	1.025166075188446e-05
	1.025979288442633e-05
	1.026586381453935e-05
	1.026814139117305e-05
	1.027256260227729e-05
	1.027359604787584e-05
	1.027555988613784e-05
	1.027864393284661e-05
	1.027821429480231e-05
	1.027821627628864e-05
	1.028125473325886e-05
	1.028432294430375e-05
	1.029114076552278e-05
	1.029827985947008e-05
	1.031156711950455e-05
	1.032292563158017e-05
	1.033646866373133e-05
	1.034715411064947e-05
	1.035407541673728e-05
	1.035747367008744e-05
	1.036112151320673e-05
	1.036731745845614e-05
	1.037688654596994e-05
	1.038859952976397e-05
	1.040126507938061e-05
	1.041819253288384e-05
	1.043867782484019e-05
	1.046221914902845e-05
	1.04874260577347e-05
	1.051625484692805e-05
	1.054641595358769e-05
	1.0568398202259e-05
	1.05851938527406e-05
	1.060114093882019e-05
	1.062146962140277e-05
	1.064547242521742e-05
	1.0671997591762e-05
	1.070193401655853e-05
	1.07308103163892e-05
	1.075855189092784e-05
	1.078466362250709e-05
	1.080901990736662e-05
	1.083036058610261e-05
	1.084389689996724e-05
	1.08480818574446e-05
	1.084664308608352e-05
	1.084204493385424e-05
	1.083905461642778e-05
	1.084065852789316e-05
	1.084885438741024e-05
	1.087006141538576e-05
	1.089915945196554e-05
	1.093285291473977e-05
	1.096866244394216e-05
	1.100013759784666e-05
	1.10277828918087e-05
	1.104594884936966e-05
	1.105770471171917e-05
	1.106027717414866e-05
	1.105706307322912e-05
	1.104915604497134e-05
	1.103834320761938e-05
	1.102178836471351e-05
	1.100517726933605e-05
	1.098674037546717e-05
	1.096385213159204e-05
	1.093661822541563e-05
	1.091009965701976e-05
	1.088056523404932e-05
	1.084744697448227e-05
	1.081196347628064e-05
	1.077410989890002e-05
	1.074015587650637e-05
	1.070800433731507e-05
	1.067893577437124e-05
	1.065495566232314e-05
	1.063274675734015e-05
	1.060352247469907e-05
	1.056715709710785e-05
	1.05250558424896e-05
	1.048317503177347e-05
	1.043856210091502e-05
	1.03974966518788e-05
	1.035897000060354e-05
	1.032537660311961e-05
	1.0297652305747e-05
	1.02770930105696e-05
	1.025992727962276e-05
	1.024250221885974e-05
	1.022420561617482e-05
	1.020861001814756e-05
	1.019876655308467e-05
	1.019565438468945e-05
	1.019786480760947e-05
	1.019972972574998e-05
	1.019770757307981e-05
	1.018655336630802e-05
	1.017164874523868e-05
	1.015808583276846e-05
	1.014741909961007e-05
	1.014154206148005e-05
	1.014582846432117e-05
	1.015423577155586e-05
	1.016399554556293e-05
	1.017433012890593e-05
	1.018494494369981e-05
	1.019648656034555e-05
	1.020998073445181e-05
	1.022581540468906e-05
	1.024363458195181e-05
	1.026015010113744e-05
	1.027779537048743e-05
	1.029216606196859e-05
	1.030672332381528e-05
	1.031596276442902e-05
	1.032322821471235e-05
	1.032620012836082e-05
	1.03343103019655e-05
	1.034287773385945e-05
	1.035267435559099e-05
	1.036819273810007e-05
	1.039401880313644e-05
	1.042333412108208e-05
	1.044373959185202e-05
	1.045876430601107e-05
	1.046929140963889e-05
	1.048013061207616e-05
	1.049304430364708e-05
	1.051148956847516e-05
	1.052796921558278e-05
	1.054839208556813e-05
	1.05649022133655e-05
	1.057865871143178e-05
	1.059055664134117e-05
	1.060065668294488e-05
	1.060782281542167e-05
	1.061491430906792e-05
	1.061499603978264e-05
	1.061193515751427e-05
	1.060535080489842e-05
	1.060119903323629e-05
	1.060133247824901e-05
	1.060701904847698e-05
	1.062119477922925e-05
	1.063201267417149e-05
	1.064147701660609e-05
	1.064785947158307e-05
	1.065138827567843e-05
	1.065062163637984e-05
	1.065177158738439e-05
	1.06604271902747e-05
	1.067849189856244e-05
	1.070883039786898e-05
	1.074300821090769e-05
	1.077412135330208e-05
	1.080212393168005e-05
	1.082810596932058e-05
	1.085133791170337e-05
	1.087087467050475e-05
	1.088096037373761e-05
	1.088297619875812e-05
	1.087760064170153e-05
	1.087076675702701e-05
	1.086143803228284e-05
	1.084940110333426e-05
	1.083533476215206e-05
	1.081842791256462e-05
	1.080169350430308e-05
	1.078838976033303e-05
	1.077229537718691e-05
	1.075922867942691e-05
	1.074460383788974e-05
	1.073283264997533e-05
	1.071874832510074e-05
	1.070561782599622e-05
	1.069391687474515e-05
	1.067971563603673e-05
	1.066679632781453e-05
	1.065144653577644e-05
	1.06363900897061e-05
	1.062291395607406e-05
	1.060786493313288e-05
	1.059236993144843e-05
	1.057407054405611e-05
	1.055059173511612e-05
	1.053298726061621e-05
	1.051954622047762e-05
	1.050938928675739e-05
	1.049729715036757e-05
	1.048249829561792e-05
	1.04623419685833e-05
	1.044197782411986e-05
	1.042702274953499e-05
	1.041533104849523e-05
	1.040540688593749e-05
	1.039470899656497e-05
	1.037915759798329e-05
	1.035934332766915e-05
	1.033900461098585e-05
	1.031671169597415e-05
	1.029452797086872e-05
	1.027529495670041e-05
	1.025821360929364e-05
	1.024015196964733e-05
	1.022225607415312e-05
	1.020495457321967e-05
	1.0187536178442e-05
	1.017504290379275e-05
	1.01610833087845e-05
	1.015290033896003e-05
	1.01480861739367e-05
	1.01451520956053e-05
	1.014081813099787e-05
	1.013619965929185e-05
	1.013555713693705e-05
	1.013641052961907e-05
	1.014281198034935e-05
	1.015444670053662e-05
	1.017128976657554e-05
	1.019393291232162e-05
	1.021829672986905e-05
	1.024698855827141e-05
	1.027202710606131e-05
	1.029745063812346e-05
	1.031920336483204e-05
	1.033651871475322e-05
	1.035583616917369e-05
	1.03716379699565e-05
	1.039086975821992e-05
	1.040753211886614e-05
	1.042180930003527e-05
	1.04307416632175e-05
	1.043450125268165e-05
	1.042863458280083e-05
	1.041604239384005e-05
	1.039734623031995e-05
	1.037892522762456e-05
	1.036438520859353e-05
	1.03515985812473e-05
	1.034108217484363e-05
	1.033293452167381e-05
	1.032750034680642e-05
	1.03241994665932e-05
	1.032105627894884e-05
	1.031812409614823e-05
	1.031727669614367e-05
	1.031804204753229e-05
	1.032006607036276e-05
	1.032341815450546e-05
	1.032465369761473e-05
	1.032283440241373e-05
	1.031951724647723e-05
	1.031194468375694e-05
	1.030324643842323e-05
	1.029410543002433e-05
	1.028801962535323e-05
	1.028382418267898e-05
	1.02878988727859e-05
	1.030010531604265e-05
	1.031250450324723e-05
	1.032191712840162e-05
	1.032809521136573e-05
	1.032994726360175e-05
	1.032977697063394e-05
	1.033122484156819e-05
	1.03299553841548e-05
	1.033035077550505e-05
	1.033429002286246e-05
	1.034182070517531e-05
	1.035143414725496e-05
	1.035684977635955e-05
	1.035688085482917e-05
	1.034786825110396e-05
	1.03330372014248e-05
	1.031281208628631e-05
	1.02842039164157e-05
	1.025475045350128e-05
	1.023495658979e-05
	1.02231279453524e-05
	1.021854214756349e-05
	1.021809972193042e-05
	1.022272863598059e-05
	1.022751469334341e-05
	1.023488682790946e-05
	1.024607085440108e-05
	1.025687055864384e-05
	1.026949437127406e-05
	1.028214551954009e-05
	1.029569708168515e-05
	1.03097076885592e-05
	1.032015125905747e-05
	1.032629203706347e-05
	1.033158858827066e-05
	1.033596777036072e-05
	1.034219085990977e-05
	1.034547777804264e-05
	1.034843614072033e-05
	1.035576697451225e-05
	1.036517507569009e-05
	1.038041686405724e-05
	1.039895170164499e-05
	1.042101655669666e-05
	1.044716365043703e-05
	1.047687118776563e-05
	1.0506406208435e-05
	1.053579304891975e-05
	1.056881650287893e-05
	1.059850051891084e-05
	1.062635285312425e-05
	1.065429802924936e-05
	1.068078237578887e-05
	1.070353840086252e-05
	1.072609007488868e-05
	1.073954416352309e-05
	1.074512197813166e-05
	1.074622549790593e-05
	1.074247563813274e-05
	1.073747909805219e-05
	1.073373762696552e-05
	1.073129229264961e-05
	1.073211424920036e-05
	1.073565299378587e-05
	1.074466617786175e-05
	1.075764149831284e-05
	1.077618879863484e-05
	1.080080767148873e-05
	1.082911297913761e-05
	1.08611319002876e-05
	1.089161261842648e-05
	1.091851304019631e-05
	1.093880825314301e-05
	1.095947520903353e-05
	1.0979511853045e-05
	1.099887538265785e-05
	1.101597358446325e-05
	1.103258091966233e-05
	1.104676450967337e-05
	1.104887395398276e-05
	1.103759465749911e-05
	1.101420524284594e-05
	1.098318528731578e-05
	1.095055850126581e-05
	1.092025072331135e-05
	1.089488961527179e-05
	1.087468584413378e-05
	1.085757104953209e-05
	1.084126861976822e-05
	1.08244684553972e-05
	1.080500813018263e-05
	1.078042521849982e-05
	1.075466514411503e-05
	1.073395057682071e-05
	1.071878833075256e-05
	1.070342576882388e-05
	1.069441861985986e-05
	1.068588653882645e-05
	1.068538793911922e-05
