	8.204517804360155e-06
	9.836408178821386e-06
	9.140773454465176e-06
	7.474427261351279e-06
	5.863290521391086e-06
	4.581589512371357e-06
	3.613381555235139e-06
	2.893748642989119e-06
	2.347096021948899e-06
	1.929653684292055e-06
	1.610559549116444e-06
	1.36409695248602e-06
	1.171363877903953e-06
	1.01879801634977e-06
	8.966623764495327e-07
	7.975933457279579e-07
	7.159325234443961e-07
	6.476192826431699e-07
	5.89390053760279e-07
	5.387733915562681e-07
	4.889377074328682e-07
	4.456495083493799e-07
	4.089507154097559e-07
	3.776083216621195e-07
	3.526137441508969e-07
	3.312352110034231e-07
	3.117884902316795e-07
	2.940838652528117e-07
	2.780023180123767e-07
	2.634332117474636e-07
	2.501918306999079e-07
	2.382252079902135e-07
	2.274501527263593e-07
	2.176909057914922e-07
	2.087823884686991e-07
	2.006401057755062e-07
	1.931664048921316e-07
	1.862293465543623e-07
	1.796980240027085e-07
	1.735276550532584e-07
	1.678401656351846e-07
	1.625555195127123e-07
	1.575994791081307e-07
	1.530373658144938e-07
	1.48890332211273e-07
	1.451015219573771e-07
	1.417513818930898e-07
	1.387050751311136e-07
	1.357764712723148e-07
	1.329376699073782e-07
	1.301043976980778e-07
	1.272813350333782e-07
	1.245468211223871e-07
	1.2198534263064e-07
	1.195916014259068e-07
	1.172948593575019e-07
	1.150498728603548e-07
	1.12852385380484e-07
	1.108442877882885e-07
	1.091064555715983e-07
	1.075493784745416e-07
	1.0604711569106e-07
	1.045758523914759e-07
	1.030704799574907e-07
	1.015816444201972e-07
	1.001504215060646e-07
	9.884435803015764e-08
	9.768181154247908e-08
	9.658943525003744e-08
	9.550418102903796e-08
	9.441846917125566e-08
	9.338705323475552e-08
	9.242530119481737e-08
	9.154015800344369e-08
	9.075849639243306e-08
	9.005716202266936e-08
	8.935796868253382e-08
	8.868286588817866e-08
	8.801314173884019e-08
	8.728531863362184e-08
	8.656732318010168e-08
	8.590121325289647e-08
	8.530131637144385e-08
	8.474275134510714e-08
	8.421484236201506e-08
	8.372382485409318e-08
	8.325667595110896e-08
	8.272486389391709e-08
	8.211157423775464e-08
	8.147825206643809e-08
	8.091150899811524e-08
	8.041306064965781e-08
	7.99370171721664e-08
	7.94103213428218e-08
	7.886567172895672e-08
	7.835819601651798e-08
	7.790922669211124e-08
	7.753248811239342e-08
	7.716852053617003e-08
	7.67712846460031e-08
	7.636896404280782e-08
	7.597242016861417e-08
	7.559407097303959e-08
	7.523321079092045e-08
	7.485407327929338e-08
	7.443588391178273e-08
	7.397494060961017e-08
	7.344610230876414e-08
	7.286115346531722e-08
	7.227160036933468e-08
	7.171584573560943e-08
	7.120057831835095e-08
	7.072511751493765e-08
	7.030613856033264e-08
	6.994312838075181e-08
	6.960822351868444e-08
	6.927066055323998e-08
	6.888873495480138e-08
	6.846062714656201e-08
	6.802194577651144e-08
	6.758067636581862e-08
	6.715817922661474e-08
	6.673820303889347e-08
	6.626874261043003e-08
	6.572119648361941e-08
	6.513961927537628e-08
	6.455882645506132e-08
	6.399595970681094e-08
	6.34557073420896e-08
	6.297219792897768e-08
	6.256994413474693e-08
	6.22504869680465e-08
	6.196564976711858e-08
	6.166793187659602e-08
	6.136654824234545e-08
	6.103245592209358e-08
	6.068015735743459e-08
	6.033181732057895e-08
	6.001402019244463e-08
	5.979094391848976e-08
	5.966745559169582e-08
	5.959049825473419e-08
	5.948762199404157e-08
	5.932704117196368e-08
	5.910283882299387e-08
	5.884647991212964e-08
	5.859082118516088e-08
	5.830734966848878e-08
	5.798953124961809e-08
	5.763925295443767e-08
	5.728383428164836e-08
	5.694143491647516e-08
	5.661436666397336e-08
	5.63111783432911e-08
	5.605776344497308e-08
	5.583354823411485e-08
	5.565102701066752e-08
	5.550530219469966e-08
	5.5385881639984e-08
	5.525472636667203e-08
	5.511493688761206e-08
	5.495396906804018e-08
	5.473736770639332e-08
	5.447496587093202e-08
	5.419180705287723e-08
	5.388442015646112e-08
	5.356613935482108e-08
	5.326646904103782e-08
	5.299453370328496e-08
	5.27265357251649e-08
	5.240507981300791e-08
	5.20653277271683e-08
	5.17438483122751e-08
	5.147947659287687e-08
	5.129657864701392e-08
	5.117437303833063e-08
	5.108583744175183e-08
	5.101099041789303e-08
	5.092914250012744e-08
	5.084821574607895e-08
	5.072077174199472e-08
	5.056350839412641e-08
	5.039134268078858e-08
	5.019562169704767e-08
	5.001639626826921e-08
	4.985562610264409e-08
	4.967100429463799e-08
	4.944835443449732e-08
	4.920545154050465e-08
	4.897068784409133e-08
	4.876186454166705e-08
	4.858169936105896e-08
	4.841481841747069e-08
	4.826482396934265e-08
	4.813354831326966e-08
	4.800002288911045e-08
	4.784994863314404e-08
	4.768808570641514e-08
	4.749457396178968e-08
	4.728385458567382e-08
	4.707501387010668e-08
	4.690021521004175e-08
	4.675722152391305e-08
	4.662748487742933e-08
	4.651295313541861e-08
	4.642394879514902e-08
	4.635252028755687e-08
	4.627552631086063e-08
	4.619420742589386e-08
	4.607801926034676e-08
	4.594359658845438e-08
	4.580640771064268e-08
	4.5684531762702e-08
	4.559374148795856e-08
	4.55154223950799e-08
	4.542181924200969e-08
	4.531610789723258e-08
	4.520449950615116e-08
	4.509936772295176e-08
	4.499241078815112e-08
	4.489062396569789e-08
	4.478314154079574e-08
	4.468738376229792e-08
	4.461493123158664e-08
	4.456823726287468e-08
	4.45236663805952e-08
	4.449424502174921e-08
	4.445677246618739e-08
	4.440862434487319e-08
	4.434016866157367e-08
	4.424698308120192e-08
	4.413259239572915e-08
	4.402617939873085e-08
	4.394233421651157e-08
	4.388621476278232e-08
	4.383223850904763e-08
	4.378051131280546e-08
	4.371216677863821e-08
	4.359310702708581e-08
	4.342159711220815e-08
	4.32451428710252e-08
	4.307075874315829e-08
	4.289129556472229e-08
	4.271958136718461e-08
	4.25273508246865e-08
	4.23114997469916e-08
	4.209886331213808e-08
	4.186569285450492e-08
	4.163586173886977e-08
	4.140009992819307e-08
	4.115118411214218e-08
	4.089875100189423e-08
	4.066730694597029e-08
	4.046663486417943e-08
	4.030611582975003e-08
	4.018584743911488e-08
	4.007997322381594e-08
	3.998569250957448e-08
	3.989650096696601e-08
	3.98039186503911e-08
	3.969699464077662e-08
	3.957685486183909e-08
	3.943847101493408e-08
	3.926896933019944e-08
	3.908567274506997e-08
	3.890626193577854e-08
	3.873397818918242e-08
	3.860356520051507e-08
	3.851240661489906e-08
	3.842386505574317e-08
	3.83336799246384e-08
	3.827797470578079e-08
	3.827354983534032e-08
	3.833279735648236e-08
	3.842077274429594e-08
	3.846128280145811e-08
	3.84560395113137e-08
	3.843395962546231e-08
	3.839109584981859e-08
	3.832371459689233e-08
	3.827831993706164e-08
	3.822750160962645e-08
	3.815584870054485e-08
	3.80852610163057e-08
	3.801970375350468e-08
	3.797907031259293e-08
	3.794073859669099e-08
	3.788808326287137e-08
	3.781994539292819e-08
	3.77483980010757e-08
	3.767729633692832e-08
	3.760673430494602e-08
	3.754748432969283e-08
	3.747965545989504e-08
	3.741416429524256e-08
	3.736091720333259e-08
	3.731645026494632e-08
	3.727256597869117e-08
	3.721143081265485e-08
	3.713981800493142e-08
	3.706501432582474e-08
	3.69659230120239e-08
	3.685822997915213e-08
	3.675610423512917e-08
	3.665161172155571e-08
	3.654868657104096e-08
	3.644407728968042e-08
	3.634784606257589e-08
	3.62628116808396e-08
	3.6187842399903e-08
	3.612057457009926e-08
	3.606824907670452e-08
	3.604796243839087e-08
	3.603664401235276e-08
	3.601681378961674e-08
	3.599254185962078e-08
	3.59774246036631e-08
	3.596680938160907e-08
	3.596898467609857e-08
	3.597974308086793e-08
	3.597412955941113e-08
	3.594294506381669e-08
	3.590808890984728e-08
	3.58791525476953e-08
	3.584744338042432e-08
	3.580268716965129e-08
	3.57341649562115e-08
	3.566105136361567e-08
	3.560485173216264e-08
	3.558205741035397e-08
	3.558844956398825e-08
	3.560520565568547e-08
	3.559558932640611e-08
	3.554381523290731e-08
	3.546047388213904e-08
	3.535551532195857e-08
	3.525341361359515e-08
	3.517443818076646e-08
	3.514531669219255e-08
	3.518825693446996e-08
	3.528551701864512e-08
	3.537785575476254e-08
	3.543747892001023e-08
	3.546702953101951e-08
	3.549585714889234e-08
	3.555164957939582e-08
	3.563599956706604e-08
	3.573570774826507e-08
	3.585373814057323e-08
	3.595515663940634e-08
	3.601948475590546e-08
	3.604524709813011e-08
	3.604108204525536e-08
	3.602348284396965e-08
	3.598514423600485e-08
	3.594132706339847e-08
	3.590402298910258e-08
	3.589190232104505e-08
	3.590635268484304e-08
	3.592721556067481e-08
	3.593930761255227e-08
	3.594393520780654e-08
	3.593917818715685e-08
	3.592149702393763e-08
	3.590095620603354e-08
	3.59047321941907e-08
	3.592606837077009e-08
	3.592928633861061e-08
	3.588961428569851e-08
	3.581062413013346e-08
	3.571342578461776e-08
	3.562149196460381e-08
	3.553782430394887e-08
	3.545457269732194e-08
	3.53816981949232e-08
	3.531991614377131e-08
	3.526514684504964e-08
	3.521145167348057e-08
	3.515481092682653e-08
	3.510878122700282e-08
	3.506231204381872e-08
	3.500811285246765e-08
	3.493292400764069e-08
	3.482474970228822e-08
	3.470455893211095e-08
	3.460715895079216e-08
	3.454943231529388e-08
	3.453143371947688e-08
	3.452362640653504e-08
	3.450903131460986e-08
	3.449528360828972e-08
	3.448886491032516e-08
	3.450161356699424e-08
	3.452850961764543e-08
	3.454845239801853e-08
	3.455416640957963e-08
	3.454237478984905e-08
	3.452384647163951e-08
	3.449357693928477e-08
	3.444428958747295e-08
	3.438181302003457e-08
	3.430021144778382e-08
	3.419731837934007e-08
	3.41294027046819e-08
	3.407328172653025e-08
	3.402627315208541e-08
	3.397563288914364e-08
	3.388312633559428e-08
	3.374952277797685e-08
	3.360712378201441e-08
	3.348643171686402e-08
	3.340614967917385e-08
	3.336223073837395e-08
	3.335188954292195e-08
	3.337901337270601e-08
	3.341099962531502e-08
	3.343476705917765e-08
	3.347171298146028e-08
	3.35366447187267e-08
	3.360857511376397e-08
	3.367170467906298e-08
	3.370475896909711e-08
	3.36861650351779e-08
	3.363547158075578e-08
	3.358585071664584e-08
	3.353892214087656e-08
	3.350429419631051e-08
	3.347180723519133e-08
	3.34328153872883e-08
	3.339536576680966e-08
	3.336757347662508e-08
	3.335101230195262e-08
	3.333889461595567e-08
	3.33235222363763e-08
	3.331261099019175e-08
	3.329616559830486e-08
	3.329266090359292e-08
	3.331705207792322e-08
	3.336256192777043e-08
	3.342572496398379e-08
	3.348542886970608e-08
	3.352910535010284e-08
	3.354662583600374e-08
	3.352860519182099e-08
	3.348111405999591e-08
	3.342013175222483e-08
	3.336654102611968e-08
	3.332154262567982e-08
	3.329214103109926e-08
	3.328536424435284e-08
	3.329991509081243e-08
	3.331638294740443e-08
	3.333197683318389e-08
	3.332874564767715e-08
	3.333293718948858e-08
	3.334922383340827e-08
	3.336553523030948e-08
	3.338564046350382e-08
	3.3404698643733e-08
	3.342987748112052e-08
	3.347175351956047e-08
	3.352989396364573e-08
	3.360880973502088e-08
	3.369490318325524e-08
	3.377833908476067e-08
	3.382830900616921e-08
	3.384517936539942e-08
	3.382573507951743e-08
	3.377610965852496e-08
	3.371549311628771e-08
	3.368353611206428e-08
	3.366438469238128e-08
	3.363018287818187e-08
	3.357006523458963e-08
	3.349700907825945e-08
	3.343322733779629e-08
	3.337157690789573e-08
	3.32887329056012e-08
	3.319630901217424e-08
	3.309326270273342e-08
	3.297473133753407e-08
	3.284820689017443e-08
	3.271936885839308e-08
	3.260647429530665e-08
	3.251407608257179e-08
	3.243991977375624e-08
	3.239309688287773e-08
	3.236794660844157e-08
	3.235027348358221e-08
	3.233351667189719e-08
	3.230085717692537e-08
	3.22405992230449e-08
	3.213755275981274e-08
	3.201448355326775e-08
	3.188850030077221e-08
	3.176966007849988e-08
	3.166662486874246e-08
	3.160134315726951e-08
	3.155201757815928e-08
	3.149562811733322e-08
	3.141872001832479e-08
	3.130748361828706e-08
	3.117639882715136e-08
	3.104577937699846e-08
	3.092499814224404e-08
	3.082544561370044e-08
	3.07497825387385e-08
	3.068833214643808e-08
	3.064854411005672e-08
	3.06149230073335e-08
	3.058277386165446e-08
	3.056223803280555e-08
	3.053730844910268e-08
	3.049423951221605e-08
	3.043291031165716e-08
	3.035419932492628e-08
	3.028336134495861e-08
	3.021615218187631e-08
	3.017180482111428e-08
	3.014185987642777e-08
	3.009572793173537e-08
	3.00247572902188e-08
	2.995146270654059e-08
	2.98920218214257e-08
	2.987932257753988e-08
	2.990858265489011e-08
	2.995675190834308e-08
	2.999855249056055e-08
	3.003170685955587e-08
	3.00702300596022e-08
	3.012520187239016e-08
	3.018059828758316e-08
	3.021647924559823e-08
	3.02218029892153e-08
	3.020762056514692e-08
	3.017820527102113e-08
	3.013690363115632e-08
	3.009572315963254e-08
	3.007812305620458e-08
	3.00814688872788e-08
	3.010192809999401e-08
	3.010894684191893e-08
	3.009153827907201e-08
	3.005266292634172e-08
	2.999727576277448e-08
	2.994675955193346e-08
	2.990561570859889e-08
	2.987264332743642e-08
	2.983855547123439e-08
	2.982753410359865e-08
	2.98357901368832e-08
	2.9855596741968e-08
	2.985697604982659e-08
	2.98163392937698e-08
	2.974013239052121e-08
	2.965647299365493e-08
	2.958226791159922e-08
	2.952137477395782e-08
	2.947880834580483e-08
	2.946445869646917e-08
	2.948545580977831e-08
	2.952162641562768e-08
	2.956653112810018e-08
	2.960439774707358e-08
	2.963368668419632e-08
	2.964627464718367e-08
	2.963271408734539e-08
	2.958793095262047e-08
	2.950595766830101e-08
	2.940508325335854e-08
	2.931311253136609e-08
	2.92430200116512e-08
	2.920773229399359e-08
	2.919496835730733e-08
	2.918332427584229e-08
	2.91586743200975e-08
	2.912031792400943e-08
	2.907281191989937e-08
	2.902538551988635e-08
	2.899525174050002e-08
	2.898314816138138e-08
	2.898771478000526e-08
	2.900256625987707e-08
	2.9018347866915e-08
	2.90082119482521e-08
	2.894522533042392e-08
	2.881467844846156e-08
	2.863314931867508e-08
	2.843277685223984e-08
	2.825450703330341e-08
	2.811625388337911e-08
	2.800808477354396e-08
	2.79109237286413e-08
	2.780878795724778e-08
	2.771199018047745e-08
	2.762163849436519e-08
	2.754253753997775e-08
	2.748544443679888e-08
	2.746361790569088e-08
	2.746709390780184e-08
	2.745853951535508e-08
	2.741253648711277e-08
	2.733215236359884e-08
	2.723501784218054e-08
	2.714061793844128e-08
	2.703890072562477e-08
	2.692105620104056e-08
	2.678009806449592e-08
	2.661602309781701e-08
	2.642640360231898e-08
	2.623787524074413e-08
	2.608684519726838e-08
	2.599396034421845e-08
	2.594951144926975e-08
	2.592562183766257e-08
	2.591730843317845e-08
	2.59314921136975e-08
	2.595530826013989e-08
	2.597919382963985e-08
	2.597535585363147e-08
	2.592848383692649e-08
	2.584856384371186e-08
	2.574546316550351e-08
	2.564174050063079e-08
	2.554415906424293e-08
	2.546962565896944e-08
	2.540992382359598e-08
	2.536844300079696e-08
	2.535227225094089e-08
	2.535857173646666e-08
	2.538692088611209e-08
	2.544404437445827e-08
	2.552384484177536e-08
	2.560889129880394e-08
	2.568633330788285e-08
	2.574789931164194e-08
	2.580033589664415e-08
	2.586534702840102e-08
	2.59203385701577e-08
	2.596593232540905e-08
	2.599558243495483e-08
	2.602186870651916e-08
	2.605238927962741e-08
	2.606640897749081e-08
	2.605803375154838e-08
	2.602906256829837e-08
	2.598394551242049e-08
	2.591722672403563e-08
	2.585201268169486e-08
	2.57946878485556e-08
	2.575039115152993e-08
	2.571738891569792e-08
	2.567283944686387e-08
	2.561950894930661e-08
	2.555526465805327e-08
	2.547972264221729e-08
	2.538755872354102e-08
	2.528694263193347e-08
	2.520068841903283e-08
	2.514388575688683e-08
	2.510395273973774e-08
	2.506327635335549e-08
	2.502014311034161e-08
	2.499492646795998e-08
	2.499557060575585e-08
	2.501815061142766e-08
	2.506941502614412e-08
	2.517209188173359e-08
	2.531779014886687e-08
	2.547320254328518e-08
	2.56081469265473e-08
	2.571998351313953e-08
	2.580298583601636e-08
	2.586539996681531e-08
	2.591658510395309e-08
	2.597792833913829e-08
	2.607588496823285e-08
	2.620344352150183e-08
	2.63411143586542e-08
	2.647117613726384e-08
	2.656985340893458e-08
	2.662297570586986e-08
	2.664990517219719e-08
	2.666245638721801e-08
	2.667110656275863e-08
	2.667703864912399e-08
	2.667355398891552e-08
	2.667004904800928e-08
	2.667241891405991e-08
	2.668458151782084e-08
	2.672125354982332e-08
	2.680782577890025e-08
	2.694791908052829e-08
	2.709636966763394e-08
	2.721939528908145e-08
	2.730142786321178e-08
	2.731546530674628e-08
	2.726147663883288e-08
	2.717556765086479e-08
	2.708965573047005e-08
	2.699070373451107e-08
	2.690395923954835e-08
	2.682301833394398e-08
	2.675498737779829e-08
	2.668132436914015e-08
	2.657976347522918e-08
	2.645160136645988e-08
	2.630233111965341e-08
	2.613589668852417e-08
	2.596352358979369e-08
	2.580220154727765e-08
	2.56493006830196e-08
	2.551171635647123e-08
	2.539567601437552e-08
	2.530541611601132e-08
	2.524439927760036e-08
	2.521398280535051e-08
	2.521722904262443e-08
	2.523658676957857e-08
	2.526347777750041e-08
	2.528909998002767e-08
	2.530886550833471e-08
	2.531266329322739e-08
	2.529167330397279e-08
	2.524757350787892e-08
	2.519956385466388e-08
	2.514057263609624e-08
	2.506374965745609e-08
	2.49708494686309e-08
	2.48729562305695e-08
	2.479233507648247e-08
	2.474709521733951e-08
	2.475382974576912e-08
	2.478542719511495e-08
	2.482491901747895e-08
	2.485996517855211e-08
	2.488460968472206e-08
	2.490433359568865e-08
	2.491086713098675e-08
	2.489709390126413e-08
	2.486743495202477e-08
	2.482097527087737e-08
	2.477421106970616e-08
	2.472694965746015e-08
	2.469183322936533e-08
	2.4663608336662e-08
	2.463216603012603e-08
	2.458437066824004e-08
	2.453266396146815e-08
	2.449311849060524e-08
	2.447622022178021e-08
	2.448861035458275e-08
	2.452270430389454e-08
	2.456393140684878e-08
	2.460327453312205e-08
	2.463885594591503e-08
	2.466136299682824e-08
	2.468173419712628e-08
	2.46978503528878e-08
	2.471922125224522e-08
	2.475685018198725e-08
	2.480839334761999e-08
	2.485281338496096e-08
	2.487785850126629e-08
	2.489217923316705e-08
	2.489345246858808e-08
	2.488000581145898e-08
	2.485241070200063e-08
	2.481104102745708e-08
	2.476187358216555e-08
	2.470539428194555e-08
	2.463120641637893e-08
	2.454180095238424e-08
	2.44471156351703e-08
	2.436375805932753e-08
	2.429338647626612e-08
	2.424099489749307e-08
	2.420076060822661e-08
	2.418430267250918e-08
	2.419153902203098e-08
	2.420441764954528e-08
	2.420821121545808e-08
	2.420823976564057e-08
	2.419912695365864e-08
	2.418978843768154e-08
	2.420249254854753e-08
	2.424907764785978e-08
	2.430998174449767e-08
	2.436595491963446e-08
	2.440276618683806e-08
	2.442460287506038e-08
	2.44323253698901e-08
	2.442664087311694e-08
	2.440273727470296e-08
	2.435776635251201e-08
	2.429722527413597e-08
	2.422970471690736e-08
	2.416857920279967e-08
	2.412353708740525e-08
	2.409559306884081e-08
	2.407769405662894e-08
	2.405097456458572e-08
	2.403393113054588e-08
	2.403769526945174e-08
	2.406969263862485e-08
	2.413878538234822e-08
	2.423209532564012e-08
	2.43101373856144e-08
	2.436671932607845e-08
	2.439709765439861e-08
	2.440328177403613e-08
	2.439083398870981e-08
	2.436672668589864e-08
	2.434142382974486e-08
	2.430278689693294e-08
	2.426722877579223e-08
	2.426855902441032e-08
	2.430409628680836e-08
	2.433409706638771e-08
	2.435381616390595e-08
	2.436768624274498e-08
	2.436699736640177e-08
	2.435515116919023e-08
	2.433666271801989e-08
	2.432458143070838e-08
	2.432532942371198e-08
	2.433632064799839e-08
	2.43424697684408e-08
	2.433425923283261e-08
	2.429552920248825e-08
	2.422310916208693e-08
	2.413064053618387e-08
	2.402899098105037e-08
	2.391785148932024e-08
	2.381669719388461e-08
	2.37406193188365e-08
	2.368598406497036e-08
	2.363574540327071e-08
	2.359986160619625e-08
	2.357748781362693e-08
	2.356446706212341e-08
	2.355891325008255e-08
	2.356355917347936e-08
	2.359790795741926e-08
	2.365554571732904e-08
	2.371073067000399e-08
	2.375493364872908e-08
	2.378291863491366e-08
	2.379273826434613e-08
	2.377762742977314e-08
	2.372902817892967e-08
	2.366330217696557e-08
	2.359988869221449e-08
	2.356665572918389e-08
	2.356879273940766e-08
	2.35864049420976e-08
	2.360488578814097e-08
	2.36111443028111e-08
	2.360536091105582e-08
	2.358192463846331e-08
	2.355529195934522e-08
	2.354943729980161e-08
	2.356669754685153e-08
	2.359539707895558e-08
	2.360830036887739e-08
	2.35894796060428e-08
	2.352748180923608e-08
	2.344648636378797e-08
	2.335106844501929e-08
	2.325489123444991e-08
	2.318584263997946e-08
	2.315310949311561e-08
	2.315381169323644e-08
	2.317068890593873e-08
	2.318724457717551e-08
	2.32086816620168e-08
	2.321866947483663e-08
	2.320709038978437e-08
	2.316759576632202e-08
	2.311245430839084e-08
	2.30525615349711e-08
	2.2991536789796e-08
	2.294189628136737e-08
	2.291425319563895e-08
	2.291050076014036e-08
	2.291182219279164e-08
	2.292023593674736e-08
	2.293281676784871e-08
	2.295677582953478e-08
	2.299098128824467e-08
	2.301442968872011e-08
	2.302849378461452e-08
	2.304528639385023e-08
	2.305676791025191e-08
	2.305158890377549e-08
	2.304076936892264e-08
	2.302486171116146e-08
	2.300550478066474e-08
	2.298756107206053e-08
	2.295999301794523e-08
	2.292727000119245e-08
	2.290314192228713e-08
	2.288924649916453e-08
	2.287514877996848e-08
	2.286810478432034e-08
	2.289514065465927e-08
	2.294526642174811e-08
	2.301080112542609e-08
	2.308549655600425e-08
	2.31431576033909e-08
	2.317361253153396e-08
	2.319959073659461e-08
	2.324298950798885e-08
	2.330710523404293e-08
	2.339517079221049e-08
	2.349651514085491e-08
	2.359396712623308e-08
	2.3672868961792e-08
	2.373822633283734e-08
	2.378576420691184e-08
	2.380538770834561e-08
	2.3790347532039e-08
	2.37460406400589e-08
	2.368359823599486e-08
	2.361431440286737e-08
	2.353746668501639e-08
	2.34530934674869e-08
	2.335489750038163e-08
	2.32536539271238e-08
	2.315789660687154e-08
	2.309656213746711e-08
	2.308821098257399e-08
	2.313049387549974e-08
	2.320477877480725e-08
	2.32849463375544e-08
	2.335635606501174e-08
	2.343953691253949e-08
	2.352696019422551e-08
	2.361376987041951e-08
	2.368994949601331e-08
	2.373283768554884e-08
	2.372927029168264e-08
	2.369777921431804e-08
	2.365963049382007e-08
	2.360389322650008e-08
	2.352428460133639e-08
	2.341802915118609e-08
	2.327400646029467e-08
	2.310568643086305e-08
	2.295451203374977e-08
	2.286285167221954e-08
	2.283308567269795e-08
	2.28493530352139e-08
	2.289890612890344e-08
	2.297549637977682e-08
	2.307268570610568e-08
	2.31735942974194e-08
	2.327904091322962e-08
	2.339867848164625e-08
	2.352207634744085e-08
	2.362171183378641e-08
	2.368064928146761e-08
	2.371104502043682e-08
	2.371306953283513e-08
	2.369294191492812e-08
	2.365496649435075e-08
	2.361737461219003e-08
	2.357862464725433e-08
	2.355028437978601e-08
	2.354176154600503e-08
	2.354516278258596e-08
	2.355949683850047e-08
	2.35810875535423e-08
	2.361101084888354e-08
	2.364558868866804e-08
	2.366199144713318e-08
	2.36625410271772e-08
	2.366186679517756e-08
	2.365750902205162e-08
	2.365741423707554e-08
	2.36650633012104e-08
	2.366545139843328e-08
	2.366941668153742e-08
	2.369003267255298e-08
	2.37217071161892e-08
	2.373917527027556e-08
	2.373380548059195e-08
	2.371131865324477e-08
	2.367169225007626e-08
	2.362643356388317e-08
	2.360113698258463e-08
	2.359742450710669e-08
	2.361382958781679e-08
	2.363148002503146e-08
	2.36415312610752e-08
	2.364335858718085e-08
	2.364018038398783e-08
	2.3619654536991e-08
	2.358042839630001e-08
	2.351992128253946e-08
	2.343206348502779e-08
	2.334262757666648e-08
	2.326648593580257e-08
	2.321926131792845e-08
	2.320416386663987e-08
	2.321383113741756e-08
	2.322502177433597e-08
	2.323128351047725e-08
	2.324442084344829e-08
	2.327496929041496e-08
	2.331208271299521e-08
	2.333688344384192e-08
	2.334676819068169e-08
	2.33457964178746e-08
	2.332808394870773e-08
	2.330543738191993e-08
	2.329889051503631e-08
	2.332482322369271e-08
	2.338769554426049e-08
	2.347366108939976e-08
	2.35678694176498e-08
	2.366760097805988e-08
	2.373865665466288e-08
	2.376036656634972e-08
	2.372247281980467e-08
	2.364371380970799e-08
	2.354323965085414e-08
	2.345208475050524e-08
	2.33906581292302e-08
	2.335744412694057e-08
	2.336654509663803e-08
	2.34050068619442e-08
	2.342672429511284e-08
	2.341245283456187e-08
	2.336855570044184e-08
	2.332931482346795e-08
	2.332035193141362e-08
	2.333714250431992e-08
	2.337060930187585e-08
	2.341229590212139e-08
	2.345031169428733e-08
	2.347315466510034e-08
	2.347180099245279e-08
	2.344488017226773e-08
	2.340812044764927e-08
	2.337864152000194e-08
	2.335147671491106e-08
	2.330912894861835e-08
	2.32466785947956e-08
	2.318093387785508e-08
	2.312627232173156e-08
	2.308841196213668e-08
	2.307755076324634e-08
	2.308481566135564e-08
	2.310274367830757e-08
	2.312709078736587e-08
	2.314340905450435e-08
	2.314069272589397e-08
	2.312782072619208e-08
	2.308957041759519e-08
	2.302674973109229e-08
	2.295024573531722e-08
	2.286411175345598e-08
	2.277743280338622e-08
	2.270428894769688e-08
	2.265818426085491e-08
	2.263630987779933e-08
	2.262702174755413e-08
	2.261514721777885e-08
	2.259054955103354e-08
	2.254364878323252e-08
	2.247520823374003e-08
	2.2386951735054e-08
	2.228542519485346e-08
	2.216731054984565e-08
	2.204309218965067e-08
	2.193329883881632e-08
	2.185620543871282e-08
	2.181253488450362e-08
	2.178733252854967e-08
	2.176191630540083e-08
	2.171871731499982e-08
	2.166473359804858e-08
	2.161553533860929e-08
	2.157887896623681e-08
	2.153954436425407e-08
	2.150413135947213e-08
	2.148290454323291e-08
	2.148035891652103e-08
	2.149254463668747e-08
	2.150272292054133e-08
	2.151110535185267e-08
	2.151943649010959e-08
	2.153502061001074e-08
	2.15702692590529e-08
	2.161730872091677e-08
	2.166662083969414e-08
	2.172870370370451e-08
	2.180910248728392e-08
	2.189946607292142e-08
	2.198217258108324e-08
	2.204707831406311e-08
	2.209820932130278e-08
	2.215102854160969e-08
	2.223025189625994e-08
	2.232837618596073e-08
	2.24423334282874e-08
	2.254496142418021e-08
	2.262073192919563e-08
	2.266935355861457e-08
	2.270483657865553e-08
	2.273544945442551e-08
	2.275770000073271e-08
	2.27722962383813e-08
	2.278722031841591e-08
	2.280766120044286e-08
	2.283338477005128e-08
	2.287140780331813e-08
	2.29156477203531e-08
	2.294222785343573e-08
	2.295008861335476e-08
	2.295713803535745e-08
	2.298869605466043e-08
	2.30416181267359e-08
	2.310905372953028e-08
	2.317240238005787e-08
	2.321224752196016e-08
	2.32273681235242e-08
	2.323024252786546e-08
	2.323402955029871e-08
	2.323815530254017e-08
	2.324240502662534e-08
	2.323220893182496e-08
	2.321491607825849e-08
	2.321035837982539e-08
	2.322011112275348e-08
	2.323240181772975e-08
	2.325003370641889e-08
	2.326361342571675e-08
	2.326559097729384e-08
	2.325011247886245e-08
	2.323317404039923e-08
	2.322297127024215e-08
	2.320082254681808e-08
	2.315415880276377e-08
	2.306838453540227e-08
	2.293502987437356e-08
	2.278318741392291e-08
	2.263988441034174e-08
	2.253118919393302e-08
	2.247553444319723e-08
	2.246401665573251e-08
	2.248137922945369e-08
	2.249198802540807e-08
	2.247822817245487e-08
	2.24427954751616e-08
	2.241051988308772e-08
	2.239686455576335e-08
	2.240363752891871e-08
	2.24327551907424e-08
	2.247379741736665e-08
	2.252179578773897e-08
	2.257347591633438e-08
	2.260615017824776e-08
	2.260446733245809e-08
	2.25977684269443e-08
	2.261421177894177e-08
	2.264556036589457e-08
	2.267221561209556e-08
	2.268177794720842e-08
	2.268302887348285e-08
	2.267035315278793e-08
	2.265323471732155e-08
	2.263687944387756e-08
	2.262991359903225e-08
	2.262887350462766e-08
	2.263327410366185e-08
	2.264858088398045e-08
	2.265293110238555e-08
	2.264478698804371e-08
	2.263503249167956e-08
	2.263385160974328e-08
	2.265774776082181e-08
	2.270823295048002e-08
	2.277053059810647e-08
	2.282378616570269e-08
	2.284496928264387e-08
	2.284860377887794e-08
	2.285866217503655e-08
	2.288086837421604e-08
	2.292107697018088e-08
	2.297924473506631e-08
	2.303290359318679e-08
	2.306971518208747e-08
	2.310114371528476e-08
	2.313416377730787e-08
	2.317552224298041e-08
	2.32232739552369e-08
	2.327744666590116e-08
	2.333054236370157e-08
	2.337301181894474e-08
	2.339610924762307e-08
	2.339648491726143e-08
	2.336505147700969e-08
	2.330891708851714e-08
	2.324387173319135e-08
	2.318878397381839e-08
	2.31469313118837e-08
	2.310623164811228e-08
	2.305020513861581e-08
	2.296729724920238e-08
	2.286273454861866e-08
	2.274855623611273e-08
	2.263826922878852e-08
	2.254426464543455e-08
	2.246784638044969e-08
	2.240600607267553e-08
	2.235885037092185e-08
	2.233897550349589e-08
	2.233772818319273e-08
	2.235178734539e-08
	2.237182431464404e-08
	2.240693402483028e-08
	2.242458280765928e-08
	2.241574646073119e-08
	2.238111846707401e-08
	2.231661885226693e-08
	2.224953629120144e-08
	2.218519021685788e-08
	2.212499141511077e-08
	2.208830892318026e-08
	2.208849218990553e-08
	2.212316741751644e-08
	2.216767957873539e-08
	2.220724017964746e-08
	2.223736809478068e-08
	2.224793995270628e-08
	2.22360558342667e-08
	2.219656920981055e-08
	2.212816336969612e-08
	2.205134394123509e-08
	2.199712538563069e-08
	2.196990633417865e-08
	2.197521965417112e-08
	2.201971987800534e-08
	2.209607308111711e-08
	2.218500128446265e-08
	2.227140090298478e-08
	2.235327022814316e-08
	2.242238042432581e-08
	2.247310537648842e-08
	2.250080497537669e-08
	2.250420360531305e-08
	2.249703323303668e-08
	2.247437060533385e-08
	2.243365898396194e-08
	2.237779920881766e-08
	2.230820913367502e-08
	2.225978055894168e-08
	2.225136911215223e-08
	2.227435064282335e-08
	2.229223978110941e-08
	2.227879857382351e-08
	2.223706277623279e-08
	2.215940004933774e-08
	2.206495217736028e-08
	2.198944001993684e-08
	2.194437808827636e-08
	2.192270202863956e-08
	2.189363012309126e-08
	2.184426471651497e-08
	2.180291462323522e-08
	2.177260889092567e-08
	2.174838289315398e-08
	2.172736821266644e-08
	2.171851346140649e-08
	2.173608636522707e-08
	2.177591984896613e-08
	2.181344864674071e-08
	2.184366882290809e-08
	2.188027153293305e-08
	2.192495390596745e-08
	2.196989305397896e-08
	2.200132423186573e-08
	2.200588826717625e-08
	2.199283671004871e-08
	2.198995612882492e-08
	2.200432942186204e-08
	2.202011124655739e-08
	2.203649830925584e-08
	2.206258593517462e-08
	2.211424704327395e-08
	2.216066932312409e-08
	2.21798457534034e-08
	2.216553950523543e-08
	2.214081094973467e-08
	2.215209648113063e-08
	2.221057264818058e-08
	2.229793426792135e-08
	2.241762825514792e-08
	2.25190343178336e-08
	2.25641157132372e-08
	2.254951756297608e-08
	2.250292309908207e-08
	2.245702517036632e-08
	2.242468477233879e-08
	2.240196966186461e-08
	2.238267710883458e-08
	2.237450403055595e-08
	2.237149737451572e-08
	2.236867365125929e-08
	2.23455569694671e-08
	2.230703217842829e-08
	2.225044474827116e-08
	2.217714415025251e-08
	2.210292614236489e-08
	2.204171316311391e-08
	2.19952854319624e-08
	2.196634990765569e-08
	2.195607004899462e-08
	2.195657690109371e-08
	2.195086416781626e-08
	2.191918449334657e-08
	2.185142921711075e-08
	2.175587859091042e-08
	2.16553016408449e-08
	2.156244082832772e-08
	2.149378961860027e-08
	2.145111162329447e-08
	2.143655633745622e-08
	2.144012009253874e-08
	2.144584460683324e-08
	2.144073404334187e-08
	2.141241495658117e-08
	2.137606888874204e-08
	2.136156730272221e-08
	2.137818624506844e-08
	2.142371463656687e-08
	2.148923093568374e-08
	2.155939003587661e-08
	2.160638245699217e-08
	2.162675111532364e-08
	2.16261949329758e-08
	2.16123446867777e-08
	2.157669981035534e-08
	2.152850658981745e-08
	2.147526767998375e-08
	2.143159196668972e-08
	2.141594219949681e-08
	2.143891818538739e-08
	2.147712921162757e-08
	2.151434084091223e-08
	2.154523997787336e-08
	2.156910189247429e-08
	2.158324634552518e-08
	2.158404213449375e-08
	2.156770036996498e-08
	2.153945808754419e-08
	2.151381888381489e-08
	2.148442642231669e-08
	2.143930661186657e-08
	2.139569994564868e-08
	2.136069133726101e-08
	2.134875691312698e-08
	2.134871645628827e-08
	2.134634857593471e-08
	2.133866672185798e-08
	2.133076838821042e-08
	2.131779714855815e-08
	2.130661297903713e-08
	2.130797291766314e-08
	2.130908745168695e-08
	2.131769790619912e-08
	2.133572974534796e-08
	2.135164607218715e-08
	2.133348168035205e-08
	2.128012814532017e-08
	2.119811917825975e-08
	2.111955231106133e-08
	2.106029774161476e-08
	2.100981613640422e-08
	2.096754551220459e-08
	2.092157195820575e-08
	2.087309832718014e-08
	2.083198602769192e-08
	2.080288314354451e-08
	2.079064119337104e-08
	2.079086526975143e-08
	2.078562021998624e-08
	2.076210100108099e-08
	2.072568633650956e-08
	2.067945921796471e-08
	2.063586287409997e-08
	2.060990067605793e-08
	2.060427938689142e-08
	2.059955484772214e-08
	2.058921381297514e-08
	2.05851235394552e-08
	2.059448800052337e-08
	2.061902242646497e-08
	2.065444720581984e-08
	2.068703981017745e-08
	2.071496814032657e-08
	2.075279734297957e-08
	2.07931321372135e-08
	2.081046778886173e-08
	2.079157644668477e-08
	2.075215506854523e-08
	2.071852420032241e-08
	2.069937376589839e-08
	2.067867478423231e-08
	2.065713532526925e-08
	2.065295644769503e-08
	2.06654827060952e-08
	2.068657795174528e-08
	2.07134309712181e-08
	2.073545153543354e-08
	2.075947020586713e-08
	2.078459710736456e-08
	2.080218352711779e-08
	2.081630370609067e-08
	2.083209739507438e-08
	2.084576345255356e-08
	2.085809677781606e-08
	2.086474107310656e-08
	2.086644321007361e-08
	2.086212828635702e-08
	2.085012630917578e-08
	2.084432917865467e-08
	2.086142383283399e-08
	2.089350372122922e-08
	2.091450100143184e-08
	2.092166538724402e-08
	2.091860495153124e-08
	2.091010960989392e-08
	2.090647915768399e-08
	2.091793568152821e-08
	2.092541516650193e-08
	2.09207008973355e-08
	2.089673754531229e-08
	2.085674703931288e-08
	2.080903694545309e-08
	2.078223689281579e-08
	2.078970888181531e-08
	2.083093179069071e-08
	2.089173561001132e-08
	2.095699066800594e-08
	2.101753256116416e-08
	2.106518690855906e-08
	2.110304585249095e-08
	2.113846361056247e-08
	2.118019274422113e-08
	2.123534741642611e-08
	2.129819411401023e-08
	2.134906260151888e-08
	2.137728940997683e-08
	2.138792668564874e-08
	2.139738418516192e-08
	2.141369550156093e-08
	2.143140848337983e-08
	2.145560221841558e-08
	2.148929710540337e-08
	2.153703572662823e-08
	2.159745965238228e-08
	2.166628015419085e-08
	2.17298247154443e-08
	2.176386207368426e-08
	2.175986459650823e-08
	2.172558852348269e-08
	2.16773360106608e-08
	2.161192723867729e-08
	2.152548049898527e-08
	2.141591602088749e-08
	2.130809790329131e-08
	2.122921254163587e-08
	2.119591983716093e-08
	2.121686553445415e-08
	2.125936039148506e-08
	2.129993343350894e-08
	2.132352634774494e-08
	2.133950114809686e-08
	2.134966513038568e-08
	2.134597814704653e-08
	2.131838097834586e-08
	2.125593548541871e-08
	2.118132239543193e-08
	2.110519035271377e-08
	2.104080211655468e-08
	2.099724768001271e-08
	2.098435370942343e-08
	2.100355094359758e-08
	2.104220987414543e-08
	2.108827800742355e-08
	2.113096850853296e-08
	2.117467981302468e-08
	2.122055230966238e-08
	2.127886920067999e-08
	2.133272970501576e-08
	2.136124123777141e-08
	2.137396847440113e-08
	2.137613599766262e-08
	2.139985775847405e-08
	2.144304280246279e-08
	2.149471337331271e-08
	2.152986814072065e-08
	2.15495398832012e-08
	2.156545036557354e-08
	2.157338799164233e-08
	2.157532437543122e-08
	2.157065426988731e-08
	2.157503311793017e-08
	2.158864473238087e-08
	2.161073497503457e-08
	2.16284986152348e-08
	2.163938341885436e-08
	2.164206122083877e-08
	2.163651040687421e-08
	2.162723576107437e-08
	2.16174444297202e-08
	2.16133455858767e-08
	2.162392900344533e-08
	2.164425136544267e-08
	2.165406037272056e-08
	2.16677847593904e-08
	2.169396381932611e-08
	2.172409803356901e-08
	2.174733049327817e-08
	2.176089750791487e-08
	2.177925497217469e-08
	2.179783024141161e-08
	2.18013913901883e-08
	2.178838833063397e-08
	2.175873686101669e-08
	2.172008316908308e-08
	2.169443662065439e-08
	2.169412613289929e-08
	2.171782249114346e-08
	2.17450641657207e-08
	2.17578119300266e-08
	2.175605222148715e-08
	2.175828490974004e-08
	2.178124077477687e-08
	2.18273629439333e-08
	2.189344949828999e-08
	2.19614771818792e-08
	2.199051732489986e-08
	2.199531315424746e-08
	2.198975781795081e-08
	2.199982258899096e-08
	2.202564043736882e-08
	2.203944311418968e-08
	2.203945394079333e-08
	2.203966394718737e-08
	2.205651832638027e-08
	2.209352762719002e-08
	2.213914805819386e-08
	2.217014151753207e-08
	2.216512325188011e-08
	2.213332430423754e-08
	2.208650377447328e-08
	2.203892728493839e-08
	2.201831451699e-08
	2.201699477572229e-08
	2.203446569282372e-08
	2.206587760286393e-08
	2.211180375294581e-08
	2.217357244789833e-08
	2.225686568577446e-08
	2.236379475823446e-08
	2.248225813737734e-08
	2.258092344358172e-08
	2.264741126087473e-08
	2.267505281474753e-08
	2.266308435837072e-08
	2.26356647325143e-08
	2.261844630326449e-08
	2.261816871699985e-08
	2.263221491010856e-08
	2.265591665816442e-08
	2.269292904608739e-08
	2.274475484237085e-08
	2.282142855196341e-08
	2.291919902693156e-08
	2.30377215593968e-08
	2.316149666112284e-08
	2.32600796478982e-08
	2.331766146013259e-08
	2.33343317439124e-08
	2.332442370550553e-08
	2.330541286159651e-08
	2.327688740219702e-08
	2.323031454327249e-08
	2.316007432459163e-08
	2.308101131171989e-08
	2.302682164588323e-08
	2.300878784218167e-08
	2.301673858541645e-08
	2.302250641723853e-08
	2.300941905728404e-08
	2.298515589680587e-08
	2.297600902852963e-08
	2.296083382689786e-08
	2.294098899154412e-08
	2.290814270455382e-08
	2.287915871780686e-08
	2.286416525194389e-08
	2.289096659713295e-08
	2.294070936018283e-08
	2.299896663317058e-08
	2.305348563492214e-08
	2.311291344437335e-08
	2.316841007092521e-08
	2.318809570575855e-08
	2.31526704211032e-08
	2.306549792329767e-08
	2.294167535282682e-08
	2.282492541716894e-08
	2.275682853578876e-08
	2.274318758249828e-08
	2.273817534395941e-08
	2.272605881444404e-08
	2.271894648709456e-08
	2.274579021878141e-08
	2.278516544399394e-08
	2.281527664698791e-08
	2.283191745706548e-08
	2.285056561181823e-08
	2.287253929249918e-08
	2.286984357248111e-08
	2.284195134075332e-08
	2.278300500332086e-08
	2.269623475402108e-08
	2.260261899403586e-08
	2.254935128406248e-08
	2.253311283244228e-08
	2.254081443731259e-08
	2.255858041278979e-08
	2.256008807460498e-08
	2.253315720396331e-08
	2.248874505450603e-08
	2.245199374979674e-08
	2.243985235052906e-08
	2.244831217119987e-08
	2.246111668899014e-08
	2.246202892651779e-08
	2.245059383919542e-08
	2.241849208550033e-08
	2.235525741016533e-08
	2.226852113871044e-08
	2.216942586208702e-08
	2.207079281825902e-08
	2.199406932434625e-08
	2.194757789188713e-08
	2.194955148585924e-08
	2.198597147442976e-08
	2.202249390294981e-08
	2.203136937339777e-08
	2.202290167271904e-08
	2.199142332212555e-08
	2.193106065321173e-08
	2.184852354908042e-08
	2.175066274427462e-08
	2.166435153581221e-08
	2.161538648624948e-08
	2.159405203937866e-08
	2.157247135558395e-08
	2.153324613353805e-08
	2.147570676903302e-08
	2.139346369220026e-08
	2.128877285033536e-08
	2.118640035510787e-08
	2.110764751538616e-08
	2.106241066128096e-08
	2.103666203305735e-08
	2.103171886987444e-08
	2.104702230329983e-08
	2.107491506062556e-08
	2.109182073380264e-08
	2.109251694174996e-08
	2.10929041579101e-08
	2.109697718900519e-08
	2.109794047680833e-08
	2.110316526955879e-08
	2.111105727056885e-08
	2.112122193443493e-08
	2.113049657731081e-08
	2.113718862797736e-08
	2.113481169767181e-08
	2.112297589076442e-08
	2.110996957632736e-08
	2.110409514385135e-08
	2.11090111589133e-08
	2.112206738775425e-08
	2.113579360020374e-08
	2.113617892569866e-08
	2.111638902413528e-08
	2.107465660075597e-08
	2.102718743959101e-08
	2.098585750462094e-08
	2.095914906698221e-08
	2.092624721107569e-08
	2.089341391118626e-08
	2.088132530432837e-08
	2.088478647543279e-08
	2.089157499138606e-08
	2.090622669107118e-08
	2.093308964478254e-08
	2.097232099139903e-08
	2.102893532344998e-08
	2.108835180603805e-08
	2.112245386282982e-08
	2.11232832600329e-08
	2.110567464700193e-08
	2.107494493960974e-08
	2.103289905502672e-08
	2.100762443727828e-08
	2.098835383410597e-08
	2.09823546048719e-08
	2.099537101462527e-08
	2.102375852672369e-08
	2.106417797401551e-08
	2.109348647515444e-08
	2.109069674518945e-08
	2.104827717681335e-08
	2.097889494535382e-08
	2.091897498931865e-08
	2.088411810833918e-08
	2.087937290943831e-08
	2.090607223753877e-08
	2.09508120465431e-08
	2.100256015102137e-08
	2.105074003337508e-08
	2.108726882105598e-08
	2.110993052293898e-08
	2.112011824370799e-08
	2.112658902634127e-08
	2.115057740312794e-08
	2.120449014207434e-08
	2.127846819816798e-08
	2.135991670768791e-08
	2.144975169949392e-08
	2.153752529357245e-08
	2.16082799518915e-08
	2.165022813864107e-08
	2.164875806882515e-08
	2.160031362286195e-08
	2.152266824663781e-08
	2.145424427260257e-08
	2.141281293840605e-08
	2.137906801493732e-08
	2.135039495094399e-08
	2.130778656133024e-08
	2.124770242094264e-08
	2.117310013161808e-08
	2.109914880373559e-08
	2.102836587504265e-08
	2.097332413471009e-08
	2.094587888784945e-08
	2.095769656397839e-08
	2.098010438581716e-08
	2.099502179327555e-08
	2.100249869087183e-08
	2.100536740592734e-08
	2.10180488884976e-08
	2.104696709818345e-08
	2.108035835215888e-08
	2.112545036155264e-08
	2.118664321215464e-08
	2.12598093818793e-08
	2.132741416661279e-08
	2.136507142431464e-08
	2.139260163575704e-08
	2.142680038208716e-08
	2.146157838605361e-08
	2.148007409551074e-08
	2.148151101295952e-08
	2.147691146906157e-08
	2.147272769527988e-08
	2.14548528009664e-08
	2.143246376401433e-08
	2.142050268292611e-08
	2.143069399197357e-08
	2.145626020682431e-08
	2.147592775528035e-08
	2.147856147063479e-08
	2.145807694761051e-08
	2.143025881510802e-08
	2.140171711391471e-08
	2.137522292277665e-08
	2.135343200183602e-08
	2.133095237772535e-08
	2.129477049303043e-08
	2.125057459412934e-08
	2.119977854460797e-08
	2.115191739597299e-08
	2.11121177371158e-08
	2.108025478357635e-08
	2.105768467881383e-08
	2.103218669196594e-08
	2.099955080559682e-08
	2.095524118657573e-08
	2.091154516722882e-08
	2.086971341069486e-08
	2.083504860695447e-08
	2.080976656571091e-08
	2.079365771397844e-08
	2.077716062192329e-08
	2.076011823058964e-08
	2.073823339038674e-08
	2.071986701825142e-08
	2.069868621865709e-08
	2.067080031778303e-08
	2.063978034223335e-08
	2.058846780695771e-08
	2.05028151804414e-08
	2.038319526082853e-08
	2.02605299888931e-08
	2.015301619094508e-08
	2.007057474893963e-08
	2.002730694281091e-08
	2.003149687851115e-08
	2.006582714176498e-08
	2.009269573485807e-08
	2.008837684230519e-08
	2.005716056916817e-08
	2.001351028860331e-08
	1.99642665796416e-08
	1.992340298047653e-08
	1.990327324126076e-08
	1.990768818994301e-08
	1.993921954031559e-08
	1.999234167972706e-08
	2.003558016588641e-08
	2.00603862636217e-08
	2.008235446040536e-08
	2.011028686836113e-08
	2.015167873041892e-08
	2.020930309824368e-08
	2.027039036404419e-08
	2.032891409461182e-08
	2.039019906713538e-08
	2.046570723193032e-08
	2.055437191248675e-08
	2.064220135064271e-08
	2.071531613367639e-08
	2.075596312936225e-08
	2.075956344525464e-08
	2.074935455373364e-08
	2.075698695184702e-08
	2.078706388874671e-08
	2.083794830884064e-08
	2.090458838109713e-08
	2.096792009173126e-08
	2.10231228987649e-08
	2.107543489979984e-08
	2.114120078376276e-08
	2.122983419861056e-08
	2.13190710345571e-08
	2.137964875634807e-08
	2.139019494797427e-08
	2.134676638512844e-08
	2.126787128474733e-08
	2.116977181688983e-08
	2.107010803142178e-08
	2.096303718675756e-08
	2.084027863360115e-08
	2.070158476045373e-08
	2.055662660299511e-08
	2.042462144387241e-08
	2.032685663064627e-08
	2.028134626485752e-08
	2.02907650319789e-08
	2.03432928980712e-08
	2.041682026527634e-08
	2.047610496355952e-08
	2.050937743115051e-08
	2.052285370609942e-08
	2.053000080771719e-08
	2.053451203937108e-08
	2.053619624392513e-08
	2.053435871894072e-08
	2.053269202979227e-08
	2.052788170461783e-08
	2.05249233792482e-08
	2.052050874132512e-08
	2.051828198949277e-08
	2.053971477865524e-08
	2.05745851412573e-08
	2.061336396039641e-08
	2.064220450191115e-08
	2.066299044715014e-08
	2.068897189350107e-08
	2.072927391171454e-08
	2.077506070602468e-08
	2.081382041326253e-08
	2.08342653305201e-08
	2.084237400354894e-08
	2.08522315872986e-08
	2.085947379785901e-08
	2.087386408819449e-08
	2.089954919183233e-08
	2.093191908228105e-08
	2.097585785302403e-08
	2.102244910366781e-08
	2.105621493854134e-08
	2.109706634680077e-08
	2.115884268834788e-08
	2.125059381226872e-08
	2.134403674681148e-08
	2.141351328323838e-08
	2.144780793356562e-08
	2.145303196237889e-08
	2.144208880852447e-08
	2.142789126350468e-08
	2.141339924508912e-08
	2.139903571687113e-08
	2.138804370306103e-08
	2.137118675017945e-08
	2.134669982674965e-08
	2.132178352068422e-08
	2.130265937413766e-08
	2.129337901071188e-08
	2.129213810913735e-08
	2.129233137482887e-08
	2.129847364504736e-08
	2.130683732738737e-08
	2.131197854583522e-08
	2.130577354301745e-08
	2.128622033820008e-08
	2.124693569740138e-08
	2.120052960807985e-08
	2.116641457004814e-08
	2.116470020218654e-08
	2.119567297503613e-08
	2.124467945999167e-08
	2.129743622038499e-08
	2.133786192239927e-08
	2.136032158436519e-08
	2.137348519421303e-08
	2.13829176473851e-08
	2.138388736978284e-08
	2.137845981899378e-08
	2.136180557467528e-08
	2.133329489967175e-08
	2.130248944758151e-08
	2.125973119763024e-08
	2.120004769817111e-08
	2.113161229015176e-08
	2.10663660419061e-08
	2.101078220179924e-08
	2.096267543146936e-08
	2.092375557897272e-08
	2.089140053673808e-08
	2.087179894958624e-08
	2.086991093346105e-08
	2.086319242036034e-08
	2.084361836785719e-08
	2.081062087987661e-08
	2.079797180884661e-08
	2.082028332304547e-08
	2.087793651742255e-08
	2.093787760805119e-08
	2.096978075693695e-08
	2.09598833691684e-08
	2.091658720031122e-08
	2.086115324760451e-08
	2.081469051708049e-08
	2.078041910733211e-08
	2.075536695672432e-08
	2.073955070555307e-08
	2.071538885579252e-08
	2.066780902705187e-08
	2.060311200683597e-08
	2.05309366140915e-08
	2.046712369166867e-08
	2.042828250849408e-08
	2.04225272586918e-08
	2.045106229721953e-08
	2.049606818646967e-08
	2.053356812362386e-08
	2.055887974899256e-08
	2.057496393709077e-08
	2.057890590961991e-08
	2.058065007266057e-08
	2.058940116803785e-08
	2.059859400615158e-08
	2.059190609680484e-08
	2.056184362057623e-08
	2.051976825559451e-08
	2.048035652321654e-08
	2.045275701169213e-08
	2.042763795565951e-08
	2.040963575644165e-08
	2.039468401621945e-08
	2.037759644614747e-08
	2.034466599085242e-08
	2.030241390913554e-08
	2.02625584022731e-08
	2.024529851485455e-08
	2.025520239000937e-08
	2.028535442566402e-08
	2.032504965753425e-08
	2.036743330677733e-08
	2.040362114326835e-08
	2.042678837038914e-08
	2.044231074792338e-08
	2.046193154721093e-08
	2.04784095202297e-08
	2.049141131645199e-08
	2.050311449812353e-08
	2.051861549589197e-08
	2.052508180187131e-08
	2.05055440738139e-08
	2.046386118582906e-08
	2.041213016299215e-08
	2.037342085047468e-08
	2.035395753229804e-08
	2.035554949795332e-08
	2.039076066230524e-08
	2.046082912086648e-08
	2.055677910862268e-08
	2.064773377025188e-08
	2.071767311792808e-08
	2.076128621390132e-08
	2.079411746154467e-08
	2.083288570343362e-08
	2.089157016474164e-08
	2.095570637155361e-08
	2.100722495759943e-08
	2.104186487232424e-08
	2.107659300445604e-08
	2.110357961174379e-08
	2.112641810346593e-08
	2.113772107698608e-08
	2.113029085228509e-08
	2.109702070809394e-08
	2.104939938534694e-08
	2.100218508065338e-08
	2.097334622051578e-08
	2.096675435006523e-08
	2.096824840048778e-08
	2.094883380924572e-08
	2.09153446190606e-08
	2.087508248799229e-08
	2.083446502678581e-08
	2.080458737190043e-08
	2.078250564046019e-08
	2.076413279915299e-08
	2.074395614520032e-08
	2.072448851329543e-08
	2.073109378744164e-08
	2.077595625902178e-08
	2.085530044713347e-08
	2.095556978983696e-08
	2.105689635162554e-08
	2.113339297594294e-08
	2.117823816912403e-08
	2.121780709135369e-08
	2.126602714824621e-08
	2.130462157246978e-08
	2.13380332724572e-08
	2.136358721462575e-08
	2.136065625740876e-08
	2.131972350502909e-08
	2.123992296518464e-08
	2.115111804194166e-08
	2.107986954689999e-08
	2.103900343822953e-08
	2.103016618605626e-08
	2.104552971456934e-08
	2.108249808021746e-08
	2.114664210748303e-08
	2.122977752283655e-08
	2.132119481927106e-08
	2.139529383482121e-08
	2.145099423292298e-08
	2.149691123599327e-08
	2.155173683821651e-08
	2.161094663912654e-08
	2.167470600764079e-08
	2.174349331217817e-08
	2.182483758077274e-08
	2.191392922223548e-08
	2.200895659523253e-08
	2.210217816622565e-08
	2.218708704580662e-08
	2.225280652789076e-08
	2.230331566326615e-08
	2.234487825274509e-08
	2.239804687591883e-08
	2.246559964089345e-08
	2.254126100721653e-08
	2.261748042146951e-08
	2.269620148830918e-08
	2.276802300939354e-08
	2.281915870818462e-08
	2.28553383527576e-08
	2.288262180621749e-08
	2.290160863841449e-08
	2.292581046309463e-08
	2.294904012390212e-08
	2.295527372824365e-08
	2.292875028151201e-08
	2.288039921086363e-08
	2.284106933164697e-08
	2.281877922470507e-08
	2.279026124927365e-08
	2.275457126684955e-08
	2.269563681910501e-08
	2.261316765100902e-08
	2.253012002418473e-08
	2.246964212517932e-08
	2.243345603492505e-08
	2.238642185961569e-08
	2.232594449981193e-08
	2.226632901354224e-08
	2.220825020153964e-08
	2.215614771792336e-08
	2.213068418608741e-08
	2.214798880471768e-08
	2.218397121560251e-08
	2.220364013362424e-08
	2.221293699701422e-08
	2.22252368315699e-08
	2.22455719613239e-08
	2.225369920502137e-08
	2.223485612439563e-08
	2.219292383982376e-08
	2.213492848675704e-08
	2.207383583769046e-08
	2.199787378882039e-08
	2.190201521021028e-08
	2.180274933049979e-08
	2.170916112567388e-08
	2.162653176788865e-08
	2.153782551651315e-08
	2.143123352654639e-08
	2.13025256005101e-08
	2.115922390415105e-08
	2.101492125913512e-08
	2.088806652980881e-08
	2.0803172603094e-08
	2.07676490397791e-08
	2.077140117503534e-08
	2.07761098058088e-08
	2.075279649665156e-08
	2.068487950387617e-08
	2.059177775685476e-08
	2.049625559879725e-08
	2.042829907234537e-08
	2.040095078552404e-08
	2.0391041168668e-08
	2.035598143240806e-08
	2.029990291670343e-08
	2.023561500692019e-08
	2.017191833662037e-08
	2.011737905025722e-08
	2.007291705747824e-08
	2.003442787510572e-08
	2.000796016972016e-08
	1.998522899265708e-08
	1.996132342115231e-08
	1.9936888055328e-08
	1.989787521224275e-08
	1.984744045675013e-08
	1.980100678849223e-08
	1.977128268115156e-08
	1.974895702559661e-08
	1.972186385152399e-08
	1.968489072214664e-08
	1.965542646924373e-08
	1.965837322174948e-08
	1.969627597404224e-08
	1.974662274895958e-08
	1.979487085436573e-08
	1.983230317328708e-08
	1.985866832197994e-08
	1.986017109527323e-08
	1.984900523962988e-08
	1.984001216723629e-08
	1.982676221782687e-08
	1.981652356434166e-08
	1.980342761805386e-08
	1.978560619504508e-08
	1.976237906725232e-08
	1.974597154099188e-08
	1.976159313492639e-08
	1.982655941523923e-08
	1.991518237472198e-08
	2.000800196288694e-08
	2.010251057235654e-08
	2.018824068079214e-08
	2.025868496913815e-08
	2.03332634957668e-08
	2.039618983639952e-08
	2.041677565657035e-08
	2.039620438122432e-08
	2.035750977719882e-08
	2.031068707812119e-08
	2.025668091043982e-08
	2.019488599190521e-08
	2.014305013339012e-08
	2.010685953587186e-08
	2.006609894450913e-08
	2.001215036305435e-08
	1.995851478829251e-08
	1.992710945138108e-08
	1.993166413666618e-08
	1.996495330940091e-08
	2.001189077472443e-08
	2.00457374152915e-08
	2.00417032408142e-08
	2.000042865607676e-08
	1.992833590714258e-08
	1.983828440394241e-08
	1.975934103610348e-08
	1.971048605399001e-08
	1.970435672671895e-08
	1.971822016626093e-08
	1.972854091799504e-08
	1.972889654738451e-08
	1.973077748823415e-08
	1.974188154144035e-08
	1.976208308176581e-08
	1.977160922370568e-08
	1.976268229112399e-08
	1.975238384223015e-08
	1.974426492019209e-08
	1.972310444155983e-08
	1.968550034263437e-08
	1.964376027691544e-08
	1.96134096299784e-08
	1.96118475649892e-08
	1.966075135048382e-08
	1.972922836989547e-08
	1.979581848230379e-08
	1.984605937035663e-08
	1.986549275034016e-08
	1.986974437727469e-08
	1.98730902392133e-08
	1.989905931291642e-08
	1.99562854340989e-08
	2.00314936903468e-08
	2.009834438089737e-08
	2.015340679539541e-08
	2.018583236222106e-08
	2.019711076229493e-08
	2.019845067442976e-08
	2.020399639364044e-08
	2.021326165221036e-08
	2.021861406282178e-08
	2.021538191019313e-08
	2.02066365006741e-08
	2.018883183075278e-08
	2.016842106693319e-08
	2.016005280163868e-08
	2.016825873032784e-08
	2.019627497521074e-08
	2.023250867070495e-08
	2.025809641275716e-08
	2.026895375761773e-08
	2.027966538791293e-08
	2.030554753388576e-08
	2.035626597304315e-08
	2.043652263756842e-08
	2.05224162209517e-08
	2.061006516721483e-08
	2.06943765342342e-08
	2.076517311925961e-08
	2.083279866367392e-08
	2.089167274888585e-08
	2.094568804887978e-08
	2.098907722084307e-08
	2.102779387869058e-08
	2.107292561781935e-08
	2.112428948132138e-08
	2.116426588706391e-08
	2.117291975181988e-08
	2.115754830987322e-08
	2.114289728260209e-08
	2.114582009073714e-08
	2.115020867058638e-08
	2.115053773011889e-08
	2.114835919222061e-08
	2.115151825048093e-08
	2.117053543602888e-08
	2.120225818126692e-08
	2.122609873505601e-08
	2.123749222800675e-08
	2.124839195302161e-08
	2.126683230111927e-08
	2.130067225883284e-08
	2.134211710332877e-08
	2.137989961166364e-08
	2.139766080327668e-08
	2.138897276794277e-08
	2.134143105560285e-08
	2.126892804912923e-08
	2.117875287907221e-08
	2.110307013987425e-08
	2.105447102611412e-08
	2.102719818946779e-08
	2.103109365932622e-08
	2.106534990801006e-08
	2.112053069199916e-08
	2.116540870449454e-08
	2.118945726327937e-08
	2.12009698939708e-08
	2.119804621477272e-08
	2.115308252954962e-08
	2.105784155256913e-08
	2.094911504093489e-08
	2.084256829434061e-08
	2.075223211547927e-08
	2.068313348791735e-08
	2.062650710540592e-08
	2.055911636630325e-08
	2.047655766034283e-08
	2.039641893331291e-08
	2.032969234101833e-08
	2.02696028343204e-08
	2.021536489911158e-08
	2.016195867477638e-08
	2.011619018072237e-08
	2.006608131110815e-08
	2.001557798477015e-08
	1.997777414583487e-08
	1.996381144337383e-08
	1.996574660068888e-08
	1.997187819470429e-08
	1.997343513337085e-08
	1.997723145808144e-08
	1.999183823107082e-08
	2.000738581896364e-08
	2.003615426775028e-08
	2.006926561604343e-08
	2.009603108055088e-08
	2.011493121382548e-08
	2.013003832800921e-08
	2.016359493376195e-08
	2.022681267700047e-08
	2.030326227598814e-08
	2.036623745201676e-08
	2.040137868364008e-08
	2.041277765710751e-08
	2.041373294345087e-08
	2.041606610863806e-08
	2.042599129845418e-08
	2.044892275679782e-08
	2.047773865718197e-08
	2.050419461338649e-08
	2.051470053266955e-08
	2.050501403366405e-08
	2.047720566578181e-08
	2.043720339348405e-08
	2.039399835882981e-08
	2.03593673778638e-08
	2.034262726417746e-08
	2.033739850928437e-08
	2.034242802534053e-08
	2.034819529137971e-08
	2.036063451407198e-08
	2.038571403994011e-08
	2.04216502561004e-08
	2.046988388946768e-08
	2.053361735161928e-08
	2.060405012868091e-08
	2.067110889189759e-08
	2.072917640433087e-08
	2.078389741852166e-08
	2.082629153563726e-08
	2.085202158704301e-08
	2.086271908294407e-08
	2.08769746435947e-08
	2.090045082037664e-08
	2.09330965617097e-08
	2.096319851535326e-08
	2.099412399231985e-08
	2.101695817347104e-08
	2.103466206709337e-08
	2.105170900402621e-08
	2.107271283791929e-08
	2.110345056339266e-08
	2.114587858407777e-08
	2.120136669916144e-08
	2.126019818864972e-08
	2.130689564028571e-08
	2.132950595835755e-08
	2.134933812789449e-08
	2.138765245854896e-08
	2.14276822048287e-08
	2.146458057232996e-08
	2.149595665823625e-08
	2.152062016747782e-08
	2.152072478176788e-08
	2.150290805286477e-08
	2.147159278775089e-08
	2.14337964293579e-08
	2.14002901936336e-08
	2.137361546385818e-08
	2.135647772989106e-08
	2.134591961374204e-08
	2.13426367944852e-08
	2.133622359566574e-08
	2.132454344898929e-08
	2.13136257325699e-08
	2.129685537439447e-08
	2.129216858725851e-08
	2.129523213932123e-08
	2.129482928625496e-08
	2.127248720120875e-08
	2.123099987256759e-08
	2.118005134923033e-08
	2.112502925290217e-08
	2.106680056410126e-08
	2.100653465044565e-08
	2.095915597626264e-08
	2.092531759906254e-08
	2.09059794502827e-08
	2.09087592137931e-08
	2.092520789995449e-08
	2.093190590869447e-08
	2.093078753049006e-08
	2.092857406784614e-08
	2.091416778392632e-08
	2.087878927516923e-08
	2.083558793304882e-08
	2.079499222914495e-08
	2.074191195368739e-08
	2.065900849730458e-08
	2.056502090508252e-08
	2.047036121411858e-08
	2.039018546753842e-08
	2.033418959423784e-08
	2.029349516465374e-08
	2.02715185228415e-08
	2.02806680552123e-08
	2.032015101925476e-08
	2.036884888566e-08
	2.040308283955906e-08
	2.041333705805206e-08
	2.04036488601995e-08
	2.038637486204276e-08
	2.037677711838505e-08
	2.03793329037841e-08
	2.03957986299663e-08
	2.042408873741036e-08
	2.046535388609752e-08
	2.052272324694802e-08
	2.059559913024725e-08
	2.066134680172856e-08
	2.070780215677479e-08
	2.072023284060823e-08
	2.071354290078722e-08
	2.070610703106341e-08
	2.070041193656646e-08
	2.068387205306285e-08
	2.066150768390237e-08
	2.063139505315184e-08
	2.058047889849671e-08
	2.050433081466494e-08
	2.041228057341473e-08
	2.03307001061781e-08
	2.026512799109069e-08
	2.020850596962629e-08
	2.015717042187253e-08
	2.011241198208711e-08
	2.007027313912268e-08
	2.004388932579901e-08
	2.00272597880616e-08
	1.999981439399754e-08
	1.99560326693151e-08
	1.991635695666219e-08
	1.990839341051846e-08
	1.99282020434569e-08
	1.995737929492177e-08
	1.998793366006659e-08
	2.00331066992439e-08
	2.010729931390272e-08
	2.021667213939029e-08
	2.033248837866822e-08
	2.040908906432734e-08
	2.043931953565073e-08
	2.043574308769613e-08
	2.042530187453285e-08
	2.042230613140006e-08
	2.042713218643954e-08
	2.04324500746574e-08
	2.043059781410892e-08
	2.04134624237545e-08
	2.037894291651604e-08
	2.034467052183637e-08
	2.031048305659046e-08
	2.02743369294527e-08
	2.024572033636613e-08
	2.023253925119644e-08
	2.023615339969043e-08
	2.02616055816167e-08
	2.030132807969867e-08
	2.034435988102195e-08
	2.038408215210951e-08
	2.040490130797186e-08
	2.040791212395039e-08
	2.040894732953945e-08
	2.041550886219131e-08
	2.042837474832748e-08
	2.044140035087263e-08
	2.044823812135289e-08
	2.043721461737174e-08
	2.041810794105993e-08
	2.040429049705381e-08
	2.040643184203965e-08
	2.042328760350546e-08
	2.045524348031001e-08
	2.049097568519041e-08
	2.053737686496306e-08
	2.05949939586325e-08
	2.064630181111215e-08
	2.069985931021999e-08
	2.076438102899774e-08
	2.082239148401274e-08
	2.087114877412561e-08
	2.092111666327797e-08
	2.097279508788145e-08
	2.100844930889471e-08
	2.101949529430397e-08
	2.100216664516642e-08
	2.097789947424602e-08
	2.096541524446954e-08
	2.096853551190772e-08
	2.098805910526339e-08
	2.102047929035764e-08
	2.104345351915352e-08
	2.106215487117813e-08
	2.105912992931638e-08
	2.103226067784441e-08
	2.100995481060263e-08
	2.101704423297139e-08
	2.10554903572075e-08
	2.112718600255501e-08
	2.122182247056618e-08
	2.133887644274523e-08
	2.145605641712283e-08
	2.155940248973145e-08
	2.164675002394167e-08
	2.172003048272534e-08
	2.180013945301844e-08
	2.188769614661975e-08
	2.19771364697459e-08
	2.205284131886383e-08
	2.211308921017548e-08
	2.216668426074994e-08
	2.221940878853376e-08
	2.229003060317525e-08
	2.238016704171552e-08
	2.248718033489089e-08
	2.260528846316167e-08
	2.270748285272296e-08
	2.277817958781955e-08
	2.281577182197085e-08
	2.284064588131454e-08
	2.288483615004012e-08
	2.293444897851251e-08
	2.298018016314057e-08
	2.30270653423351e-08
	2.307457959946729e-08
	2.309607656174976e-08
	2.308506048275233e-08
	2.302574093017508e-08
	2.295476212727178e-08
	2.290295017965401e-08
	2.286568291949351e-08
	2.283236153885994e-08
	2.279495765079672e-08
	2.275127393929137e-08
	2.269879298350482e-08
	2.265498547817196e-08
	2.261104925820788e-08
	2.257311264039739e-08
	2.253077151495034e-08
	2.24769421271593e-08
	2.240646798763315e-08
	2.233904124815613e-08
	2.227246894328672e-08
	2.221313784157512e-08
	2.216425958666958e-08
