	1
	0.005147513572363406
	0.007083946623064897
	0.01901515067642015
	0.0044332555758202
	0.002911366074441825
	0.002498954068716796
	0.002423687779294405
	0.002459723411475742
	0.002495601875872468
	0.0024498419719264
	0.002353388134415007
	0.002262032429411294
	0.002197675592989354
	0.002162586998674105
	0.002139717602890568
	0.002115149538827476
	0.002084496901467784
	0.002057147218965378
	0.002025644932958716
	0.001994101624239215
	0.001966434444785543
	0.001951209563673859
	0.001950709019069853
	0.001959462452927439
	0.001973341245001948
	0.001981919068428734
	0.001985440095100669
	0.001983188338404069
	0.001978922477814136
	0.001975459777388432
	0.001971168552048686
	0.001967626257327403
	0.001961848224132473
	0.001954004284175814
	0.001949451278741517
	0.001947726461755302
	0.00194457255611844
	0.001943237372150853
	0.001950175175934981
	0.001963982529087247
	0.001987195930254937
	0.002018425149687081
	0.002048745912134373
	0.002072576619348998
	0.002095317860466466
	0.002118085906598816
	0.002133580944671808
	0.002146492499907587
	0.002161271712603297
	0.002181070857175561
	0.002202425084929655
	0.002218666856037885
	0.002238124426816946
	0.002256462174826752
	0.002271735437421922
	0.002283077956181024
	0.002291171579625606
	0.002295524099373701
	0.002294206338903314
	0.002294485908869148
	0.002298365763055903
	0.002303633054688973
	0.002308803382505632
	0.002315234227278094
	0.002319625603737646
	0.002320086964528618
	0.00231659709053969
	0.002313400997813887
	0.002306604602448807
	0.002293831315778238
	0.002279247527638838
	0.002266935076390045
	0.002258230137416095
	0.002255553425708726
	0.002255534717909658
	0.002257675853943212
	0.002268315171114499
	0.002292441498666524
	0.002321356508689611
	0.002344604524703743
	0.002358951500928706
	0.002369113717145762
	0.002375729182238758
	0.002382213879901209
	0.002392967334032008
	0.002405760843344285
	0.002415541116542943
	0.002421686080396917
	0.002420872535278815
	0.002420921014473109
	0.002427985209340972
	0.002434642659217204
	0.002439232417161074
	0.00244077672331281
	0.002445836241791645
	0.002459831483323763
	0.002474321569184081
	0.002489698125697972
	0.002501431984459057
	0.002507863281405826
	0.002504376685862947
	0.002495999214285001
	0.002496425393837672
	0.002507162232660022
	0.002528807953464119
	0.0025497230828469
	0.002568311408871302
	0.002587234301208413
	0.002615417251363268
	0.002642331950567082
	0.00265411347311955
	0.002650574612904917
	0.002627736603235316
	0.002580985368619856
	0.002519885038783048
	0.002458113524134941
	0.002408932400729104
	0.002389670170556162
	0.002381658105174166
	0.002376111035178451
	0.002371336974148086
	0.002361860703674759
	0.002341707043990129
	0.002311130245269289
	0.002274865102895771
	0.0022371219012001
	0.002202958063634367
	0.002170222787756243
	0.002137026729665632
	0.00210487297185859
	0.002078119561530521
	0.002055926702541247
	0.002035859930132752
	0.002019512348879564
	0.002004084952295657
	0.001984618515902768
	0.001962164003998762
	0.001938706896204672
	0.001916450056639864
	0.001896981907647629
	0.001882616130689882
	0.001870143787110198
	0.001859077120105474
	0.001850050726830899
	0.00184103517492895
	0.00182958288902338
	0.001816779328722558
	0.001802129717894408
	0.001787479557785137
	0.001773529335283177
	0.001761330238830605
	0.001749102122795331
	0.00173638575488497
	0.001724864632776121
	0.001716454090874992
	0.001710912583119456
	0.0017089955610653
	0.00170776666389921
	0.001707579768678017
	0.0017072969819297
	0.001706197472585102
	0.001701479446611116
	0.001695132663976368
	0.001688511808410237
	0.001681726801654886
	0.001673882633541781
	0.001664589750835849
	0.001652563393088711
	0.00163856334069949
	0.001623321148126698
	0.001611806578308746
	0.001605603110291056
	0.001598594871753063
	0.001586638968429392
	0.001573313546651213
	0.001554256150827067
	0.001530492271157429
	0.001506659602952473
	0.001483463310080822
	0.001460775015239739
	0.001438609940404456
	0.001423132465027007
	0.00141167162255228
	0.001404232849125458
	0.001399308752094543
	0.001394592137346651
	0.001390650725373489
	0.001386644582782458
	0.001383986649568552
	0.001382042269966071
	0.001382095995172761
	0.001382956294236891
	0.001383133951573443
	0.001381683570069651
	0.001377721179716944
	0.001370568374005094
	0.001361889861576309
	0.001352113532067761
	0.001341054002064651
	0.001330473903484093
	0.001321485351354454
	0.001314102315794356
	0.001308249562383518
	0.001304976641306123
	0.001302572789869185
	0.001302621945970201
	0.001304769626839038
	0.001308364970317611
	0.001312945193742114
	0.001317528875716736
	0.001323304326735325
	0.001328677465998365
	0.001332457479440666
	0.001334086392967493
	0.001333971466195906
	0.001332693217527854
	0.001329508170764449
	0.001325825226625849
	0.001321896151479023
	0.001318516801861372
	0.001314627691283056
	0.001311218896616909
	0.001310401718921225
	0.001313209795657458
	0.001319446045850945
	0.001327093446580115
	0.00133453617039665
	0.001341173815275909
	0.001345364869951784
	0.001344658229204016
	0.001342204015996121
	0.001338079089028355
	0.001331523020569034
	0.001324076008249371
	0.001318425761341942
	0.001315008007932436
	0.00131420190071711
	0.001316330309061596
	0.001319396188135669
	0.001321063600348475
	0.001322261120634817
	0.001323040546415909
	0.001324207068261797
	0.001327169575538436
	0.001330587933826391
	0.001331511244539932
	0.00132830011895853
	0.001320882389106296
	0.001311269073852552
	0.001299340193049614
	0.001284940061189611
	0.001269628969203558
	0.001253220222405323
	0.001240563874773847
	0.001232654324447717
	0.001225337104080281
	0.001217653775854854
	0.001209436485699931
	0.001198882303497094
	0.001185492059731246
	0.001168840403337189
	0.001150705775459468
	0.001134688586629651
	0.001121068120960723
	0.001114099032937833
	0.001111286136196641
	0.001112328185917482
	0.001115470415422093
	0.001117879393363241
	0.001120007541428157
	0.001122649949153324
	0.001123884493091118
	0.001123867227330987
	0.001122176016166378
	0.001119890016804552
	0.001119238072060068
	0.001118345047120833
	0.001115951665072662
	0.001113937185951589
	0.001112174346400759
	0.001109837021425028
	0.001106425981685486
	0.001103040791240798
	0.001101222826706406
	0.001103269663305384
	0.001105528149943321
	0.001106115657073862
	0.001106273438608448
	0.001105964257134909
	0.001105521012282904
	0.001103499473152304
	0.001097940413861125
	0.001090448171187775
	0.001082902438196107
	0.001076128869801789
	0.001070475350828072
	0.001064687835771757
	0.001058786920509206
	0.001053229437559676
	0.001048703592319005
	0.001043910342591083
	0.001039141427011339
	0.001035496468858865
	0.001033356362934655
	0.001030373693506699
	0.001025968780156079
	0.001020021952010458
	0.001012305225280237
	0.001002117214877289
	0.0009901490013254851
	0.0009770331365545263
	0.0009645241072732525
	0.0009520429326142429
	0.0009411159198366337
	0.0009322396696470709
	0.0009255743552180041
	0.0009205250483666765
	0.000917016106388025
	0.0009167289630750929
	0.0009194729668704827
	0.0009242020117018773
	0.0009290609484400751
	0.0009338149891064482
	0.0009374709239725863
	0.0009406075339535235
	0.0009433178198603966
	0.0009444476825799906
	0.0009446539663360268
	0.0009430650946884686
	0.0009401280090581074
	0.0009364883296490703
	0.0009334891403964261
	0.0009320607014900771
	0.0009319057198537134
	0.0009322644698417481
	0.0009336482151191954
	0.0009368284835235754
	0.0009399846711790544
	0.0009438910668185052
	0.0009482994333629276
	0.0009535355246823931
	0.0009588324843149887
	0.0009639144504318422
	0.0009677329923528704
	0.000971637733700988
	0.000975561284859119
	0.0009782647263610713
	0.0009799042461700678
	0.0009798348756080428
	0.0009785373222667667
	0.000975111119257266
	0.0009710389593974952
	0.0009661235188557065
	0.0009624133651489277
	0.0009593519862806106
	0.0009572981895366831
	0.0009554144426521744
	0.0009542118174730216
	0.0009532752144058368
	0.0009528943489656435
	0.0009533518740552369
	0.0009539396376042756
	0.0009540500010576126
	0.0009541381739526475
	0.0009544426555277298
	0.0009547920466818578
	0.0009539104124674329
	0.0009519184668664767
	0.0009493466073245589
	0.0009463946569538874
	0.0009436697820924594
	0.0009411746234797814
	0.0009406849926116973
	0.0009418731169840733
	0.0009435198637758545
	0.0009469094127240312
	0.0009510012479046945
	0.0009550298031542034
	0.0009582206073099276
	0.0009607878199196072
	0.0009612110099102402
	0.0009604103353426257
	0.0009602169381297
	0.0009619396131773519
	0.0009629535526731538
	0.0009618352048841815
	0.0009592827221918368
	0.0009570927977217945
	0.0009560150175564707
	0.0009543053503683166
	0.0009531345430006887
	0.0009535982958194592
	0.0009566738427668239
	0.0009617239999276387
	0.0009670421529937576
	0.0009724233214177954
	0.0009796727350602529
	0.0009882109093423646
	0.0009972010128001083
	0.001006146716684507
	0.0010147639804534
	0.001020317470841992
	0.001024530727440679
	0.001029768728833155
	0.00103590001685152
	0.00104253355530075
	0.001048924166402118
	0.001055420900772298
	0.001062707941989981
	0.001072459187425065
	0.001082281746819835
	0.001092022847213546
	0.001098233102378668
	0.001100515977774808
	0.001103539407333314
	0.001107852958185719
	0.001113114040192597
	0.001120327216580682
	0.001126170384278929
	0.001129533714908535
	0.001130474030229701
	0.001129879799449353
	0.001129671704166857
	0.001130864091577132
	0.001133826165314662
	0.001135076301527515
	0.001135298216771704
	0.001135836270749953
	0.001135446475515824
	0.001133622773886336
	0.001130767446386388
	0.001129337585573834
	0.0011292189174473
	0.001130368093053104
	0.001133061890038256
	0.001135085720998542
	0.001138398763475019
	0.001141549816839702
	0.001144763974500257
	0.001147991260460651
	0.001150986468585167
	0.001151985996799447
	0.001151309386906261
	0.00115085708712098
	0.001151361660070742
	0.001153010950897375
	0.001153410736957647
	0.001154306240160696
	0.001154855213325492
	0.001154299604712182
	0.00115354337733285
	0.0011529833288256
	0.00115304904829784
	0.001154238625318392
	0.001155001281801209
	0.001155737973586541
	0.001157337005824449
	0.001160653283097834
	0.001165241966204263
	0.001167821905048983
	0.001167983683265138
	0.001166971415744024
	0.001164302370691198
	0.001161994769964398
	0.001161007854150116
	0.00116054716496495
	0.001161863428057414
	0.001165745483760997
	0.001171533469400627
	0.001179482792443013
	0.001191792527838582
	0.00120519591969912
	0.001218700330423774
	0.001234017488715687
	0.001248848836316444
	0.001262519982573598
	0.001274183929489905
	0.00128032983905938
	0.001282808662860817
	0.001279984354610868
	0.001275520590238052
	0.001274086931214469
	0.001277274022112145
	0.001281015149896986
	0.001277875834268041
	0.001268951385000198
	0.00125672126704815
	0.001243424469502512
	0.00122789091311616
	0.0012119897435259
	0.001196385295876425
	0.001176396361932273
	0.001152585101590011
	0.001132649590439231
	0.001122018528936398
	0.001114779932820037
	0.001107223670330542
	0.001096665280666505
	0.00108339326092872
	0.001072849473610145
	0.001060863745841277
	0.001046766975021238
	0.001035127900946459
	0.001025643939772563
	0.001018033394257892
	0.00101017519965013
	0.001002084211143289
	0.0009957951378197715
	0.0009924726786075927
	0.0009909490466749526
	0.0009902531620140504
	0.0009883875551902151
	0.0009856325395172412
	0.0009819916836598967
	0.0009770002648736289
	0.0009699703690940924
	0.0009623340921853349
	0.0009564361657801971
	0.0009512747555606165
	0.0009457967409870149
	0.0009396554599749895
	0.0009329783591631841
	0.0009255797057938264
	0.0009167434575741945
	0.0009084760460742693
	0.0009013739788844679
	0.0008943351705637603
	0.0008864941670635711
	0.0008776266902767288
	0.0008692841419277036
	0.0008611698542564134
	0.0008542184621765566
	0.0008473417147959481
	0.0008389523237716518
	0.0008302033259189966
	0.000822008570016929
	0.000814211127636831
	0.0008066573655926031
	0.0008000295434050737
	0.000793550035787786
	0.0007877720994364867
	0.0007831349054946624
	0.0007802397338417133
	0.0007784492362506073
	0.0007767316649064243
	0.0007747811014786467
	0.0007729241089981109
	0.0007711532983855419
	0.0007691640518358816
	0.000767687208236133
	0.0007667123413009228
	0.0007659948185363083
	0.0007655826983085775
	0.0007650325490221327
	0.0007645504386987241
	0.0007653210893331671
	0.0007672958447256809
	0.000769847190068498
	0.0007720356472525216
	0.0007734247235578833
	0.0007743718375635391
	0.0007755534749155804
	0.0007763556360429005
	0.0007770668473469307
	0.0007778624825085465
	0.0007777568863458776
	0.0007776051798935846
	0.0007768206104638338
	0.0007753907896772481
	0.000773986438653674
	0.0007721205411879562
	0.0007697288383442882
	0.0007668486556585821
	0.000763986406591764
	0.0007617357428177981
	0.0007599489196777012
	0.0007583858941803642
	0.0007572786378897479
	0.0007566066016355569
	0.0007557861201998635
	0.0007545604996952862
	0.0007531393622294389
	0.000751483975404953
	0.000749696447035133
	0.0007480563944764955
	0.0007466221915960182
	0.0007448743219024379
	0.0007430334645643497
	0.0007411992173717356
	0.0007399693793320307
	0.0007389259882389333
	0.0007380904661657744
	0.0007377051800492617
	0.0007378728521798273
	0.0007375950021921593
	0.0007363812225256791
	0.0007337927214916964
	0.000730053450113405
	0.0007254564198463026
	0.0007199462653938196
	0.0007145196179614826
	0.0007095526194586847
	0.0007054996630808808
	0.0007018771940159126
	0.0006978597950102326
	0.0006935432358264644
	0.0006894413052547394
	0.0006862253105539668
	0.0006836045340533588
	0.0006812826250449846
	0.0006790874864452189
	0.0006779545121710096
	0.0006771906700671788
	0.000676879817671992
	0.0006774116104990078
	0.0006784915561693407
	0.0006788023028158123
	0.0006782261218435764
	0.0006778747360157102
	0.0006775871425883671
	0.0006771004796320317
	0.0006763551607615575
	0.0006753539343829605
	0.0006748936503346864
	0.0006750130759096403
	0.0006756487139847099
	0.0006759156418425665
	0.0006759813138337905
	0.0006768998694620441
	0.0006782715991695269
	0.0006795341857316591
	0.0006803416563838984
	0.00068039825862096
	0.0006800590356437502
	0.0006799249494909259
	0.0006799627526203206
	0.0006802298152613732
	0.0006800321482329156
	0.0006792364607833987
	0.0006774714814237533
	0.0006761138228530129
	0.0006754495856221001
	0.0006751104198481852
	0.0006752791105037635
	0.0006759080770313503
	0.000676571829173864
	0.0006778025898390422
	0.0006797670709819847
	0.0006824595063749415
	0.0006859370601951742
	0.0006892290123732055
	0.0006924253692079641
	0.0006960804545583643
	0.0006994516696808753
	0.0007019323972436404
	0.0007037237917312365
	0.0007046796964768189
	0.0007051928299334478
	0.0007056309370126931
	0.0007064200334058048
	0.0007068899445486681
	0.0007070947486684392
	0.0007077863433902973
	0.0007091004697921965
	0.0007107520979655129
	0.0007127803452432251
	0.0007152105336977625
	0.0007183430369168636
	0.0007213818009023692
	0.0007248850722748058
	0.0007289467749527603
	0.0007331234595200313
	0.0007366819835854067
	0.0007399325826520705
	0.0007431897861161146
	0.0007457394896861691
	0.0007475792002133906
	0.0007485674594876275
	0.0007490608812453596
	0.0007497091621499775
	0.0007497514682856421
	0.0007495464856747624
	0.0007495927598064256
	0.0007494106268674235
	0.000748967470704111
	0.000748645226929513
	0.0007495422259807054
	0.0007514559552887889
	0.0007541937144693682
	0.0007568796720257297
	0.000759421420292051
	0.000762325747277788
	0.0007651958560888878
	0.0007680372053838849
	0.0007701538872430646
	0.0007711982239752041
	0.0007721897291367233
	0.000773503060253574
	0.000774219829682784
	0.0007732490663546877
	0.0007717194041510859
	0.0007700116538821758
	0.0007674579274264819
	0.0007644547301345874
	0.0007617393583015732
	0.0007597362942999939
	0.00075806698509435
	0.0007568331331226976
	0.0007568938775061837
	0.0007582956510238293
	0.0007596837570340174
	0.000760815829300135
	0.0007621484810092807
	0.0007640980218412384
	0.0007666890094005558
	0.0007695253689899216
	0.0007716162912858429
	0.000772988917175273
	0.0007741149496364243
	0.0007749178277114634
	0.0007746406474763775
	0.0007728035169070108
	0.0007708563694310295
	0.0007677708836223777
	0.0007640576887965948
	0.0007597156059336307
	0.0007557750817159397
	0.0007513152174295257
	0.0007457936503066367
	0.0007388403453073533
	0.0007315429469660219
	0.0007250183053156656
	0.000719013201968381
	0.0007127754197438572
	0.0007071387259446212
	0.0007027321657501316
	0.0006983499878953696
	0.0006943855834384417
	0.0006911700506550474
	0.0006885471945675616
	0.0006860630963740546
	0.0006829554870768647
	0.0006797731371459592
	0.0006764280482861014
	0.0006735218131109184
	0.0006705562215443596
	0.0006679684857270289
	0.0006653645191157762
	0.0006631448172820638
	0.0006606367176164507
	0.0006580070464235271
	0.0006557677319796994
	0.0006543901835587852
	0.0006530560857379938
	0.0006516439789169752
	0.0006500469424534206
	0.0006486271826798035
	0.0006470063482247121
	0.000645748720566442
	0.0006448420534094541
	0.0006441849984819377
	0.0006441027178399848
	0.0006443748632046083
	0.0006441881564011564
	0.0006437295898563661
	0.0006429606805590522
	0.0006417819378997361
	0.0006404332677896364
	0.00063860207550071
	0.0006360921489669743
	0.0006329082352152303
	0.0006293315507899907
	0.0006256847866912749
	0.0006218427111578316
	0.0006184709103973825
	0.0006158114686429385
	0.0006132757165806494
	0.0006112341181526132
	0.0006098386491649228
	0.0006093792209048989
	0.0006098185294148261
	0.0006109446427827416
	0.0006119957335631831
	0.0006130315097939831
	0.0006135529651161529
	0.0006134659361262156
	0.0006125815360339264
	0.0006112319812474116
	0.0006098517148700002
	0.0006082716492941906
	0.0006066339574179895
	0.000605280751324323
	0.0006036540879271318
	0.0006021360120198061
	0.0006005401432728049
	0.0005984810171266042
	0.0005959354134649223
	0.0005934458991281898
	0.000591513793409361
	0.000589414157940124
	0.0005869441282691196
	0.0005848148497405939
	0.0005830649142896693
	0.0005818161710543676
	0.0005815010284753588
	0.0005823168813901466
	0.0005840983866596059
	0.0005866904230000546
	0.0005894406875817838
	0.0005915963977809554
	0.0005935212623390728
	0.0005958288830810907
	0.0005988043352712711
	0.0006021919247311262
	0.0006057220737146811
	0.0006086232247119212
	0.0006103745124292002
	0.0006109112298346806
	0.0006110153840957298
	0.0006100765964830294
	0.0006082819271412568
	0.000605904095105157
	0.0006028211978281945
	0.0005984218834457278
	0.0005934184034713272
	0.0005884288536444569
	0.0005841623609557137
	0.0005807633161361512
	0.0005775284010194361
	0.0005740585911610894
	0.0005707993593215396
	0.0005681143442178225
	0.0005659361055397587
	0.0005637987763936263
	0.000561717195050398
	0.0005595690551603112
	0.0005572934207891576
	0.0005551649397316221
	0.0005531674215153227
	0.0005517086289828897
	0.0005513202209434182
	0.0005521508807323451
	0.0005541563829974017
	0.000556973843322006
	0.0005601797724583966
	0.0005630372163972023
	0.0005656042312916229
	0.0005679359137546026
	0.0005696451933022772
	0.00057087904783282
	0.0005715937506938992
	0.0005708917326903574
	0.000568512242199508
	0.0005645131354611381
	0.0005598468529680871
	0.0005551084534691004
	0.0005505001350516768
	0.0005460635643488963
	0.0005420827395826416
	0.0005386608284542001
	0.0005358580693762704
	0.0005343503509347007
	0.0005344483487116572
	0.0005357749566535542
	0.00053735254757294
	0.0005390713372440301
	0.0005412457717168614
	0.0005436913369917628
	0.0005460288328896321
	0.0005479049194020112
	0.0005492210184293157
	0.000549850623656432
	0.0005499060705150833
	0.0005500479622545115
	0.0005504709589023407
	0.0005505366807678648
	0.0005508363300664063
	0.0005515064189114881
	0.0005524943230179826
	0.0005540845176436545
	0.000556161151161657
	0.0005586803660356293
	0.0005613558713976041
	0.0005644522106508594
	0.0005676613847779747
	0.0005700455866544772
	0.000571256659800532
	0.000571431707816767
	0.0005703825354797877
	0.0005685932083101854
	0.0005663934320875484
	0.0005640411561498443
	0.0005616886993784694
	0.0005594352150128385
	0.0005571402034200148
	0.0005548483549885486
	0.0005525041454589941
	0.0005502221422491138
	0.0005492583112020538
	0.0005491902792258555
	0.0005499274076523678
	0.0005519016892838207
	0.0005546702208155683
	0.0005582144336133522
	0.0005619897226257348
	0.0005652016615210345
	0.0005678782214995663
	0.0005706260333821537
	0.000573325445305295
	0.0005756894428777203
	0.0005774921766343662
	0.000579035573226125
	0.0005800673347295279
	0.0005803285976528855
	0.0005805436394829662
	0.0005808896260336861
	0.0005808018585700435
	0.0005805927165793996
	0.0005802095546938138
	0.0005797205177394138
	0.0005791381590615871
	0.0005781545041386344
	0.000576850826018311
	0.0005758996415568005
	0.0005753750127870742
	0.0005748725726872142
	0.0005745554694350089
	0.0005740861769667147
	0.0005730216685200833
	0.0005718135889961567
	0.0005709316375512602
	0.000570190284768276
	0.0005694235106095286
	0.0005688315266332748
	0.0005679775361404527
	0.0005670361666731276
	0.0005656528964812699
	0.0005639949770845907
	0.0005627946327357521
	0.0005615912292150816
	0.0005601749898948874
	0.0005589667158322533
	0.0005586527864705332
	0.000559164058630216
	0.0005603504368868325
	0.0005617237175408877
	0.0005628807016909036
	0.0005633866736828774
	0.00056344344766465
	0.000563594199109707
	0.0005640666638026057
	0.0005652190026034038
	0.0005675287734982055
	0.0005706906668305917
	0.0005747295844446133
	0.0005793191981289696
	0.000583557967714213
	0.0005864684682057501
	0.0005887620558361708
	0.0005920684207132617
	0.0005956580033672785
	0.0005986778075951111
	0.00060075038915315
	0.0006019206025422081
	0.0006035386877265613
	0.0006062474666227316
	0.000608130669139349
	0.0006087204028202309
	0.0006077222050035843
	0.0006058571775887603
	0.0006028581784962102
	0.0005995946220208628
	0.000595859258706623
	0.0005921487910487688
	0.0005890523622798333
	0.0005864589678278538
	0.000584166417657828
	0.0005825656684915524
	0.0005815273009927169
	0.0005809705767423854
	0.0005807895472623057
	0.0005815388008284107
	0.000583185266258341
	0.0005852341154890804
	0.0005870685668367366
	0.0005887933160321508
	0.0005899665665010999
	0.0005904177659287793
	0.0005898704557998078
	0.0005886865329957958
	0.0005872548137688025
	0.0005856134517592426
	0.0005840592284915235
	0.0005825121106727628
	0.0005805911162849728
	0.0005789525476368931
	0.0005777408909337177
	0.0005767670273362002
	0.0005759263697965579
	0.0005747746658671707
	0.0005736992077275035
	0.0005727916257753024
	0.0005720306212940145
	0.0005710524401179502
	0.0005699730371117102
	0.0005685947597543092
	0.0005672213119746159
	0.0005657125641205128
	0.0005650448081007068
	0.0005654246781916002
	0.0005664983756177303
	0.0005678326533998271
	0.0005693366025373742
	0.0005708571669026145
	0.0005722446110456292
	0.0005734459961092821
	0.0005740934851670665
	0.0005737413766328907
	0.0005731401768120207
	0.0005725740957931703
	0.0005718258207316415
	0.0005709315592390765
	0.0005701475035376785
	0.00056898522362404
	0.000567324019148837
	0.0005652080128474886
	0.0005626234139929898
	0.0005599327116827818
	0.0005574652543895733
	0.0005553851057091467
	0.0005539723995890899
	0.0005530232910280253
	0.0005529170768094805
	0.0005541400663514034
	0.0005559575566991787
	0.0005570822673681197
	0.0005568915374841405
	0.0005555984583586093
	0.0005539927689451718
	0.0005525204583828512
	0.0005514369276973643
	0.0005505776036823105
	0.0005501884151203123
	0.0005505550687689363
	0.0005514093399349357
	0.0005521814353886017
	0.0005529414794967769
	0.0005532813948321163
	0.0005531790986791676
	0.0005529901919842825
	0.0005529337437756485
	0.0005530818345828242
	0.0005528937986478338
	0.000552525800900405
	0.0005521643495631116
	0.000551364805587881
	0.0005499998523345226
	0.0005483052112343547
	0.0005464172918021754
	0.0005447473387332701
	0.0005427987702653868
	0.0005407436116575509
	0.0005389655521072791
	0.0005374629143408803
	0.0005363379806722765
	0.0005353292991003435
	0.0005348651556512709
	0.0005349063986998855
	0.0005353384116269129
	0.0005358622837064953
	0.0005362894772580193
	0.0005365221951154312
	0.0005364786562788414
	0.000536592671721495
	0.000537036286413525
	0.0005374826719446903
	0.0005376316888330284
	0.0005377463677345705
	0.0005381755772155236
	0.0005385393844689573
	0.0005380918050549177
	0.0005369284265162056
	0.0005355076421936395
	0.0005341004027001965
	0.0005326786939322029
	0.0005311556655137821
	0.0005296778003344144
	0.0005281330506861272
	0.0005267644509470872
	0.0005260367428910026
	0.0005253220694324966
	0.000524429678350675
	0.0005242817494249693
	0.0005248383717091996
	0.0005252831620378214
	0.0005254935338730607
	0.0005253841809767479
	0.0005248259261809312
	0.0005240652619827779
	0.000523516993424159
	0.0005232870027419349
	0.0005234243368018569
	0.0005241407174928664
	0.0005259538999762414
	0.0005285820057580887
	0.0005310988769734109
	0.0005335184858225323
	0.0005355932765123565
	0.0005376349036024355
	0.000539659255940088
	0.0005415548692427629
	0.0005431521406759759
	0.0005443104405920563
	0.0005455366308758188
	0.0005469044332878947
	0.0005480233970586933
	0.0005488178626228156
	0.0005489218432748428
	0.0005481810958599721
	0.0005466715912336494
	0.0005443411123739639
	0.000541551030959459
	0.0005381707614961986
	0.000534590681599296
	0.0005313669551926718
	0.0005284627621209942
	0.0005261009936482058
	0.0005244679761884182
	0.0005233842553311187
	0.0005227693677174883
	0.0005226035897342079
	0.0005230956024411929
	0.0005242155405211609
	0.0005252909719125651
	0.0005260953039599981
	0.0005268271278066295
	0.0005276504213395998
	0.0005284638621928992
	0.0005292232788292296
	0.0005302067034704259
	0.0005310299779418918
	0.000531561527819839
	0.0005322218100602075
	0.0005332083673691047
	0.0005345620282802757
	0.0005362656697663709
	0.0005381340241441651
	0.0005405480308345367
	0.0005427763213430506
	0.0005447051842239221
	0.000546031432108356
	0.0005471864969124903
	0.0005482925188881897
	0.0005492614687635467
	0.0005498252424521582
	0.0005498865729477808
	0.0005494519547667085
	0.0005481448307661265
	0.0005461551412866379
	0.0005442803687142034
	0.0005424008405377945
	0.0005408753834524267
	0.0005398728151246345
	0.0005394138226573426
	0.0005397791856558659
	0.0005407863396653643
	0.000542414272903085
	0.0005439959544004916
	0.00054545479205993
	0.0005468870178116558
	0.0005480151685643195
	0.0005484958322670209
	0.000548757648582649
	0.0005496157773480799
	0.0005509084684898377
	0.0005518206913970101
	0.0005523045585226859
	0.0005526453067327535
	0.0005533297281798948
	0.0005543969725512001
	0.0005555284982161427
	0.0005562721834206809
	0.0005565243773107092
	0.0005566048716510784
	0.0005564180330669911
	0.0005560278679581056
	0.0005552674923781244
	0.0005544231061795053
	0.0005538159411790758
	0.0005535687888777036
	0.0005536939436312721
	0.0005535822296334915
	0.0005534123438849249
	0.0005533122289925437
	0.0005529797711532752
	0.0005521306826762074
	0.0005510286798643938
	0.0005501921232155245
	0.0005497632193258209
	0.0005494499491502847
	0.0005490097121178152
	0.0005486754341211583
	0.0005482795928043888
	0.000547852117782586
	0.0005475871776030662
	0.0005482665368212754
	0.0005499313017590232
	0.0005522208144536032
	0.0005545389003781392
	0.0005569328088378456
	0.000559235023870607
	0.0005611652010445732
	0.0005624406793513419
	0.000562884266501589
	0.0005623512915624484
	0.0005609083535261056
	0.0005586908058895439
	0.0005561356370586414
	0.0005533263971289615
	0.0005503838651377618
	0.0005477651914442933
	0.0005459712457487622
	0.0005446808558471379
	0.0005432686229205934
	0.000541582966152092
	0.0005398923710287105
	0.0005383059536919595
	0.0005368077196881983
	0.0005355089292296024
	0.0005344595490743963
	0.0005335951045181616
	0.0005322488460998679
	0.0005306289384410125
	0.0005293040681789199
	0.000528206422083846
	0.0005271496733650593
	0.0005261687373795886
	0.0005250451230806397
	0.0005235066057649218
	0.0005216949835304716
	0.0005202634600967969
	0.0005192157773848338
	0.0005186132334310232
	0.0005188645016291114
	0.0005203813473557977
	0.0005231373639591072
	0.0005268254220755329
	0.0005305335457711045
	0.0005335473382153323
	0.0005363670111899763
	0.0005393041576936809
	0.0005418657254405982
	0.0005440496678113996
	0.0005453836305568744
	0.000545921422407024
	0.0005455571555892403
	0.0005443901402574581
	0.000542647281748529
	0.0005409531045240954
	0.0005395869683711505
	0.0005384783258113486
	0.0005369631770030438
	0.0005351864795509258
	0.0005333617506477768
	0.0005318577663425301
	0.0005303815227001501
	0.0005286516447687431
	0.0005270898510104332
	0.0005254507438863763
	0.0005245161559039844
	0.0005245763745778149
	0.000524969787059072
	0.000525584542803425
	0.0005261026857353537
	0.0005263569035448624
	0.0005262593123875825
	0.0005261550710827441
	0.0005266145971112992
	0.0005276916626589272
	0.0005292717048075028
	0.0005311292210819867
	0.0005332221335262751
	0.0005354040472177559
	0.000536933363947313
	0.0005377335682760263
	0.0005377667518423584
	0.0005373160401482243
	0.000536335599374317
	0.0005351469270698388
	0.0005344215714252888
	0.0005343430375032395
	0.0005344043812854023
	0.0005347278977288723
	0.0005358108287804841
	0.0005377318433304556
	0.0005399196659423921
	0.0005418655735021856
	0.0005435312875437514
	0.0005449497895511411
	0.0005462162787929565
	0.0005473879518993786
	0.0005485450647850671
	0.0005495532638424269
	0.0005505391515821914
	0.0005515984264077113
	0.0005518844551839131
	0.0005513490704879601
	0.0005495547481227813
	0.0005470709909267124
	0.0005441888416059789
	0.0005408346463576513
	0.0005372601946360309
	0.0005339253957596389
	0.0005307766578069178
	0.0005279628472161447
	0.0005258250847545455
	0.0005239207383991104
	0.0005224133138322887
	0.0005210645309275595
	0.0005194388977602818
	0.00051733251118425
	0.0005148864932463597
	0.0005126987735178461
	0.0005108435595617563
	0.0005098764486311103
	0.0005097335134426242
	0.0005104036299243156
	0.0005114460252470766
	0.0005126494115337315
	0.0005140795149042488
	0.0005159082828904359
	0.0005182355691461654
	0.0005210194808640306
	0.0005240241900980582
	0.000526392548689266
	0.0005280163032794944
	0.0005286938606349554
	0.0005290298573544834
	0.0005284554321752536
	0.0005269663308114434
	0.0005251892934786218
	0.0005235256173394361
	0.0005221847166675027
	0.0005211436437929138
	0.0005199670042109487
	0.0005189590449261809
	0.0005187640276162076
	0.0005195233411616015
	0.0005210625669498642
	0.000523064704674569
	0.0005258279609263724
	0.0005292240653976647
	0.0005329770344010755
	0.0005371194212409195
	0.0005413963639425399
	0.0005455319230002787
	0.0005491973213651882
	0.0005521450248323454
	0.0005545145599614861
	0.0005558062058440878
	0.0005558747005224717
	0.0005557948885440506
	0.0005556290631888594
	0.0005554066052057527
	0.0005549019223610954
	0.0005539510474305567
	0.0005529475369637434
	0.0005521610392694755
	0.0005513713019303961
	0.0005509681500056621
	0.0005504702419599271
	0.0005491852876575242
	0.0005476479048353361
	0.0005461825325809848
	0.0005446424185681118
	0.0005428006089779534
	0.0005409540435489953
	0.000539239919826504
	0.000537275952621047
	0.0005356699441012702
	0.0005344139171237442
	0.0005337651884591982
	0.0005335385453921209
	0.0005328437603192296
	0.0005319242874418274
	0.0005310470199461063
	0.0005303349927947574
	0.0005296160006149287
	0.0005289374936974598
	0.0005278472926709386
	0.0005263184900705941
	0.0005248423422691239
	0.000523478447590515
	0.0005218011793901992
	0.0005202148198214695
	0.0005188344382632368
	0.0005172914289428819
	0.0005156331021027631
	0.0005139997299153969
	0.0005123702693109955
	0.0005109642592274103
	0.0005096527864584181
	0.0005082950419322431
	0.0005067015779119537
	0.0005048732047089002
	0.000502961879489593
	0.0005010448314762456
	0.0004990896236227024
	0.0004973323730506032
	0.0004959988588368017
	0.0004952195192780365
	0.0004949989452378279
	0.0004949667020808336
	0.0004952383765809216
	0.0004961136331431639
	0.0004975661714746748
	0.000499396811173969
	0.000501769867283801
	0.0005044586668755779
	0.0005072361729138575
	0.0005098679710063313
	0.0005121837312388299
	0.000513976116591402
	0.0005152444229611956
	0.0005160087903081867
	0.0005163145523311871
	0.0005165049823889358
	0.000516608635134169
	0.0005163379904611238
	0.0005158953091556202
	0.0005153924838145455
	0.0005151663061113089
	0.0005154275510352225
	0.000516086322952026
	0.0005168842704874342
	0.0005174792771158857
	0.0005177139725752488
	0.0005178652569203712
	0.0005182375643739398
	0.0005190772972093519
	0.000520600556477494
	0.0005227191974896935
	0.0005248764537040209
	0.0005268103236704761
	0.0005281095747928713
	0.0005281466226539665
	0.000527341987084114
	0.0005261482697822387
	0.0005250938634344486
	0.0005241736483455393
	0.0005230531999934055
	0.0005218290573213533
	0.0005207039679220384
	0.0005198628491302452
	0.0005191699008096194
	0.0005184319377077638
	0.0005172059312731088
	0.0005156886581695406
	0.0005142743210754311
	0.0005129771375757658
	0.0005114502408665173
	0.0005099187818908965
	0.0005085825199342434
	0.0005075368088591365
	0.000506888811953035
	0.000507162007606624
	0.0005081568883130163
	0.0005093993883929515
	0.0005111145158942618
	0.0005132823652844318
	0.0005155082303830861
	0.0005176590982203323
	0.0005201607382786721
	0.0005228454319008019
	0.0005250198612575976
	0.000526180536847062
	0.0005266082466512026
	0.0005264898186321598
	0.0005256479024580575
	0.0005243863683304596
	0.0005229745048825893
	0.0005217714280910384
	0.0005205293417745638
	0.0005193633190460454
	0.0005182152182353465
	0.0005171824237464999
	0.000516289455274867
	0.0005154509394904535
	0.0005145533912763466
	0.0005140625757659531
	0.0005139215736112747
	0.0005134768601079689
	0.0005130438427154157
	0.0005127454323834658
	0.0005126639620888055
	0.0005131623268783879
	0.0005143426773724698
	0.0005158241505098658
	0.0005174968466432681
	0.0005192965342451638
	0.0005211781853237066
	0.0005228499175461254
	0.0005241544394853599
	0.0005246417961838257
	0.0005241116731861902
	0.0005230023374071481
	0.0005216277208679665
	0.0005203437492471876
	0.000518863034403551
	0.0005173602313361155
	0.0005156378008463802
	0.0005137030867001708
	0.000511950049337539
	0.0005102316038526235
	0.0005084071044502905
	0.0005068761037142149
	0.0005057089227141785
	0.0005048597235827394
	0.0005041057569500228
	0.000503089282713943
	0.0005015470359833531
	0.0005000632426541475
	0.0004992440226572685
	0.0004990975966010789
	0.0004996749683896716
	0.0005008537170335996
	0.0005026887907308202
	0.0005040942569185742
	0.0005049512956098467
	0.0005055794906739854
	0.000506539139269054
	0.0005082771700878753
	0.0005103505638129676
	0.0005126930307491636
	0.0005152780559176788
	0.0005180871283846565
	0.0005208156456137765
	0.0005230099366389341
	0.000524634889934932
	0.0005258655950213172
	0.0005269808904239553
	0.0005285442227735087
	0.0005303046438035482
	0.000532930311153923
	0.0005360529777150195
	0.0005400051178581247
	0.0005443771807888638
	0.0005487965940350142
	0.0005532893552890539
	0.0005574796213316785
	0.0005608361689669204
	0.0005631472981283753
	0.0005648899026964202
	0.0005665444599543733
	0.000568240789560905
	0.0005696889427116746
	0.0005713624027171121
	0.0005732601365417331
	0.0005748021489187311
	0.0005758971506039753
	0.0005764277548791957
	0.0005766769368950372
	0.0005773609716286381
	0.0005783214448576178
	0.0005786910809518149
	0.0005788790677866112
	0.0005794953888779151
	0.0005809596145197685
	0.0005830011379965726
	0.0005860185707508826
	0.0005892667674535692
	0.0005925876209090465
	0.000596048370164503
	0.0005983059632290986
	0.0005996847189766744
	0.0006008583314309822
	0.0006009884545120399
	0.0005998086705809358
	0.0005974624994927627
	0.0005951084851286088
	0.0005928225353971613
	0.0005911359980200184
	0.0005896693283210745
	0.000590036099482014
	0.000591126575005617
	0.0005920903103652272
	0.0005928074912679482
	0.0005942586570764334
	0.0005958061648277785
	0.0005967831963221424
	0.0005975999258406591
	0.0005985555790957575
	0.0005997216973895532
	0.0006010484232037627
	0.0006029916201868312
	0.0006048699620378857
	0.0006058127284857569
	0.0006066266359736319
	0.0006068968708948676
	0.000607263735050603
	0.0006086165021260713
	0.000611225445284778
	0.0006136334719432384
	0.0006153242002257524
	0.0006168232430901539
	0.0006186473171974669
	0.0006204216240868436
	0.0006213686723072308
	0.0006211284694650188
	0.0006193371198213854
	0.0006162188748809153
	0.0006123604433754542
	0.0006083759518335448
	0.0006046260859044932
	0.0006008690639218861
	0.0005970091815800735
	0.0005936642345177792
	0.0005906880863726555
	0.000587890706183206
	0.0005851003790504279
	0.0005819352375562147
	0.000578364352210787
	0.0005747545796266781
	0.000571558166672362
	0.0005689204774946793
	0.000566537009058356
	0.00056447425935118
	0.000562698403807515
	0.0005612244846657864
	0.0005604594148774579
	0.0005601868815659497
	0.0005604490869335794
	0.0005607652968933928
	0.0005612192751598087
	0.0005620365573034196
	0.000563395358598659
	0.0005648156779088309
	0.0005662487436121472
	0.0005678428782129442
	0.0005693778875077901
	0.0005706461178319571
	0.0005717782227980508
	0.000572839218361862
	0.0005740683709142284
	0.0005759044134311328
	0.0005778927205712223
	0.0005795053059961215
	0.0005802321977449761
	0.0005803681409814073
	0.0005799579055466245
	0.0005789468079757157
	0.0005775654175616509
	0.0005761568576628209
	0.0005750231932844804
	0.0005737147201601845
	0.0005720771452020474
	0.0005702163781086462
	0.0005684068789820584
	0.0005663170048425821
	0.0005637388367859639
	0.00056151469436688
	0.0005598925720208672
	0.0005586585073323671
	0.0005578542582579816
	0.0005574589513613441
	0.0005572531729434395
	0.0005572229634919275
	0.0005574652296637121
	0.0005577723197578288
	0.0005578772036365779
	0.0005572764489832012
	0.0005554376090887412
	0.0005522087339586842
	0.0005481359102151432
	0.0005435214449949914
	0.0005388453372114783
	0.0005346488868866183
	0.0005310380682942048
	0.0005282030725780531
	0.0005259853511889629
	0.0005237739011496702
	0.0005213240915924828
	0.0005191819706203307
	0.000517385266948621
	0.0005161407572639966
	0.0005155204045747857
	0.0005152881527563405
	0.0005151977593347229
	0.0005152456638001597
	0.0005153304831870306
	0.0005154970281004043
	0.0005153834078423491
	0.0005149198045834389
	0.0005142143416093213
	0.0005131507244162901
	0.0005117913676977529
	0.0005105478539812462
	0.0005095203934018712
	0.0005088896252133066
	0.0005086431433512987
	0.0005086421263917169
	0.000509150062218286
	0.0005098750089603399
	0.0005104991172156627
	0.0005114593423299109
	0.000512492951906983
	0.000513383032554592
	0.0005139317498998848
	0.0005143132323203039
	0.0005140440443905466
	0.0005129721511192845
	0.000511772733874505
	0.0005106929094376903
	0.0005093399604552362
	0.0005082290597063308
	0.0005074817774910659
	0.0005069501297898477
	0.0005064627503907927
	0.0005062680322266582
	0.0005064470590340124
	0.0005066493096250538
	0.000506741567724161
	0.0005074895690101865
	0.0005084782430140099
	0.000509362176235173
	0.0005098366531031922
	0.0005105124834397546
	0.0005116690655344976
	0.000512573294759016
	0.0005131174579583185
	0.0005128467448598633
	0.0005116840057145083
	0.0005101501502748145
	0.0005085953399129275
	0.0005068377189071649
	0.000505012704074305
	0.0005031524910240617
	0.0005016847423145483
	0.0005008807575703646
	0.000500573311619124
	0.0005005583312304539
	0.0005003068465624063
	0.0004999628731491103
	0.0004999126474176112
	0.0005002521239024024
	0.0005014900064527842
	0.0005035915025663353
	0.0005061947195815628
	0.0005089710478019071
	0.0005116531481075204
	0.0005142754765146374
	0.0005160564042740085
	0.00051697130113817
	0.0005175221691281511
	0.0005173650310689715
	0.0005160705114618748
	0.0005138386747745749
	0.0005115238885121059
	0.0005094989063693304
	0.0005075228267131856
	0.0005054828798688728
	0.0005036711978783935
	0.0005020221609242669
	0.0005006369198474836
	0.000499817359686842
	0.0004992248074302734
	0.0004983812106418317
	0.0004974111119723189
	0.000496263671729372
	0.000494793030814356
	0.0004934789338498246
	0.0004921793799221504
	0.0004910692269305854
	0.0004902594532705148
	0.0004900843058306732
	0.0004904519030079437
	0.0004912609354142488
	0.0004922614999571951
	0.0004934315799020304
	0.0004948655079208891
	0.0004966135302045953
	0.0004986700201861753
	0.0005007560814407201
	0.0005026741769984869
	0.0005045297621926892
	0.0005065695173462931
	0.0005083751722004977
	0.0005097258577647
	0.0005105041330865205
	0.0005108984806133975
	0.0005110301455964273
	0.0005104969831790837
	0.0005087670093119259
	0.0005061707423175884
	0.0005036226447671149
	0.0005009363140054203
	0.0004980750348724999
	0.0004951525883970804
	0.0004924468228027216
	0.0004903435826231034
	0.0004892101413203645
	0.000488669075846518
	0.0004884299910636739
	0.0004889650251968018
	0.000489788205416182
	0.0004900767157736468
	0.0004898466808976315
	0.0004890103310907909
	0.0004875155389436121
	0.0004856206536574867
	0.0004839305326334912
	0.0004829812266963455
	0.0004825436662506165
	0.0004824911365616827
	0.0004827898876842803
	0.0004830507846648194
	0.0004834565731854162
	0.0004839483896190747
	0.0004842811475171479
	0.0004843866466090987
	0.0004845158798540537
	0.0004847770579317606
	0.0004855487426117833
	0.0004866457144252624
	0.0004881675085780249
	0.0004895543232606691
	0.000490556343178844
	0.0004909859884354124
	0.0004911967638105483
	0.0004917502623778944
	0.0004926190419046291
	0.0004935696790527969
	0.0004946532184783761
	0.0004958647156341815
	0.0004972684151426293
	0.0004984738486656326
	0.0004992850687162627
	0.0004998604977833968
	0.0005005591058736671
	0.0005011168964854506
	0.0005016450151548509
	0.0005021782779985413
	0.0005028029793071497
	0.000503498118996718
	0.0005042930968084744
	0.0005054463839573966
	0.0005069616013640167
	0.000508600296375947
	0.0005108450638345899
	0.0005127463446632429
	0.0005139915703067479
	0.0005151097507537431
	0.0005160059301992366
	0.000515928361321262
	0.0005151416411436526
	0.00051390465058678
	0.0005127528666239216
	0.0005113697166113913
	0.0005096564992324967
	0.0005081299642750558
	0.0005067212643890727
	0.0005058507996591919
	0.0005057092862567313
	0.000505921515788621
	0.0005063202247860126
	0.0005067248335958068
	0.000507387454748539
	0.0005081562031494797
	0.0005088302951246073
	0.0005087878278602358
	0.0005078026694500483
	0.0005063745553311782
	0.0005053903837025194
	0.0005050059255555727
	0.0005052377759207277
	0.0005056190846842295
	0.0005053903462311357
	0.0005044241795378445
	0.0005034552036660114
	0.0005026168219461551
	0.000502010570901275
	0.000501863245325606
	0.0005016948757710881
	0.0005014527901434964
	0.0005016920151004336
	0.0005023186717005097
	0.0005032917568416124
	0.000504354780996438
	0.0005051541023313649
	0.0005056013636990757
	0.0005058098121103022
	0.0005059747437140942
	0.000505914138794606
	0.0005056808277637972
	0.0005049751172068552
	0.0005041137908239773
	0.0005029686405267766
	0.0005020145095112338
	0.0005013562689392515
	0.0005003712812692428
	0.0004990652590008864
	0.0004974162547309771
	0.000495455821083897
	0.0004936178752076242
	0.0004922045449718547
	0.000490826339432534
	0.0004894769547956983
	0.0004888228056300926
	0.0004885657194191509
	0.000489038842061708
	0.0004900513546317463
	0.0004913238197540744
	0.0004928651524177277
	0.0004946928417409514
	0.0004965975415428795
	0.0004985708482568908
	0.000500396152346342
	0.0005021189925812873
	0.000504209824357031
	0.0005067435144482079
	0.0005093370961789348
	0.0005114822384911992
	0.0005129007235087677
	0.0005137173700594793
	0.000514255026612664
	0.0005141127025923039
	0.0005133895101111669
	0.0005116920929569478
	0.0005093136423017358
	0.0005071544502561554
	0.0005054871444550841
	0.0005046246415848158
	0.0005043787879120075
	0.0005043238253379606
	0.000504067689925891
	0.0005037893377139172
	0.0005032526117140309
	0.0005023254491236302
	0.0005011248799379653
	0.0004997237068644401
	0.0004979158651907795
	0.0004959098971807588
	0.0004938979699935795
	0.0004925240442817821
	0.0004919959315450647
	0.0004922812160379233
	0.0004927981709495733
	0.000493363280070729
	0.0004943922637394698
	0.0004953916138154798
	0.0004961464820346276
	0.0004965881973290556
	0.0004969756433958415
	0.0004974828819198242
	0.0004976295456735755
	0.0004970312066444909
	0.0004956699109681778
	0.000493407190606642
	0.0004905662231185628
	0.0004875095521241025
	0.0004847767182022539
	0.0004824025188328115
	0.0004802381290999783
	0.0004785286739475713
	0.0004774334553931553
	0.0004770910622657756
	0.0004770931825483099
	0.0004769652377955753
	0.0004765259340082834
	0.0004758692362393602
	0.0004753966505715429
	0.0004750643843254483
	0.0004749906136990764
	0.0004748405828497371
	0.0004746099894385656
	0.0004743445391712078
	0.0004742963435790505
	0.0004741640330969784
	0.0004738004689548118
	0.0004729941800410262
	0.0004718972388960056
	0.0004709011856256094
	0.0004700813974200094
	0.0004696705401579335
	0.0004700774575780507
	0.0004711239824291687
	0.0004725520996267759
	0.0004746158488158019
	0.0004772217686740122
	0.0004799068133012353
	0.0004825305046051595
	0.0004848166488796497
	0.0004869905932752805
	0.0004893085768279164
	0.0004916008125541401
	0.0004933408515850009
	0.0004944404263536606
	0.000494625573694849
	0.0004943664106158921
	0.0004938225868557934
	0.000493707418473647
	0.0004940143445195483
	0.0004942130193477295
	0.0004938958662387026
	0.0004936366866594056
	0.0004941402440852797
	0.000495357353095047
	0.0004967283590997831
	0.0004981462267573985
	0.0004998399007806557
	0.0005022698007465816
	0.0005045825934216445
	0.0005062689449468848
	0.0005076670193275771
	0.000508611199789627
	0.0005088664009208706
	0.0005092054070206983
	0.000509324523847062
	0.0005088934121689732
	0.0005080726427204899
	0.0005069446968351071
	0.0005057689082459114
	0.0005047472248214433
	0.0005043556006402148
	0.0005046262684833229
	0.0005053312344686864
	0.0005061592869899466
	0.000506748018927578
	0.0005071460178615966
	0.0005076429086699702
	0.0005084067287385133
	0.0005094844746402438
	0.0005109096845305617
	0.0005125160055730322
	0.0005141604783879931
	0.0005153979862754062
	0.0005170140207134678
	0.0005193122027307954
	0.0005221834520062987
	0.0005248688420854995
	0.0005272622445442152
	0.0005295099818163482
	0.0005315235046030981
	0.0005329180901979101
	0.0005335296648084023
	0.000533472871576792
	0.000532769234862048
	0.000531734451814614
	0.0005303032278843864
	0.0005282306082449352
	0.0005257365202167454
	0.0005233619044514786
	0.0005214039195184028
	0.0005201511143760291
	0.0005193568687185899
	0.0005190055026286287
	0.0005189227234895262
	0.0005189912091118874
	0.0005191197339309495
	0.0005198269767535214
	0.0005214378217887278
	0.0005233293106654532
	0.0005249242056257966
	0.0005264974198388211
	0.0005276196827548879
	0.0005280193060406862
	0.000528006840382704
	0.0005279190173989748
	0.0005279313609346324
	0.0005286135057645849
	0.0005300158489130162
	0.0005319396496358392
	0.0005343278717483535
	0.0005367430475900605
	0.0005389392476933696
	0.0005396690629615462
	0.0005394600169435187
	0.000539629670120866
	0.0005403843315402866
	0.0005423434684697284
	0.0005456140263540853
	0.0005498435521450384
	0.0005539301874497279
	0.0005590891705555563
	0.0005642220819921255
	0.000567800264759417
	0.000569810188217878
	0.0005708058351010259
	0.0005709446739934776
	0.0005704157376897535
	0.0005688335877446612
	0.0005665582044799175
	0.0005641149127613509
	0.0005615055507064839
	0.0005588414595732817
	0.0005561098949977572
	0.0005536714284980316
	0.0005518511131631018
	0.0005503969906396641
	0.0005493378356681125
	0.0005487123468476269
	0.000547914215329422
	0.0005474760299523566
	0.0005480829903973042
	0.0005501266543537804
	0.0005532955337961278
	0.0005566648846365119
	0.0005596182997401408
	0.0005616859901174517
	0.0005624189923269589
	0.0005618870536382923
	0.0005606556815704676
	0.0005593796697486582
	0.0005586287082565283
	0.0005582001006768493
	0.0005575560040700946
	0.000556287706507064
	0.0005546703345784021
	0.0005525908276721394
	0.0005501085685275682
	0.0005475552470549662
	0.0005450290370791201
	0.0005424867281018624
	0.0005401236202978245
	0.0005376900305917799
	0.0005356180042666535
	0.0005338897054979156
	0.0005326233002784565
	0.0005321053714211192
	0.0005321317363230288
	0.0005325697308710112
	0.0005332728043647035
	0.00053379387825968
	0.0005338097054604253
	0.000533325903595428
	0.0005320974824518891
	0.000530429100291295
	0.0005282519260131034
	0.0005253776619386347
	0.0005217105704801606
	0.0005172224720734595
	0.000512218224940459
	0.0005072768006907048
	0.0005026714209964138
	0.000498283890668334
	0.0004941285398131026
	0.0004906380401950433
	0.0004876908502219701
	0.0004852566009826764
	0.0004832920278692123
	0.0004811736874526208
	0.0004789573789271943
	0.0004770225057408934
	0.0004757362368534427
	0.0004747681261836257
	0.0004740114981321902
	0.0004731368520752219
	0.0004723718613126486
	0.0004715879389102886
	0.0004706913846643047
	0.0004697194574160452
	0.0004685940860242711
	0.0004671943894444498
	0.0004655216596772847
	0.0004638532135468318
	0.0004624956429364803
	0.0004612805840175378
	0.0004602608157684129
	0.0004597597176169896
	0.0004596609458020323
	0.0004601670153107926
	0.0004608586420087766
	0.000461313887357301
	0.0004613052785846811
	0.0004610282365603123
	0.0004605692398784111
	0.0004601011737249364
	0.0004600423211624034
	0.0004604506971891312
	0.0004610686135267893
	0.0004619920655740663
	0.0004634843867819992
	0.0004653830221494696
	0.0004671523673810039
	0.0004687671904661341
	0.0004703056306938577
	0.0004715761025413039
	0.0004724887936745188
	0.0004723663574049187
	0.0004712313594765317
	0.0004699959021140568
	0.0004690850024198772
	0.000468079122049523
	0.0004667477771919024
	0.0004654597947133818
	0.0004646098941709298
	0.0004641292296962047
	0.0004634743211354434
	0.000462189115409157
	0.0004608629153389087
	0.0004597109698101516
	0.0004587406877447809
	0.0004574805104121882
	0.0004559062920681108
	0.0004545344229702922
	0.0004539328653339519
	0.0004540843288970139
	0.0004546372486793052
	0.0004552735972102018
	0.0004557994062436652
	0.0004562520233221483
	0.000456619889928923
	0.0004571918055041884
	0.0004581509014204808
	0.0004596639770750521
	0.000461346779848733
	0.0004631903726343008
	0.0004648623670432943
	0.0004661357728884939
	0.0004663407557600539
	0.0004650180361785281
	0.0004630769945449578
	0.000461202393956353
	0.0004592733912332126
	0.0004578341236371865
	0.0004567094825114739
	0.0004557078573067132
	0.0004549400601619806
	0.000454402362387315
	0.0004541884020766848
	0.000454602827303239
	0.0004553690283296971
	0.0004564991766247877
	0.0004577810689143296
	0.0004590043183956825
	0.0004600221417697408
	0.0004606469719937424
	0.0004612747579164254
	0.0004619594779170121
	0.000462205330117984
	0.0004620693891332534
	0.0004617600104250089
	0.0004615583894498765
	0.0004612567140303802
	0.0004613443774543432
	0.0004616703209164962
	0.0004621014219311163
	0.0004629056886460267
	0.000464211582609116
	0.0004657000492687015
	0.0004674100896510134
	0.0004697997057803724
	0.0004732812488217525
	0.0004775886457549349
	0.0004821280124235497
	0.0004861743601344403
	0.0004896338069614029
	0.0004928145182069084
	0.0004959638619350078
	0.0004989831686990477
	0.0005015302639413645
	0.0005035475951559201
	0.0005050844213182365
	0.0005060870052433527
	0.0005069573585960788
	0.0005078474157632787
	0.0005084509464451898
	0.0005085402522615263
	0.0005080750159600465
	0.0005071748159624559
	0.0005062941630711918
	0.0005052869184563178
	0.0005037937726626623
	0.000502088251993316
	0.0005008893875248877
	0.0005001881705229876
	0.0004999928532631382
	0.000500562386944694
	0.0005018024456115981
	0.0005034893547164938
	0.0005050683277565049
	0.0005061320396991314
	0.0005067099987424592
	0.0005072105491139984
	0.0005073595727949967
	0.0005073633769782191
	0.0005073809294847463
	0.0005069562848350565
	0.0005063693954769731
	0.000505918592288868
	0.0005051706751756611
	0.0005043281819623377
	0.0005032823198064901
	0.0005018836034327311
	0.000500070045232158
	0.0004975845003363243
	0.0004950577189692597
	0.000492870160166497
	0.0004904123221164467
	0.0004870568972599467
	0.0004835103389493632
	0.0004805549046514069
	0.0004784588027810792
	0.0004771373749525898
	0.0004761690277108606
	0.0004748694002556863
	0.0004734303589273031
	0.0004721060823978914
	0.0004709809310385681
	0.0004698089553512172
	0.000468495952326125
	0.0004673286511205138
	0.0004661841799979914
	0.0004646677533032553
	0.0004627963790550686
	0.000461076961024338
	0.0004598661094709553
	0.0004596587122131794
	0.0004596363136208043
	0.0004593345242558535
	0.0004588234942715053
	0.0004586159504588908
	0.0004586969388095953
	0.00045886674066227
	0.0004589216297428979
	0.0004590050119401855
	0.0004593373114533832
	0.0004600175980143481
	0.0004610682407167036
	0.0004628628348915242
	0.0004645433958989309
	0.000465713608264061
	0.0004664172975235783
	0.0004668649115194573
	0.0004671217619547661
	0.0004671756721548761
	0.0004667633085429421
	0.000466203316413625
	0.000465524917244284
	0.0004651310338354709
	0.0004656168441661902
	0.0004666826412612944
	0.0004680624848850969
	0.0004694298745170375
	0.000470577732264978
	0.0004714637492454213
	0.0004722470997555757
	0.0004730245449944977
	0.0004737131063592407
	0.0004741526070032219
	0.0004742532655902877
	0.0004745156687481925
	0.0004749463044311221
	0.0004757835029308771
	0.0004772839465200677
	0.0004791518075610649
	0.0004811919945547278
	0.0004832741324429466
	0.0004854381124527301
	0.0004874211174572262
	0.0004888768680308079
	0.0004896954988158879
	0.0004903610707746559
	0.0004908164714549143
	0.0004909539093796508
	0.0004904831792510211
	0.0004897743842940032
	0.0004888245075646602
	0.0004871842487589343
	0.0004856023533075185
	0.0004842804657836883
	0.0004830743575373917
	0.0004819336573846624
	0.000481041942287959
	0.0004807974939667269
	0.0004809593994065443
	0.000481432235180904
	0.000482839147026189
	0.0004849406146578553
	0.000487648760611981
	0.000490672011292135
	0.0004939834706989233
	0.0004972378056517626
	0.0004996001288058065
	0.000500848885655645
	0.0005016726556182329
	0.0005020107943824224
	0.0005014830355634714
	0.0005002999759543798
	0.0004987520755189451
	0.0004968510478886592
	0.000495001817221709
	0.0004937879180815356
	0.0004931495633086718
	0.0004928502882967597
	0.0004927890707667131
	0.0004927737969903192
	0.0004926723654019902
	0.000493046751605681
	0.0004936632229702523
	0.000494389135560971
	0.0004952309878013584
	0.0004954566705752603
	0.000494838964208681
	0.0004940938117700572
	0.0004937910636660576
	0.0004936624268958781
	0.0004933894315226607
	0.0004927948258477694
	0.0004919656190044769
	0.0004910544527524543
	0.0004901839575329565
	0.0004893004317875375
	0.0004882159019799844
	0.0004871490620968356
	0.0004863831490953002
	0.000485811316033479
	0.0004850919148348722
	0.0004834152232704859
	0.0004808022674842315
	0.0004778483189370828
	0.0004752909268516217
	0.000473229407980302
	0.0004717126241394353
	0.0004702701754676921
	0.0004689701562909907
	0.0004675547828999085
	0.000465780528873305
	0.0004641878621925291
	0.0004631142254738049
	0.0004625809434455905
	0.0004622246287239756
	0.00046191101594662
	0.0004614913834044714
	0.0004609312625553131
	0.0004600328451696654
	0.0004590239561503858
	0.0004578955746480344
	0.000456417751784556
	0.000454568680666341
	0.0004526872852173578
	0.0004508585741666783
	0.0004492690028731887
	0.0004483355821401524
	0.0004478149930050324
	0.0004478674856249481
	0.0004484882760921844
	0.0004497878008527879
	0.0004513405715131726
	0.0004530060723442333
	0.0004552625719219177
	0.0004584374587213986
	0.0004620200657096199
	0.0004651084715796453
	0.0004673176771680173
	0.0004695250739972637
	0.0004719361160940362
	0.000474115640512473
	0.0004759770896972445
	0.0004774244662920562
	0.0004783858595191556
	0.0004789752705967768
	0.0004793926749139223
	0.0004796812437223797
	0.0004796762632137988
	0.0004796817055427167
	0.0004799205606172224
	0.0004802319222317567
	0.0004803635759651288
	0.0004799974262936908
	0.0004791207816193587
	0.0004777599268211519
	0.0004762355397904749
	0.0004746238029442121
	0.0004730741707158984
	0.0004715997889006895
	0.0004701092998671982
	0.0004690921207301988
	0.0004687412513512486
	0.0004691190226348773
	0.0004700660506889108
	0.0004713381646214797
	0.0004729405922512087
	0.0004747450961105603
	0.0004768010271293268
	0.0004783244800227833
	0.0004794071633823083
	0.0004803277284480323
	0.0004807430415383866
	0.0004810183672983365
	0.0004813223201809458
	0.0004815533952393786
	0.0004817044882299363
	0.0004816928570423936
	0.000481332674459537
	0.0004803173898953446
	0.0004790614756400101
	0.0004774885169094672
	0.000475577199977256
	0.0004732488980809903
	0.0004707564863611238
	0.0004682870172016782
	0.0004661562958021367
	0.0004646098593541787
	0.000463599606824406
	0.0004626808475526405
	0.0004618074188901791
	0.0004613492770932114
	0.0004615143169089577
	0.0004621751822819512
	0.0004633376440219327
	0.0004647725121677018
	0.0004660818058707049
	0.000466899822841157
	0.0004670573090547164
	0.0004670496636837552
	0.0004673990196821644
	0.0004680642264586711
	0.0004689530973738923
	0.0004701097838766251
	0.0004716785328206174
	0.0004734756598593773
	0.0004752439935088587
	0.000476950472076082
	0.0004788680761333099
	0.0004814439990915005
	0.0004846611752019046
	0.0004883552911605798
	0.0004924982286058384
	0.0004964704784116347
	0.0004998326696708865
	0.0005029539337600321
	0.0005060376774185375
	0.0005094043032867685
	0.0005133230330267711
	0.0005174596449411038
	0.0005207765052149283
	0.0005228080014389259
	0.0005234208890638648
	0.0005230051605425852
	0.000522076230671806
	0.0005210911787913253
	0.0005205648061211166
	0.0005207409467318963
	0.0005217717001897748
	0.0005233857357742926
	0.0005255826959308881
	0.0005278287640080925
	0.000529632281529881
	0.000530807596929723
	0.0005316117070483162
	0.0005324335074908396
	0.000533076258984097
	0.0005336860986281697
	0.0005342547462549855
	0.0005344770801687147
	0.0005346351276283719
	0.0005347584834362963
	0.0005353953929887146
	0.0005364197520461165
	0.000538219115870765
	0.0005402437855272272
	0.0005418102869042968
	0.0005426611032378396
	0.0005432878991537101
	0.0005431744377728582
	0.0005428659001518777
	0.0005416984385623116
	0.0005401104131568421
	0.0005383275100940293
	0.0005366658798597518
	0.0005354289736499399
	0.0005342445940574813
	0.0005328723387417707
	0.0005310198618965581
	0.0005289290203405833
	0.000526544511449388
	0.000524481684189434
	0.0005230903700769432
	0.0005228903664859109
	0.0005237320151193887
	0.0005249094869963891
	0.0005266804443545037
	0.0005289719578176501
	0.0005314022768886476
	0.0005333614877322663
