	0.2014339740469022
	0.0006929983674427388
	0.001304452876017956
	0.003289554665866867
	0.0004948955507138868
	0.0001731061917827032
	0.000112221033812996
	0.0001058821669320384
	9.853045484915738e-05
	8.471898102182389e-05
	6.48989662429985e-05
	5.540171940202276e-05
	5.219807879303514e-05
	4.634531635724452e-05
	3.992834808901307e-05
	3.33522409626399e-05
	2.540464145621951e-05
	2.275791641575912e-05
	3.103094378169405e-05
	3.450816816691477e-05
	3.418121423694204e-05
	3.219311569366894e-05
	3.026363846425903e-05
	2.860403561719785e-05
	2.736646803004741e-05
	2.661697791605151e-05
	2.657324932437734e-05
	2.721675965861066e-05
	2.775551945055512e-05
	2.740254516282924e-05
	2.620305307836139e-05
	2.49919364544276e-05
	2.417042823546545e-05
	2.377496018130936e-05
	2.387851945526612e-05
	2.433434866425539e-05
	2.463219036688375e-05
	2.446469265171012e-05
	2.398557556029035e-05
	2.358097169165448e-05
	2.32758429418519e-05
	2.28003350118786e-05
	2.224323610696458e-05
	2.166863502141815e-05
	2.109892377317871e-05
	2.062045408543396e-05
	2.072323611742105e-05
	2.151630401837401e-05
	2.232290616797245e-05
	2.287032568140596e-05
	2.29394442911408e-05
	2.28170740569049e-05
	2.234599678150179e-05
	2.203009287021022e-05
	2.228582345002591e-05
	2.285928718236017e-05
	2.284940575430134e-05
	2.248710698445037e-05
	2.224586157342041e-05
	2.205076858006506e-05
	2.197149355622731e-05
	2.20522774120688e-05
	2.211066022607456e-05
	2.209713627294135e-05
	2.208354695649851e-05
	2.181514551741539e-05
	2.140295638250547e-05
	2.089524446413814e-05
	2.049885048732377e-05
	2.020764744220448e-05
	2.03614204396919e-05
	2.09262482750637e-05
	2.121822203676015e-05
	2.08345528639088e-05
	2.025627003905482e-05
	2.005056307068274e-05
	2.042730678259845e-05
	2.121689061489676e-05
	2.194121567049551e-05
	2.194476202903951e-05
	2.129558530464888e-05
	2.049177038992031e-05
	1.991782985754996e-05
	1.948385390324721e-05
	1.906228443441172e-05
	1.867586568486988e-05
	1.827236398399032e-05
	1.798462148319279e-05
	1.789917611570014e-05
	1.799632037430396e-05
	1.793282537107838e-05
	1.758505628424383e-05
	1.72153709383911e-05
	1.727094773284121e-05
	1.775791039053655e-05
	1.819446281325148e-05
	1.8425674641431e-05
	1.858524024040981e-05
	1.875519646468743e-05
	1.876939559930462e-05
	1.848716133758135e-05
	1.792340220653993e-05
	1.715520211084951e-05
	1.66116711670854e-05
	1.654454482899556e-05
	1.686358763209502e-05
	1.737205311025389e-05
	1.781140337432654e-05
	1.804979329860601e-05
	1.789938014819556e-05
	1.732102169712354e-05
	1.644150933410428e-05
	1.551901932689286e-05
	1.482041022402412e-05
	1.445338853522732e-05
	1.441744538467478e-05
	1.457488557347285e-05
	1.465497068471835e-05
	1.455315988509794e-05
	1.432425203929131e-05
	1.407933694963939e-05
	1.386318938974026e-05
	1.373290072772685e-05
	1.389109902645778e-05
	1.425339124844372e-05
	1.459420593132095e-05
	1.473935215656948e-05
	1.456904868139179e-05
	1.419642334369354e-05
	1.386401970100666e-05
	1.352660916766886e-05
	1.327500970434592e-05
	1.315307844859377e-05
	1.308673020857047e-05
	1.295186282080413e-05
	1.264081959099343e-05
	1.218009026814202e-05
	1.170866156894864e-05
	1.143463364798167e-05
	1.138378720477978e-05
	1.151350674512137e-05
	1.170550501464534e-05
	1.172456933816655e-05
	1.171800765932736e-05
	1.172975467880841e-05
	1.17628581018796e-05
	1.185224579840772e-05
	1.203804380193388e-05
	1.229082270952494e-05
	1.24716374412773e-05
	1.251764369836446e-05
	1.24175186650393e-05
	1.219187390164758e-05
	1.187303271508671e-05
	1.150842785309477e-05
	1.116722366831964e-05
	1.092457094870767e-05
	1.083669316496385e-05
	1.090345964403422e-05
	1.109746097052646e-05
	1.140085493694712e-05
	1.168257769206247e-05
	1.185685188072486e-05
	1.183394939670276e-05
	1.171045279618468e-05
	1.157035982509899e-05
	1.145760207643962e-05
	1.142926526408964e-05
	1.15312898328543e-05
	1.176932018346015e-05
	1.20387849516404e-05
	1.224465774041062e-05
	1.240556332539932e-05
	1.249643738538411e-05
	1.250546735974856e-05
	1.243769617738595e-05
	1.228089742634755e-05
	1.212016548319814e-05
	1.201918757873e-05
	1.193911209933513e-05
	1.187293964543767e-05
	1.183766217354144e-05
	1.182651578369464e-05
	1.18621826943536e-05
	1.193109576954492e-05
	1.199387477265383e-05
	1.202241192408557e-05
	1.201206825025497e-05
	1.196621038832257e-05
	1.188396876815491e-05
	1.17447873232695e-05
	1.158039311782716e-05
	1.148137982511499e-05
	1.144885526059575e-05
	1.142467303691792e-05
	1.14318324502394e-05
	1.15462166980097e-05
	1.174446536433527e-05
	1.19939791439156e-05
	1.223468048361115e-05
	1.240259824685226e-05
	1.245331183567694e-05
	1.237839152652808e-05
	1.217331190692847e-05
	1.188868310581796e-05
	1.167978841690264e-05
	1.165405246430118e-05
	1.17995151259263e-05
	1.200548217201398e-05
	1.210502671079809e-05
	1.193548315717448e-05
	1.162364333282352e-05
	1.132696790836097e-05
	1.114124425497575e-05
	1.109706058634233e-05
	1.111750883135941e-05
	1.111555942874015e-05
	1.116484958618419e-05
	1.117039787673803e-05
	1.102225512757707e-05
	1.080001434615737e-05
	1.065486403108039e-05
	1.069721350240015e-05
	1.095145100126931e-05
	1.131214871659727e-05
	1.15528045403333e-05
	1.153822109197932e-05
	1.126039219455508e-05
	1.091954784655061e-05
	1.077552608121824e-05
	1.082021608661685e-05
	1.096108365815229e-05
	1.109034366575536e-05
	1.117289464860514e-05
	1.123009905667738e-05
	1.125584773568241e-05
	1.121266204523e-05
	1.106190429946605e-05
	1.081981467969547e-05
	1.057339619841906e-05
	1.048074675930567e-05
	1.069413313234529e-05
	1.117994362207692e-05
	1.188332382808581e-05
	1.245994701170262e-05
	1.262329766742978e-05
	1.243308125805884e-05
	1.209230850479494e-05
	1.17846948914425e-05
	1.151160958629796e-05
	1.132873239508579e-05
	1.130655712264347e-05
	1.144032596544579e-05
	1.168623862426037e-05
	1.1928055347639e-05
	1.200995884994044e-05
	1.18955215153151e-05
	1.16213426667596e-05
	1.126665752283476e-05
	1.094021503163394e-05
	1.071618937833272e-05
	1.059970168005555e-05
	1.052113150541792e-05
	1.043324828103153e-05
	1.031507230614839e-05
	1.017148003719647e-05
	1.004339307900094e-05
	9.918386215914463e-06
	9.751042013227628e-06
	9.659530092571126e-06
	9.68708515328999e-06
	9.79419241018544e-06
	9.895656618500355e-06
	9.889280175307955e-06
	9.773689222208939e-06
	9.712174741058355e-06
	9.849648779605949e-06
	1.01760187110392e-05
	1.056121828408996e-05
	1.083181235830974e-05
	1.095725165676286e-05
	1.094321518866397e-05
	1.086342574324361e-05
	1.081003200200559e-05
	1.08046539395863e-05
	1.085020837195188e-05
	1.097682158912426e-05
	1.115263550652759e-05
	1.132146368431338e-05
	1.145232098456826e-05
	1.156377868035135e-05
	1.165104353979329e-05
	1.16958781853556e-05
	1.170698080326647e-05
	1.164349867857538e-05
	1.15117506215081e-05
	1.137004024399401e-05
	1.128739493009562e-05
	1.135498070365615e-05
	1.156075094034681e-05
	1.174668580570109e-05
	1.180173357696496e-05
	1.176037033960338e-05
	1.167153786540233e-05
	1.155284878365282e-05
	1.141375525701534e-05
	1.126893153512014e-05
	1.112194598489228e-05
	1.096091212287009e-05
	1.078056575783758e-05
	1.058514550181565e-05
	1.039884508029219e-05
	1.029609402493903e-05
	1.031552079361794e-05
	1.041805948443829e-05
	1.054476495828655e-05
	1.062703110253406e-05
	1.06403182021771e-05
	1.066579970680138e-05
	1.076140992775922e-05
	1.088843661100881e-05
	1.096727902713568e-05
	1.095288974357177e-05
	1.088834156025912e-05
	1.082631158970773e-05
	1.082183584860113e-05
	1.086726228737125e-05
	1.091905943188981e-05
	1.096699866615795e-05
	1.095649508835415e-05
	1.092307106910394e-05
	1.093762577577932e-05
	1.0962905372925e-05
	1.092451134965842e-05
	1.085791237754908e-05
	1.088443595923978e-05
	1.105049290311807e-05
	1.132368356269398e-05
	1.165658602935204e-05
	1.199585251333836e-05
	1.233144454286943e-05
	1.266584201391978e-05
	1.299938408288426e-05
	1.327811950249741e-05
	1.343487862611017e-05
	1.343432684823892e-05
	1.333987283715319e-05
	1.3247133163101e-05
	1.319251804854167e-05
	1.318778135417885e-05
	1.328880118608209e-05
	1.34961939921603e-05
	1.374561676716621e-05
	1.394176879447182e-05
	1.408152997957553e-05
	1.424751464411354e-05
	1.448452064715405e-05
	1.471189917244558e-05
	1.476241999810728e-05
	1.456919173485079e-05
	1.425888005233488e-05
	1.40387318408994e-05
	1.399705922388357e-05
	1.407927604484409e-05
	1.414326839396705e-05
	1.417406339868038e-05
	1.41684915221246e-05
	1.414610236295721e-05
	1.411281717325084e-05
	1.40695043296473e-05
	1.403075340781068e-05
	1.400991967229847e-05
	1.402496031145616e-05
	1.403008878715413e-05
	1.396888004553771e-05
	1.383964527944905e-05
	1.369784076695718e-05
	1.36418295216399e-05
	1.375962647094561e-05
	1.40614932229585e-05
	1.448858873957599e-05
	1.497911637035985e-05
	1.543159482296979e-05
	1.575753557946449e-05
	1.588921858070967e-05
	1.575876709632808e-05
	1.54094794098876e-05
	1.493538087759652e-05
	1.443515265664812e-05
	1.4012699292891e-05
	1.378410450057985e-05
	1.380372027874508e-05
	1.394481232090005e-05
	1.398930430999197e-05
	1.384937543811566e-05
	1.369052390599501e-05
	1.358487187432133e-05
	1.356611411809372e-05
	1.359832029175777e-05
	1.369146026221882e-05
	1.375465653262075e-05
	1.371165674183103e-05
	1.36243311470406e-05
	1.35456164620133e-05
	1.348402364617627e-05
	1.348307833564382e-05
	1.356905790023836e-05
	1.3710714646121e-05
	1.382084457199107e-05
	1.387330052112772e-05
	1.401704290728427e-05
	1.432628653086367e-05
	1.467648119600561e-05
	1.489002864810542e-05
	1.495691297926388e-05
	1.486633213747238e-05
	1.455251376645472e-05
	1.413558626360061e-05
	1.377208099015388e-05
	1.35260632371444e-05
	1.341308849561469e-05
	1.34736924153999e-05
	1.357129342596329e-05
	1.36904574538204e-05
	1.38427554610076e-05
	1.389774600427232e-05
	1.377436452821164e-05
	1.353291497576931e-05
	1.324208622542436e-05
	1.299065643020171e-05
	1.280058871900022e-05
	1.267315144604245e-05
	1.261703674515412e-05
	1.259984271346443e-05
	1.256462472541751e-05
	1.251026361104427e-05
	1.238699809426412e-05
	1.225423453896351e-05
	1.221588998695378e-05
	1.221766298805392e-05
	1.223729425884513e-05
	1.228148535406617e-05
	1.237299637365269e-05
	1.249071887233306e-05
	1.253626444467854e-05
	1.24438604633996e-05
	1.223550412841135e-05
	1.199838476021965e-05
	1.178269205827973e-05
	1.15728517179303e-05
	1.136939010441121e-05
	1.128717822398679e-05
	1.138266624817068e-05
	1.162608952021969e-05
	1.194377976782451e-05
	1.223634127475886e-05
	1.243460097377626e-05
	1.245283624347876e-05
	1.226049893244573e-05
	1.194235470827738e-05
	1.161674493935999e-05
	1.131562099173993e-05
	1.120549925234243e-05
	1.13441483046061e-05
	1.163812671456983e-05
	1.190072047964698e-05
	1.201759680099537e-05
	1.186843947846784e-05
	1.15411142791017e-05
	1.119891835276016e-05
	1.09452741362697e-05
	1.080336331048871e-05
	1.079427141678238e-05
	1.096412561744092e-05
	1.121386464259538e-05
	1.142175665332677e-05
	1.153578026808103e-05
	1.16167584959007e-05
	1.170084457439995e-05
	1.178191977587953e-05
	1.183215459608093e-05
	1.190039895539936e-05
	1.204077813204422e-05
	1.220683287651724e-05
	1.236754440459698e-05
	1.246014476656029e-05
	1.242651607482519e-05
	1.224384665695229e-05
	1.197440897257208e-05
	1.168558693443696e-05
	1.140776795110334e-05
	1.117585061996473e-05
	1.104370132297779e-05
	1.09916764820795e-05
	1.096866800910343e-05
	1.095602421114403e-05
	1.093137869913752e-05
	1.091005242281026e-05
	1.091734195693003e-05
	1.096450645740407e-05
	1.104600913456762e-05
	1.107810125680721e-05
	1.093463178292509e-05
	1.068675431125699e-05
	1.052466291765561e-05
	1.045024542202829e-05
	1.044390465951004e-05
	1.050915438654961e-05
	1.05859808635202e-05
	1.067474758518329e-05
	1.076734488035642e-05
	1.087263496886202e-05
	1.099876835732946e-05
	1.107312970448208e-05
	1.110159111316797e-05
	1.109121018643199e-05
	1.111064588054975e-05
	1.122758667449377e-05
	1.145875005262816e-05
	1.171199998986072e-05
	1.186810472594193e-05
	1.194575150266199e-05
	1.196435458969132e-05
	1.189404442749662e-05
	1.174901733112279e-05
	1.158091458030297e-05
	1.135606399420404e-05
	1.112984689820744e-05
	1.100912645309125e-05
	1.10107439780059e-05
	1.105069593721053e-05
	1.114687092253455e-05
	1.1236522965241e-05
	1.12757499433848e-05
	1.121593826778351e-05
	1.111472248019092e-05
	1.104341924962744e-05
	1.099887509165898e-05
	1.09742482961003e-05
	1.094519328504411e-05
	1.090164757420375e-05
	1.08579325007624e-05
	1.082266339933493e-05
	1.079762285912502e-05
	1.082231045725386e-05
	1.097088504812502e-05
	1.124668212128452e-05
	1.152537867317263e-05
	1.16514211383535e-05
	1.159569005073883e-05
	1.141616280766251e-05
	1.115355792124015e-05
	1.085713437482608e-05
	1.058216336109666e-05
	1.038692434105591e-05
	1.029036475966232e-05
	1.029917863410957e-05
	1.042683622147816e-05
	1.065953267492514e-05
	1.090540644174374e-05
	1.107604084812884e-05
	1.115084235167831e-05
	1.113460639235511e-05
	1.099297223860306e-05
	1.078682811520085e-05
	1.059243339543819e-05
	1.044245223534465e-05
	1.033764899560691e-05
	1.027280143257623e-05
	1.026104180705071e-05
	1.031557464777124e-05
	1.043006881466651e-05
	1.059078222835605e-05
	1.073407475184299e-05
	1.084452655157176e-05
	1.089094357134969e-05
	1.090608487629433e-05
	1.089376199173431e-05
	1.086783409098282e-05
	1.092961415276034e-05
	1.116834553523319e-05
	1.152438730750962e-05
	1.182256808135149e-05
	1.195874133184782e-05
	1.19890470190809e-05
	1.20271201160997e-05
	1.207122109047137e-05
	1.204406534617371e-05
	1.192897653034089e-05
	1.17675087519853e-05
	1.165888538940542e-05
	1.165552970696522e-05
	1.177918369476518e-05
	1.201429503997881e-05
	1.230482850472906e-05
	1.257019189927279e-05
	1.273057077134629e-05
	1.271744933934404e-05
	1.252932567114223e-05
	1.216793984436119e-05
	1.170365710966411e-05
	1.127753163827478e-05
	1.103682579749263e-05
	1.102228342542089e-05
	1.10960915707537e-05
	1.116072082590048e-05
	1.120664769354698e-05
	1.124100740329423e-05
	1.126290423227889e-05
	1.132330583595972e-05
	1.143999540785328e-05
	1.155784145047833e-05
	1.162319895381462e-05
	1.163365769907134e-05
	1.158970110671203e-05
	1.151952535167906e-05
	1.145957237704472e-05
	1.144798380085327e-05
	1.152816481320156e-05
	1.169722702453656e-05
	1.184158921679754e-05
	1.188351246725468e-05
	1.187060173834241e-05
	1.190089106529754e-05
	1.199971624631488e-05
	1.212516743519393e-05
	1.222567606623274e-05
	1.228607814679331e-05
	1.233045161457565e-05
	1.240237373925772e-05
	1.247077904825529e-05
	1.247230199848245e-05
	1.240279563886954e-05
	1.22916542655625e-05
	1.21777063988309e-05
	1.206727240437454e-05
	1.190069486182302e-05
	1.171264021481259e-05
	1.153971400018781e-05
	1.137567799532583e-05
	1.12085134023559e-05
	1.103268289422468e-05
	1.088216608180183e-05
	1.08223362272288e-05
	1.088266667794809e-05
	1.099378006566604e-05
	1.109827009944411e-05
	1.118853111067049e-05
	1.126573453135388e-05
	1.130601933445016e-05
	1.131661315847511e-05
	1.130476832566304e-05
	1.127033579110621e-05
	1.124143935735413e-05
	1.126298137613986e-05
	1.135964947199612e-05
	1.148775631856005e-05
	1.157728039330769e-05
	1.160793908968228e-05
	1.158638216018718e-05
	1.155152207838542e-05
	1.160227898904501e-05
	1.176177982791879e-05
	1.193664547049818e-05
	1.20438650629674e-05
	1.20430918412403e-05
	1.198361923969234e-05
	1.19077351189091e-05
	1.18544829180869e-05
	1.177490187513659e-05
	1.163524014764837e-05
	1.144439249172374e-05
	1.128912941593676e-05
	1.130284745900889e-05
	1.146871728513489e-05
	1.165649599177093e-05
	1.17723949511185e-05
	1.181909761428846e-05
	1.179948665536021e-05
	1.172783727794238e-05
	1.167521754768648e-05
	1.166375159881959e-05
	1.166794635049972e-05
	1.164465714437902e-05
	1.159512743464368e-05
	1.149009730046208e-05
	1.133035361538432e-05
	1.112783107215571e-05
	1.094280934579879e-05
	1.080935166482738e-05
	1.070650334615693e-05
	1.06659044372872e-05
	1.071788726904989e-05
	1.083758273710269e-05
	1.09489253481648e-05
	1.101253332529472e-05
	1.101837594390951e-05
	1.095284034483734e-05
	1.0849758759968e-05
	1.075190303011972e-05
	1.066190613059561e-05
	1.055666994867651e-05
	1.039305010789458e-05
	1.017396219249766e-05
	9.943671924219053e-06
	9.749134496257387e-06
	9.606688720130628e-06
	9.512230534017636e-06
	9.452149473026388e-06
	9.456764459015852e-06
	9.51018784164287e-06
	9.547248998454385e-06
	9.532679302495357e-06
	9.435709850845783e-06
	9.271838711251198e-06
	9.121386028133971e-06
	9.04982273049748e-06
	9.09066106323911e-06
	9.239230591939778e-06
	9.432936045145903e-06
	9.614433364932882e-06
	9.793677542370429e-06
	9.992285211446894e-06
	1.016328865112152e-05
	1.022406548245593e-05
	1.019447565064875e-05
	1.016960450907275e-05
	1.017067449488337e-05
	1.016997834910729e-05
	1.016278789253256e-05
	1.01182044425963e-05
	1.000589679844521e-05
	9.781730146153951e-06
	9.433757859119172e-06
	9.039600619645683e-06
	8.710719527794249e-06
	8.503118236690087e-06
	8.485705211380754e-06
	8.583781257286302e-06
	8.685104845891859e-06
	8.681168134788997e-06
	8.534251493943041e-06
	8.310990793694307e-06
	8.07129653338286e-06
	7.859309141083208e-06
	7.739934462643163e-06
	7.730538795542413e-06
	7.808275850128351e-06
	7.941134625583172e-06
	8.161347696229732e-06
	8.458017642330669e-06
	8.700612621359157e-06
	8.834377541694904e-06
	8.943466563417689e-06
	9.061638474971906e-06
	9.083031609784791e-06
	8.934942176489064e-06
	8.60123669584161e-06
	8.170118165775214e-06
	7.867767085617807e-06
	7.877691132090632e-06
	8.156927387435539e-06
	8.548656132509434e-06
	8.841464321693945e-06
	8.95114349100841e-06
	8.911194431310655e-06
	8.7970609360923e-06
	8.631431382945239e-06
	8.434776498637837e-06
	8.246127889798773e-06
	8.136115472017891e-06
	8.144409997569966e-06
	8.231525335727776e-06
	8.349095008700803e-06
	8.47325216131436e-06
	8.590387266592022e-06
	8.670801276935323e-06
	8.671523945745921e-06
	8.610244609326818e-06
	8.573453181610855e-06
	8.592117559042411e-06
	8.617271338983058e-06
	8.625632905070362e-06
	8.610717506344882e-06
	8.577305931428564e-06
	8.587605370646201e-06
	8.647996645817441e-06
	8.759311349333466e-06
	8.892831868091344e-06
	8.972055789704162e-06
	8.979237419113569e-06
	8.958510152388862e-06
	8.915930389479023e-06
	8.865898282261001e-06
	8.83217339344018e-06
	8.860100575315493e-06
	8.916835332698904e-06
	8.963108595053872e-06
	8.98404785271496e-06
	8.958746465620828e-06
	8.882580146479265e-06
	8.74802721863656e-06
	8.595704015254734e-06
	8.440682765644426e-06
	8.363434227036426e-06
	8.404187847230939e-06
	8.487053358779729e-06
	8.541666151956459e-06
	8.531252245493831e-06
	8.45983912216272e-06
	8.371895000378951e-06
	8.360705750395646e-06
	8.452268132723179e-06
	8.62944435771926e-06
	8.840474585970034e-06
	9.028754555351543e-06
	9.162467849515859e-06
	9.275986656246003e-06
	9.376782166812943e-06
	9.435171037945505e-06
	9.388088649336584e-06
	9.27047047801074e-06
	9.13330788229537e-06
	9.061395133611176e-06
	9.076725862178998e-06
	9.160987244190078e-06
	9.225455698704346e-06
	9.281033395845683e-06
	9.350178311098761e-06
	9.387581131249196e-06
	9.384457071398894e-06
	9.356577496317969e-06
	9.34246097987968e-06
	9.36021064728808e-06
	9.388475579348438e-06
	9.396099235967498e-06
	9.364895301848712e-06
	9.273303144960539e-06
	9.1614569897142e-06
	9.09087686520802e-06
	9.139452033773623e-06
	9.354954706331395e-06
	9.710209642302773e-06
	1.012490204174408e-05
	1.04890885895487e-05
	1.073396685854403e-05
	1.089556708232486e-05
	1.103576592237459e-05
	1.110995676140086e-05
	1.099265434621861e-05
	1.069355357460666e-05
	1.040583782058235e-05
	1.02024509370042e-05
	1.01648736721528e-05
	1.0247712153472e-05
	1.041609257619127e-05
	1.063579931266088e-05
	1.070080402030781e-05
	1.049536904174811e-05
	1.005745922977949e-05
	9.563802443855563e-06
	9.164452082765472e-06
	8.933369855742286e-06
	8.845090650578565e-06
	8.886705907373614e-06
	9.020245896670577e-06
	9.237435518582345e-06
	9.514849765279057e-06
	9.746539891676959e-06
	9.844159532693207e-06
	9.835253849941572e-06
	9.761412588349697e-06
	9.626858294158503e-06
	9.573738162080154e-06
	9.669173439666663e-06
	9.791173520071553e-06
	9.850881306492698e-06
	9.815429041742341e-06
	9.725423643030023e-06
	9.660017747679463e-06
	9.73061694955584e-06
	9.98298741541106e-06
	1.042327548286954e-05
	1.091388700678279e-05
	1.11442584918551e-05
	1.099183113876158e-05
	1.052733240246486e-05
	1.000540811348542e-05
	9.647002514216761e-06
	9.5019278688243e-06
	9.536978211585344e-06
	9.753569962570882e-06
	1.004519122322973e-05
	1.022509653569821e-05
	1.020045343453605e-05
	1.000486022519632e-05
	9.762812792477847e-06
	9.579772194323552e-06
	9.462434131622141e-06
	9.366127836436579e-06
	9.323613084711757e-06
	9.425992679373361e-06
	9.715334051137107e-06
	1.013844505250099e-05
	1.050117620209689e-05
	1.06836641042235e-05
	1.064060094637737e-05
	1.04309140502984e-05
	1.02123589799546e-05
	1.015201933351115e-05
	1.028483678725807e-05
	1.056372772158263e-05
	1.089633434772395e-05
	1.111826001533516e-05
	1.126457745747313e-05
	1.144146433704912e-05
	1.161658160168498e-05
	1.165950406281819e-05
	1.158499955855961e-05
	1.148717261600748e-05
	1.143870584655609e-05
	1.14632432884204e-05
	1.153500880713366e-05
	1.15761040245734e-05
	1.155069218621689e-05
	1.148039234981938e-05
	1.143371061911619e-05
	1.143441375825643e-05
	1.1502623960772e-05
	1.16486608421724e-05
	1.180463749958061e-05
	1.192706998420944e-05
	1.194095256236183e-05
	1.185722008434565e-05
	1.174777297243306e-05
	1.160252665641479e-05
	1.145360485489701e-05
	1.123371933789836e-05
	1.091140122436378e-05
	1.067360602162188e-05
	1.065553244058702e-05
	1.081545168355079e-05
	1.100900976205099e-05
	1.118953896536146e-05
	1.136410599618977e-05
	1.154247900269588e-05
	1.168146949288016e-05
	1.174550322537999e-05
	1.180034839376531e-05
	1.189868120910008e-05
	1.199103719480982e-05
	1.201529893221727e-05
	1.192103166232122e-05
	1.179030368143926e-05
	1.170054348777273e-05
	1.165437770040319e-05
	1.156948333945316e-05
	1.138280120703355e-05
	1.117223092364087e-05
	1.10110965251921e-05
	1.089698794185326e-05
	1.093106117649748e-05
	1.108607045038683e-05
	1.127659087870468e-05
	1.141760438268242e-05
	1.151168461663683e-05
	1.152509931387667e-05
	1.140985592746883e-05
	1.119203675504455e-05
	1.099552018814483e-05
	1.089613178796161e-05
	1.085799216718491e-05
	1.084943329304391e-05
	1.085456664509566e-05
	1.085858789511409e-05
	1.085986814274769e-05
	1.08378899453689e-05
	1.077168709943152e-05
	1.066368969442053e-05
	1.053042670679599e-05
	1.040650752829197e-05
	1.032098025971317e-05
	1.027335194183064e-05
	1.023476352718603e-05
	1.0202767402516e-05
	1.020183292741756e-05
	1.022662282469989e-05
	1.028241488058586e-05
	1.037789928227015e-05
	1.043558361552314e-05
	1.03909565606273e-05
	1.027550592082289e-05
	1.013078817461733e-05
	9.949435230094795e-06
	9.814088348559477e-06
	9.733758966497241e-06
	9.741161325287085e-06
	9.872308442701547e-06
	1.006641396949161e-05
	1.026599304853577e-05
	1.039624728589993e-05
	1.041089576044496e-05
	1.027453475652556e-05
	1.001796270821292e-05
	9.685892728028352e-06
	9.375308545760736e-06
	9.212176527485169e-06
	9.257797873113274e-06
	9.495584127363105e-06
	9.803956760903587e-06
	1.010603386984608e-05
	1.040810515929145e-05
	1.063205053260571e-05
	1.068820486130963e-05
	1.054839602863415e-05
	1.034479369844724e-05
	1.011216881191094e-05
	9.892807691847316e-06
	9.801480979037582e-06
	9.879683231644329e-06
	1.019380017559595e-05
	1.056667393019695e-05
	1.072341250768402e-05
	1.062640096189535e-05
	1.03621310872115e-05
	1.003384000244216e-05
	9.754207203983484e-06
	9.527046665812711e-06
	9.250106967984805e-06
	8.918289783689878e-06
	8.602653102568132e-06
	8.437298851776328e-06
	8.593139687888574e-06
	8.938974795451713e-06
	9.27131189961059e-06
	9.408702504206668e-06
	9.263563241008125e-06
	8.971643418394592e-06
	8.754364101784834e-06
	8.652479073310825e-06
	8.704525539958914e-06
	8.935295051575147e-06
	9.214176268503715e-06
	9.407409944575038e-06
	9.501551020655305e-06
	9.472515167071659e-06
	9.349336990583211e-06
	9.231553772268271e-06
	9.150503229858677e-06
	9.148777403636454e-06
	9.24024691871486e-06
	9.393884029550413e-06
	9.530362251494228e-06
	9.588502058756131e-06
	9.586353924127289e-06
	9.618019417620098e-06
	9.7049136206339e-06
	9.790771098992709e-06
	9.782424978344491e-06
	9.593774750898564e-06
	9.220417624160458e-06
	8.791676871112192e-06
	8.45722600262732e-06
	8.333501557235422e-06
	8.316818982069163e-06
	8.349794710201888e-06
	8.407539784994256e-06
	8.499712202907556e-06
	8.671036322380335e-06
	8.884419874754727e-06
	9.023213707638483e-06
	8.981916301086067e-06
	8.793575251118513e-06
	8.630559294404132e-06
	8.534132798163413e-06
	8.50152191920868e-06
	8.503488527637109e-06
	8.477626012947161e-06
	8.381272924696254e-06
	8.279338724752502e-06
	8.242651725616862e-06
	8.262511670684963e-06
	8.327648529348573e-06
	8.403485839624407e-06
	8.466043661933071e-06
	8.562186974032921e-06
	8.747794171837565e-06
	8.977138337707687e-06
	9.146862053784676e-06
	9.214919659982942e-06
	9.172297914415064e-06
	9.021262329171553e-06
	8.862575407737624e-06
	8.822583375658259e-06
	8.888783928323089e-06
	8.990128066199811e-06
	9.069712724386888e-06
	9.114055997505889e-06
	9.156220223449613e-06
	9.2911352681524e-06
	9.547025649662011e-06
	9.888837216928665e-06
	1.021609211711944e-05
	1.037918138505308e-05
	1.030193082679118e-05
	1.005376253244859e-05
	9.752886987550546e-06
	9.478351000591835e-06
	9.453489172349645e-06
	9.760766159371233e-06
	1.02317463338326e-05
	1.068480404028347e-05
	1.099556856684907e-05
	1.105097929175035e-05
	1.088644698006505e-05
	1.066344196335628e-05
	1.046761033790885e-05
	1.029729529571393e-05
	1.014492656766815e-05
	1.005448916943322e-05
	1.007836652691946e-05
	1.014798174250119e-05
	1.01502383923529e-05
	1.000997911893043e-05
	9.724669975685567e-06
	9.369061164752653e-06
	9.095994549168076e-06
	8.946770570345784e-06
	8.869361808224503e-06
	8.831379550265245e-06
	8.763360020874389e-06
	8.69206313918804e-06
	8.724846122486891e-06
	8.917815086104722e-06
	9.204936679096189e-06
	9.469528961836277e-06
	9.670140714909477e-06
	9.752651761126556e-06
	9.696656247422477e-06
	9.659635297435998e-06
	9.691546084342006e-06
	9.764269808513012e-06
	9.832012669521145e-06
	9.915090228969626e-06
	1.006310236443088e-05
	1.017452003108024e-05
	1.013486932679997e-05
	9.945347297812811e-06
	9.714403694210736e-06
	9.517590364278761e-06
	9.386749656508053e-06
	9.33038190753288e-06
	9.325273535267126e-06
	9.345433601884147e-06
	9.391927416058356e-06
	9.426122544415929e-06
	9.481701031531973e-06
	9.524810633020864e-06
	9.465275962172886e-06
	9.256652865542134e-06
	9.013821572697835e-06
	8.812160849820247e-06
	8.693433880253113e-06
	8.678224801967627e-06
	8.751849311410273e-06
	8.79804593644556e-06
	8.820629958932274e-06
	8.854987461052244e-06
	8.880708553899877e-06
	8.955720696554823e-06
	9.017629737477066e-06
	8.979172030551063e-06
	8.859796855071443e-06
	8.742776842020262e-06
	8.693605977146708e-06
	8.788284482204747e-06
	8.918937555733131e-06
	8.994091658108592e-06
	9.119082781613326e-06
	9.338473436203826e-06
	9.601479323621391e-06
	9.824998243843914e-06
	9.886018479286323e-06
	9.665852090037216e-06
	9.223670581742874e-06
	8.909851513018544e-06
	9.013099932312593e-06
	9.475885356949673e-06
	1.000541366614011e-05
	1.040256935859771e-05
	1.060227763757444e-05
	1.058045237941656e-05
	1.0409501506003e-05
	1.023369602484122e-05
	1.012578644580575e-05
	1.007976791308742e-05
	1.005433931530936e-05
	9.990280235555158e-06
	9.845944606574512e-06
	9.661910490141299e-06
	9.431524117447017e-06
	9.209596067740306e-06
	9.059428521671863e-06
	8.990414037028094e-06
	8.974322809404581e-06
	8.964902184785426e-06
	8.94171654284461e-06
	8.950378689940074e-06
	8.983929835259858e-06
	9.035547136763619e-06
	9.098570370266861e-06
	9.168219004917162e-06
	9.240110355262503e-06
	9.317742186078651e-06
	9.377931568060676e-06
	9.37829328039039e-06
	9.340154006683576e-06
	9.313864217381648e-06
	9.350144126767099e-06
	9.477641806735176e-06
	9.690999496145981e-06
	9.872104320498208e-06
	9.934760858645104e-06
	9.884458076595287e-06
	9.804831388249677e-06
	9.765753426967982e-06
	9.809054795208012e-06
	9.926544823740925e-06
	1.006928799294091e-05
	1.007199807258759e-05
	9.918197757272494e-06
	9.772626834086724e-06
	9.764000666590145e-06
	9.890189834963945e-06
	1.004361790740318e-05
	1.011427148389146e-05
	1.004884855201459e-05
	9.912075539240442e-06
	9.785259709520393e-06
	9.665180963592794e-06
	9.605437086386267e-06
	9.695364133195054e-06
	9.937845122302794e-06
	1.019961729943668e-05
	1.032166453476938e-05
	1.026726683547609e-05
	1.007783885380781e-05
	9.871206876460708e-06
	9.785834425989256e-06
	9.85436642529444e-06
	9.974299586137475e-06
	9.986144687627704e-06
	9.872062339226271e-06
	9.67219019253096e-06
	9.409662809960807e-06
	9.172457741468591e-06
	9.04256754640594e-06
	9.091385038991986e-06
	9.149220226169359e-06
	9.0918925920708e-06
	8.93208281973526e-06
	8.710286662268204e-06
	8.477244770436101e-06
	8.315135945955799e-06
	8.275224894700691e-06
	8.3274558274117e-06
	8.386745835039999e-06
	8.390834526671984e-06
	8.33131042328101e-06
	8.284957682380151e-06
	8.313783415475812e-06
	8.376329205722594e-06
	8.489652760984029e-06
	8.627760272680859e-06
	8.754290344541867e-06
	8.853941018609899e-06
	8.979035488691679e-06
	9.141849710396214e-06
	9.317951884855549e-06
	9.482850331796007e-06
	9.59283165009606e-06
	9.580516934844737e-06
	9.409533193696639e-06
	9.109829339065332e-06
	8.833077750524037e-06
	8.692723521357206e-06
	8.73106489986564e-06
	8.894826399289706e-06
	9.058242294939417e-06
	9.212679484468168e-06
	9.414470782344674e-06
	9.586656056074222e-06
	9.619467902911102e-06
	9.525899761821042e-06
	9.389279652615819e-06
	9.296057591590282e-06
	9.244076781092611e-06
	9.183548747697259e-06
	9.080755130927676e-06
	9.002882120740234e-06
	9.007962784615887e-06
	9.109774780841394e-06
	9.271112079385825e-06
	9.411188811645326e-06
	9.506940376676981e-06
	9.55931691508954e-06
	9.536729854598236e-06
	9.393051735290425e-06
	9.163931999763891e-06
	8.957329617356383e-06
	8.892773020190824e-06
	8.959458777398128e-06
	9.036188780576979e-06
	9.077915348796332e-06
	9.060469483517449e-06
	8.98411001508556e-06
	8.885512830721352e-06
	8.798902550325263e-06
	8.761957036410632e-06
	8.813999748446885e-06
	8.891872236505333e-06
	8.949175148599693e-06
	8.948657043821943e-06
	8.830044737015104e-06
	8.662408422475874e-06
	8.625457071679179e-06
	8.757846543868937e-06
	8.936311234605493e-06
	9.064457811604373e-06
	9.149635653317194e-06
	9.210771271898319e-06
	9.225304071355838e-06
	9.181254552342222e-06
	9.1396443649126e-06
	9.145674122813386e-06
	9.189994876614704e-06
	9.197625669955275e-06
	9.167979604932955e-06
	9.188949355699072e-06
	9.277753819920394e-06
	9.409885583018458e-06
	9.518982146047542e-06
	9.553790183760036e-06
	9.438001743207209e-06
	9.20273990111312e-06
	8.933249682600656e-06
	8.69592109748861e-06
	8.544673339943555e-06
	8.466851650463505e-06
	8.451693592419619e-06
	8.420356141255027e-06
	8.375438210649847e-06
	8.432024665332922e-06
	8.615768269236031e-06
	8.850949857259258e-06
	8.966397622819478e-06
	8.977946010807261e-06
	8.871181793547377e-06
	8.620215373888791e-06
	8.41842557935106e-06
	8.42790945721092e-06
	8.636477062621547e-06
	8.857621016617384e-06
	9.003255856195243e-06
	9.054767854394643e-06
	8.993176490256595e-06
	8.880881952375295e-06
	8.791823040958518e-06
	8.726146948032714e-06
	8.676662337140325e-06
	8.690139173619923e-06
	8.698652213949236e-06
	8.711547983445289e-06
	8.762534944568519e-06
	8.799075497464466e-06
	8.796810392612044e-06
	8.768190396469439e-06
	8.752231438412853e-06
	8.805870705882433e-06
	8.865482200833876e-06
	8.86388498032549e-06
	8.830272916191753e-06
	8.799700464148171e-06
	8.735351534783616e-06
	8.545617566743646e-06
	8.274266425036691e-06
	8.097097145524158e-06
	8.079148110256852e-06
	8.143038343266936e-06
	8.148133123375093e-06
	8.02751490815525e-06
	7.85332500113992e-06
	7.723536989929447e-06
	7.666017607401754e-06
	7.685257289027103e-06
	7.808334598738797e-06
	7.980071812698769e-06
	8.166738756801693e-06
	8.344856077861003e-06
	8.479627372667695e-06
	8.548927364791357e-06
	8.548274897806218e-06
	8.452062878640616e-06
	8.276348461419679e-06
	8.089932160979521e-06
	7.962334569984965e-06
	7.905879054151718e-06
	7.893376799703017e-06
	7.897964161476475e-06
	7.896786509457377e-06
	7.888346644769863e-06
	7.884440612188531e-06
	7.848312239733275e-06
	7.820592028515753e-06
	7.809118887941327e-06
	7.824480317930787e-06
	7.874830290861349e-06
	7.955212863652765e-06
	8.065641872573605e-06
	8.170562381106968e-06
	8.209787679587092e-06
	8.243480046356679e-06
	8.339450175154589e-06
	8.515767589548252e-06
	8.75080986140895e-06
	9.02840927538792e-06
	9.303351895445738e-06
	9.470551814711904e-06
	9.494404435511168e-06
	9.431848481219778e-06
	9.327973132898665e-06
	9.241920829197557e-06
	9.206859225625446e-06
	9.171323784230456e-06
	9.095591530625254e-06
	8.997209429196338e-06
	8.858816853766733e-06
	8.704107753243075e-06
	8.582999025804201e-06
	8.552168789777642e-06
	8.709338359854394e-06
	9.147598406365215e-06
	9.790286178729322e-06
	1.040528350080757e-05
	1.075270086404506e-05
	1.077167379611011e-05
	1.050218760504008e-05
	9.996833871562368e-06
	9.436788127091922e-06
	9.080092738054708e-06
	9.091457781198968e-06
	9.337341464994567e-06
	9.525228503718249e-06
	9.503151311027518e-06
	9.326417140785306e-06
	9.147283269423809e-06
	9.009363285510842e-06
	8.903169456639921e-06
	8.815323657062132e-06
	8.765784200156243e-06
	8.748259671338368e-06
	8.798636073942574e-06
	8.884487611736224e-06
	8.945680461729161e-06
	8.994441845330067e-06
	9.070298241105228e-06
	9.137051478494696e-06
	9.157385955341567e-06
	9.111632078289231e-06
	9.078366298192438e-06
	9.157658009558266e-06
	9.363979168427607e-06
	9.63220382391969e-06
	9.917197223667272e-06
	1.016110995569844e-05
	1.027017698525769e-05
	1.018449217600557e-05
	9.97899702256084e-06
	9.791478362319122e-06
	9.679425677887501e-06
	9.612971452779097e-06
	9.513204971730163e-06
	9.338574200850216e-06
	9.058821713859091e-06
	8.733406951496609e-06
	8.519627135630637e-06
	8.45758767955473e-06
	8.477375140636205e-06
	8.500433938325165e-06
	8.4894612062923e-06
	8.461219132847648e-06
	8.441001298978604e-06
	8.435140839052177e-06
	8.443059310187773e-06
	8.471728530792033e-06
	8.505375889265002e-06
	8.551649112008098e-06
	8.641559924874569e-06
	8.797386140386795e-06
	8.978766003561965e-06
	9.153692279102262e-06
	9.283387991167063e-06
	9.329606258947126e-06
	9.314890978009632e-06
	9.27458337977365e-06
	9.221332955950729e-06
	9.165707225434551e-06
	9.100298009542625e-06
	9.008903993234071e-06
	8.930602465589335e-06
	8.869432740969582e-06
	8.779781689692974e-06
	8.637437330487175e-06
	8.495688020016213e-06
	8.432296497872676e-06
	8.444347493228307e-06
	8.474364717346214e-06
	8.467654172949523e-06
	8.421665579105012e-06
	8.367708878611868e-06
	8.397090547028066e-06
	8.538290914002623e-06
	8.778026444741424e-06
	9.0003826734327e-06
	9.228672605562848e-06
	9.45572882088811e-06
	9.612608458657597e-06
	9.644868077327314e-06
	9.476289042397158e-06
	9.170895939240632e-06
	8.921931960750449e-06
	8.863468383042046e-06
	9.002876274799185e-06
	9.257871159503038e-06
	9.524997768262008e-06
	9.724350009387849e-06
	9.834966084050077e-06
	9.823900748830989e-06
	9.759440041883275e-06
	9.699461445537419e-06
	9.632633414104605e-06
	9.49497706936871e-06
	9.338489334732722e-06
	9.250192038487307e-06
	9.235048089213051e-06
	9.271148864766795e-06
	9.414948389545707e-06
	9.654632357905827e-06
	9.768288052557635e-06
	9.702032884320461e-06
	9.575318440014899e-06
	9.491421200861723e-06
	9.439116704542999e-06
	9.404216309916459e-06
	9.343526520744002e-06
	9.301137031586132e-06
	9.325007816007398e-06
	9.361098370458977e-06
	9.328367430173711e-06
	9.23612807879901e-06
	9.157019122390883e-06
	9.167406462218935e-06
	9.225384488819364e-06
	9.281443780835989e-06
	9.341054976654677e-06
	9.444979834245629e-06
	9.588734559920006e-06
	9.773486727391646e-06
	9.825899104139991e-06
	9.648241931935409e-06
	9.309433014076278e-06
	9.00125337746793e-06
	8.851237873828278e-06
	8.942133039265709e-06
	9.206611199637364e-06
	9.500226965796648e-06
	9.682070221067557e-06
	9.705434861967432e-06
	9.550280872846772e-06
	9.299310153255673e-06
	9.089549731724793e-06
	9.007419160751369e-06
	9.122534591520281e-06
	9.351359606356021e-06
	9.548333930330904e-06
	9.620837215769589e-06
	9.582259480871288e-06
	9.484780163764581e-06
	9.372656983310293e-06
	9.310019228643192e-06
	9.324898116034466e-06
	9.420884536853479e-06
	9.551318975315244e-06
	9.67165477416798e-06
	9.741965931180943e-06
	9.800319710003837e-06
	9.853628738743981e-06
	9.88398036278933e-06
	9.905861839047362e-06
	9.919964041868391e-06
	9.971241438098804e-06
	1.003648015405816e-05
	1.003084809375566e-05
	9.952184168890569e-06
	9.767212459488452e-06
	9.542234156781709e-06
	9.481804923539859e-06
	9.654835675060339e-06
	9.908698223858538e-06
	1.005791416201698e-05
	1.006426918581446e-05
	9.986924902869271e-06
	9.870819589009795e-06
	9.767989884758031e-06
	9.701726277311319e-06
	9.699618858868275e-06
	9.804468336450025e-06
	1.004163983119698e-05
	1.026915998737437e-05
	1.032700187643711e-05
	1.020912450659968e-05
	9.99044061867231e-06
	9.815691662394248e-06
	9.790237943029245e-06
	9.891643808557654e-06
	9.932101962060064e-06
	9.833303365559287e-06
	9.649477792686836e-06
	9.460730737606053e-06
	9.360034652541313e-06
	9.403125280920418e-06
	9.557901999706246e-06
	9.731553759336695e-06
	9.912580915980385e-06
	1.007944141681455e-05
	1.014449923659617e-05
	1.005200710142634e-05
	9.819364853040699e-06
	9.557851563377884e-06
	9.401620364485736e-06
	9.422700377868449e-06
	9.60830971451272e-06
	9.881859975363342e-06
	1.012270307386516e-05
	1.024711710396993e-05
	1.018720148927085e-05
	9.958171443409034e-06
	9.598311654046852e-06
	9.310008623585525e-06
	9.141372385513565e-06
	9.042019073277877e-06
	9.040249502483078e-06
	9.154846553616923e-06
	9.305966596908437e-06
	9.483968315441971e-06
	9.687020714988195e-06
	9.875462804923885e-06
	9.987229462635712e-06
	9.943703692136155e-06
	9.701153268604701e-06
	9.321070156378897e-06
	8.978254828491383e-06
	8.861770583497028e-06
	9.039762670099839e-06
	9.405056614551933e-06
	9.803631578135152e-06
	1.011270822942305e-05
	1.025926616539802e-05
	1.023156680776616e-05
	1.002375221068815e-05
	9.620983417478482e-06
	9.183826271443225e-06
	8.843682736068899e-06
	8.661860767287433e-06
	8.608131549369826e-06
	8.611497303280474e-06
	8.658749016348247e-06
	8.73975426491643e-06
	8.831463622820338e-06
	8.925464316522159e-06
	8.981358848974816e-06
	8.916883960325352e-06
	8.696868833159609e-06
	8.436263704412731e-06
	8.246289375599726e-06
	8.150329405419567e-06
	8.155130215387197e-06
	8.347842967071243e-06
	8.683168917175045e-06
	8.964157271613931e-06
	9.093420337210843e-06
	9.028188405315396e-06
	8.812567837727202e-06
	8.49659655102819e-06
	8.176407359099195e-06
	7.936992122969486e-06
	7.839102127488423e-06
	7.864946269575111e-06
	7.954478089434809e-06
	8.045452608310504e-06
	8.128108246423026e-06
	8.181192127476816e-06
	8.203165874252784e-06
	8.212204336741965e-06
	8.229861313346043e-06
	8.232990561208359e-06
	8.211761965233112e-06
	8.180867064530556e-06
	8.121194488820928e-06
	8.082025567219899e-06
	8.087364043043559e-06
	8.087799004157998e-06
	8.015211581538419e-06
	7.942642829862953e-06
	7.885900634626158e-06
	7.831207358873187e-06
	7.753229639360623e-06
	7.665974669746263e-06
	7.61393813763342e-06
	7.625903909442964e-06
	7.742838415636357e-06
	7.9153191084355e-06
	8.030536805639845e-06
	8.013849047605156e-06
	7.878838477644814e-06
	7.747357720797425e-06
	7.805084371098367e-06
	8.121121903612741e-06
	8.547545622167005e-06
	8.912982585093263e-06
	9.134826105376097e-06
	9.154770513103452e-06
	9.03423836682243e-06
	8.844584104335705e-06
	8.741975367077727e-06
	8.743065614364964e-06
	8.772119284277866e-06
	8.864617976382528e-06
	9.03954474145361e-06
	9.265661985858961e-06
	9.409358472556053e-06
	9.364579370249698e-06
	9.169575138975963e-06
	8.919910860162764e-06
	8.694411558426414e-06
	8.581496624770162e-06
	8.595248311121903e-06
	8.686236219564991e-06
	8.794718893375527e-06
	8.84158670660666e-06
	8.840468586565287e-06
	8.861778456560915e-06
	8.928356552079138e-06
	9.101654173348651e-06
	9.331588861441294e-06
	9.556884405259252e-06
	9.693891989199981e-06
	9.715053142377318e-06
	9.579387235396783e-06
	9.337041203527573e-06
	9.061150140786514e-06
	8.845812870888687e-06
	8.721267028060156e-06
	8.69573653640738e-06
	8.795165459566807e-06
	8.994093366255302e-06
	9.225610069223618e-06
	9.386726246521711e-06
	9.428092594957011e-06
	9.355708418929803e-06
	9.213385743948256e-06
	9.048042761767159e-06
	8.896991542503935e-06
	8.787328242869299e-06
	8.737978066312666e-06
	8.776875855552622e-06
	8.886137921367741e-06
	9.020420341853293e-06
	9.159874987385101e-06
	9.252453495143145e-06
	9.264173820356578e-06
	9.207095602558525e-06
	9.133349348361192e-06
	9.118162055131445e-06
	9.147467948400929e-06
	9.20285855729057e-06
	9.2567739845174e-06
	9.296573096150762e-06
	9.306035365865639e-06
	9.290827292204708e-06
	9.321003447244239e-06
	9.374124466908472e-06
	9.445361856907313e-06
	9.480084802218212e-06
	9.470212006163832e-06
	9.472484515675235e-06
	9.521766219251291e-06
	9.511615084418695e-06
	9.393119767563783e-06
	9.208855699145563e-06
	9.038310267493383e-06
	8.960798166681232e-06
	9.003769043452684e-06
	9.155145519213454e-06
	9.386161097169726e-06
	9.640731299165044e-06
	9.853699876103356e-06
	9.987751591110274e-06
	1.000463102623474e-05
	9.875934985206789e-06
	9.596178200508766e-06
	9.250301649621712e-06
	8.995759662777403e-06
	8.939742999202584e-06
	9.044728578501885e-06
	9.196730413160949e-06
	9.277709848082483e-06
	9.26815570993247e-06
	9.18676711143909e-06
	9.03931916821033e-06
	8.850602739323591e-06
	8.727155266693367e-06
	8.721711584823973e-06
	8.815049031330707e-06
	8.989153223574587e-06
	9.231177211796712e-06
	9.520581768573618e-06
	9.830783821231495e-06
	1.009721638142061e-05
	1.029213776902505e-05
	1.042946809715009e-05
	1.053720479572706e-05
	1.063021217758309e-05
	1.066559122277853e-05
	1.057646540627003e-05
	1.035946746066871e-05
	1.00296193524483e-05
	9.609858467028064e-06
	9.273921744299676e-06
	9.244708608458703e-06
	9.497124461267092e-06
	9.780710272410443e-06
	9.98140113355842e-06
	1.014541094883418e-05
	1.025709794320489e-05
	1.023689361612664e-05
	1.011393618172987e-05
	9.997563193507705e-06
	1.000498362358909e-05
	1.01092944864915e-05
	1.024390488071959e-05
	1.039796924477503e-05
	1.062457643053127e-05
	1.078921548961111e-05
	1.088946143067326e-05
	1.08485273482778e-05
	1.061255572695669e-05
	1.032524398446907e-05
	1.002383720309719e-05
	9.695947826290871e-06
	9.434177812490619e-06
	9.255970396135538e-06
	9.122655317038772e-06
	8.992872626976446e-06
	8.876328644591859e-06
	8.826700646661147e-06
	8.903481166890942e-06
	9.061504547756755e-06
	9.181474939327548e-06
	9.231515561974718e-06
	9.171592810716715e-06
	9.030902471698348e-06
	8.83942088970777e-06
	8.628153305047413e-06
	8.49657288693446e-06
	8.487356772679861e-06
	8.527798073325649e-06
	8.515744941728198e-06
	8.435650444108722e-06
	8.330014397752637e-06
	8.232516019604908e-06
	8.136443294282944e-06
	8.053208227278418e-06
	7.977654117103917e-06
	7.922983130521698e-06
	7.894141462677756e-06
	7.944047737053943e-06
	8.011509641812252e-06
	8.026897837753855e-06
	7.987824203555072e-06
	7.97320684685958e-06
	8.045414700973094e-06
	8.246111141461916e-06
	8.538225541517197e-06
	8.780740876346416e-06
	8.859831476213132e-06
	8.796699784789428e-06
	8.664510339387759e-06
	8.509974345729239e-06
	8.424512057270032e-06
	8.431416692212988e-06
	8.510156294968382e-06
	8.622056903532938e-06
	8.758435587229858e-06
	8.883366709171387e-06
	8.971051745911908e-06
	9.016972275611675e-06
	8.966915348203447e-06
	8.795640134544409e-06
	8.601478473184773e-06
	8.539283241082514e-06
	8.651449742795528e-06
	8.828499804546355e-06
	8.953652263857245e-06
	9.013646164579036e-06
	9.034657914319971e-06
	9.046897501016841e-06
	9.067086338116881e-06
	9.070514448737026e-06
	9.033303727936813e-06
	8.949516779260137e-06
	8.866191583891576e-06
	8.850241968246273e-06
	8.969964656899614e-06
	9.205861646515388e-06
	9.397252980914505e-06
	9.358148610151379e-06
	9.169907454323845e-06
	8.940265376097962e-06
	8.73221598319923e-06
	8.613233895214275e-06
	8.696356523394248e-06
	8.978100754348886e-06
	9.247404445471388e-06
	9.306432418521988e-06
	9.233657599316403e-06
	9.13415858630638e-06
	8.997627003368717e-06
	8.860948410508544e-06
	8.882354604220262e-06
	9.10615877016128e-06
	9.437837170856424e-06
	9.737150069567508e-06
	9.94319196902514e-06
	1.00141122407765e-05
	9.903147915618052e-06
	9.687465641852881e-06
	9.570194285595458e-06
	9.515783003492872e-06
	9.503136905451087e-06
	9.516367351080097e-06
	9.511406794932738e-06
	9.525238918975954e-06
	9.662394325643059e-06
	9.977368301241348e-06
	1.032689563172799e-05
	1.048486136072372e-05
	1.03074474215927e-05
	9.886801951986248e-06
	9.404748683428079e-06
	8.982956928412073e-06
	8.70078915624789e-06
	8.594432254342475e-06
	8.669263564187403e-06
	8.825575734969827e-06
	8.957965751272432e-06
	9.029538671443488e-06
	9.023675919345408e-06
	8.963549653237574e-06
	8.890754029693779e-06
	8.812684382245314e-06
	8.71418925343432e-06
	8.614321442160871e-06
	8.566194611836726e-06
	8.596196638321984e-06
	8.657257007630932e-06
	8.675758015578118e-06
	8.642849269392233e-06
	8.544175128298561e-06
	8.396958225088978e-06
	8.273030351709812e-06
	8.244151678686652e-06
	8.315912334803165e-06
	8.363161253245792e-06
	8.28113224842054e-06
	8.153250623328485e-06
	8.049973253444139e-06
	7.979910128966581e-06
	7.93521242048697e-06
	7.880271054647702e-06
	7.824401224443321e-06
	7.79954137293084e-06
	7.822596157833069e-06
	7.873795683379499e-06
	7.971979998527197e-06
	8.106913159317843e-06
	8.226833454808355e-06
	8.308578734886878e-06
	8.381451708903087e-06
	8.530566873962067e-06
	8.741426154934998e-06
	8.949409720389987e-06
	9.10828474807691e-06
	9.204904440586034e-06
	9.220442669916903e-06
	9.166772341960904e-06
	9.086267390846619e-06
	9.029398895917782e-06
	9.028015268805504e-06
	9.069859826962895e-06
	9.162751346967017e-06
	9.258565866841694e-06
	9.321914495668945e-06
	9.386470562822181e-06
	9.514391092992895e-06
	9.701900346906287e-06
	9.967463706330298e-06
	1.023057184790048e-05
	1.032556987723051e-05
	1.014981681111051e-05
	9.737562797325921e-06
	9.316356534226181e-06
	9.05768226100054e-06
	8.950688966874243e-06
	8.935853020728175e-06
	8.972707831368539e-06
	9.026287743581305e-06
	9.060392270572629e-06
	9.093408671783572e-06
	9.140313772032271e-06
	9.240884550038154e-06
	9.412380471126463e-06
	9.571690873930409e-06
	9.649853792664952e-06
	9.631572287873249e-06
	9.557986993435381e-06
	9.491210118900711e-06
	9.494132836586258e-06
	9.614510712664784e-06
	9.784982652822676e-06
	9.922165471093558e-06
	9.929756338052988e-06
	9.861287609759536e-06
	9.776870682883247e-06
	9.708905596472619e-06
	9.688437794204236e-06
	9.742178622360508e-06
	9.846576398983895e-06
	9.922600588271086e-06
	9.8792416266874e-06
	9.697391226286909e-06
	9.435957570695873e-06
	9.25266332810112e-06
	9.285048220898813e-06
	9.497489390640941e-06
	9.749556511466849e-06
	9.925542840709994e-06
	9.953608501171327e-06
	9.819793783817892e-06
	9.609235321961001e-06
	9.450928190458732e-06
	9.43437118130048e-06
	9.510265767889531e-06
	9.625575067924983e-06
	9.718860080705521e-06
	9.782799804605424e-06
	9.817274916316396e-06
	9.817343488522177e-06
	9.780300987606263e-06
	9.746165588227384e-06
	9.741350865242983e-06
	9.872141591052268e-06
	1.020534990565152e-05
	1.066713881007164e-05
	1.108862869360899e-05
	1.129077030476619e-05
	1.103117597835895e-05
	1.051174465839948e-05
	1.010790869734636e-05
	1.01414268251401e-05
	1.05892448794529e-05
	1.117017449716735e-05
	1.149630780155044e-05
	1.145746777128292e-05
	1.120899984405935e-05
	1.089706300728489e-05
	1.067435151414094e-05
	1.053058507815521e-05
	1.041076268908022e-05
	1.034876357456576e-05
	1.040491598128848e-05
	1.056036196931049e-05
	1.073417185625651e-05
	1.086069787500992e-05
	1.084870250886736e-05
	1.074574792545139e-05
	1.060704209024637e-05
	1.043455834527796e-05
	1.024563456292067e-05
	1.006596027498933e-05
	9.938462127768699e-06
	9.880901397629204e-06
	9.874634213049256e-06
	9.971184001702101e-06
	1.018252832109267e-05
	1.051016798002313e-05
	1.087274707618376e-05
	1.107150047473675e-05
	1.093163139308289e-05
	1.049798642225289e-05
	9.977755955554122e-06
	9.63767267924174e-06
	9.521526608071398e-06
	9.556707221026309e-06
	9.720206503990206e-06
	9.956543246539513e-06
	1.016625389134202e-05
	1.028165536486977e-05
	1.026324055310401e-05
	1.011067976962922e-05
	9.880089644565675e-06
	9.622617730659218e-06
	9.407077465086935e-06
	9.241365791334277e-06
	9.077462832462246e-06
	8.904282589899687e-06
	8.770815196224928e-06
	8.676605795616466e-06
	8.627404842174702e-06
	8.580276977438392e-06
	8.509929025021e-06
	8.403317960111276e-06
	8.274704472096456e-06
	8.238660612646581e-06
	8.369788091450589e-06
	8.547135572829796e-06
	8.583097287097602e-06
	8.563021602451216e-06
	8.572330620516013e-06
	8.59074605387622e-06
	8.597753916239233e-06
	8.583371634036107e-06
	8.564999749642514e-06
	8.50921355072438e-06
	8.306312316770764e-06
	8.007330870178845e-06
	7.757178127643856e-06
	7.681967411513666e-06
	7.640437498712511e-06
	7.540454893619345e-06
	7.440016661234098e-06
	7.382759591404435e-06
	7.321988058566169e-06
	7.252466509063906e-06
	7.2612049096112e-06
	7.39763130507234e-06
	7.568141502286146e-06
	7.683058143389064e-06
	7.715757530883979e-06
	7.645004750303651e-06
	7.555867960688139e-06
	7.509263147252598e-06
	7.59419443046453e-06
	7.792542635218695e-06
	7.986438596716679e-06
	8.063937832729678e-06
	8.019159580916031e-06
	7.911613405057269e-06
	7.783692099611501e-06
	7.653247422528306e-06
	7.57585939187286e-06
	7.608894085680735e-06
	7.685121304528475e-06
	7.804905908911412e-06
	7.912767042950081e-06
	7.90869690247774e-06
	7.838472617458571e-06
	7.843142947022928e-06
	7.957252757925032e-06
	8.065903243441975e-06
	8.14311427845767e-06
	8.204720828166844e-06
	8.307626998610002e-06
	8.472073036594165e-06
	8.655662446075545e-06
	8.808169834793311e-06
	8.793645205236223e-06
	8.608858396793665e-06
	8.29717821159385e-06
	7.99793945871722e-06
	7.937847364531831e-06
	8.167824708746435e-06
	8.508792771014207e-06
	8.7429705250426e-06
	8.737985460500994e-06
	8.520786137535353e-06
	8.25749810680763e-06
	8.078490249928269e-06
	7.99778837675674e-06
	8.011141953938877e-06
	8.086027072062411e-06
	8.072561112313339e-06
	7.870451095307478e-06
	7.53434135279468e-06
	7.287580041962945e-06
	7.254641540203916e-06
	7.365907624986217e-06
	7.493100800525161e-06
	7.571089346701441e-06
	7.619272293157358e-06
	7.637205508162074e-06
	7.667101746470107e-06
	7.738753442694034e-06
	7.851525662468559e-06
	7.993616362198086e-06
	8.185599848265615e-06
	8.394166880918795e-06
	8.590475951109834e-06
	8.703547213621383e-06
	8.75740971121161e-06
	8.774633897963767e-06
	8.781132473758032e-06
	8.84553732442227e-06
	8.977432067047221e-06
	9.154131679460778e-06
	9.222947146049373e-06
	9.062318449040147e-06
	8.710494530227257e-06
	8.332720640308585e-06
	8.060036191732441e-06
	7.965842812899846e-06
	8.008984604893902e-06
	8.132661153949742e-06
	8.290688637940056e-06
	8.430235671333233e-06
	8.499685760397521e-06
	8.511745876407506e-06
	8.466131625973833e-06
	8.454723827726119e-06
	8.517422953315785e-06
	8.556459229078475e-06
	8.512579111187607e-06
	8.375838896779795e-06
	8.224030404244817e-06
	8.107398721966667e-06
	8.080611200666005e-06
	8.110892994515795e-06
	8.172421295146519e-06
	8.288665019665413e-06
	8.48092346290172e-06
	8.79616906408393e-06
	9.228507440390814e-06
	9.663328189766176e-06
	9.982768850455917e-06
	1.01595769760773e-05
	1.018980243423228e-05
	1.009833636886118e-05
	9.958695626853024e-06
	9.904448407241843e-06
	1.008972412725977e-05
	1.044856872193391e-05
	1.080770086619797e-05
	1.103380350887751e-05
	1.105905553814072e-05
	1.088951487565548e-05
	1.062551680883606e-05
	1.034837012153636e-05
	1.014317867071913e-05
	1.009036484692455e-05
	1.014426143677063e-05
	1.015553553857707e-05
	1.003628025009149e-05
	9.806509296339748e-06
	9.59775464371829e-06
	9.494024760032269e-06
	9.563799195913556e-06
	9.846495819796152e-06
	1.033028747902081e-05
	1.088657340859566e-05
	1.131475921157342e-05
	1.136717876024536e-05
	1.103391509322644e-05
	1.047731192875868e-05
	9.973561029350109e-06
	9.70168541486323e-06
	9.672048338296475e-06
	9.768745524060333e-06
	9.770918726733849e-06
	9.740054983673618e-06
	9.6633815586073e-06
	9.610885184380772e-06
	9.602301533980545e-06
	9.666881407579322e-06
	9.777205338768534e-06
	9.866085370709383e-06
	9.862562491413859e-06
	9.723894558795679e-06
	9.448014912725406e-06
	9.067082534581955e-06
	8.691290405339472e-06
	8.424365257489079e-06
	8.399855868558769e-06
	8.574530615502227e-06
	8.810973424924651e-06
	8.943881139898361e-06
	8.930051377359009e-06
	8.800880445594477e-06
	8.632277667930093e-06
	8.500898069642195e-06
	8.426164403628705e-06
	8.475064508754122e-06
	8.538643972133141e-06
	8.548778309450357e-06
	8.493113910943054e-06
	8.338447383879035e-06
	8.083567495740452e-06
	7.921892312175811e-06
	7.978094753952103e-06
	8.250105010254523e-06
	8.561656995800431e-06
	8.76038136756125e-06
	8.834495330869343e-06
	8.799512816377452e-06
	8.667041731477169e-06
	8.502728444754087e-06
	8.333155989090988e-06
	8.250435625235638e-06
	8.33197277037949e-06
	8.510344644550308e-06
	8.671083202740091e-06
	8.783443957004457e-06
	8.80600582990546e-06
	8.719513043217524e-06
	8.529827824409718e-06
	8.335201416351965e-06
	8.200632270817319e-06
	8.088371181681509e-06
	8.04484833187135e-06
	8.119645889257412e-06
	8.261945133458648e-06
	8.395114159849781e-06
	8.487114494210896e-06
	8.518445386177721e-06
	8.495330685880921e-06
	8.457643281688987e-06
	8.415722636205566e-06
	8.375322044023974e-06
	8.316925952502442e-06
	8.230855800042424e-06
	8.131368100064133e-06
	8.091330750065802e-06
	8.164446831986925e-06
	8.326073705444181e-06
	8.522303990918759e-06
	8.761671245094752e-06
	9.000388717941906e-06
	9.205694906176602e-06
	9.383080965703266e-06
	9.556085205339267e-06
	9.764460333112923e-06
	1.000305995389693e-05
	1.027603113711723e-05
	1.054693660066794e-05
	1.061434654320928e-05
	1.041276357288216e-05
	1.005110580972549e-05
	9.643145316981278e-06
	9.35685152208658e-06
	9.382228672496878e-06
	9.663227498691237e-06
	9.884858611856161e-06
	9.898597852649872e-06
	9.738177195557554e-06
	9.442201752705668e-06
	9.06831899865393e-06
	8.713205785899605e-06
	8.508977161499699e-06
	8.548193502969148e-06
	8.809507059139349e-06
	9.183470632432977e-06
	9.59357902114849e-06
	9.929232610031871e-06
	1.009522358388763e-05
	1.008493671764734e-05
	9.934129624863162e-06
	9.713875498903141e-06
	9.4467722736365e-06
	9.183409751863978e-06
	9.008974141406365e-06
	9.036397897983423e-06
	9.215889833893427e-06
	9.408487133762487e-06
	9.474841908462294e-06
	9.375269681519313e-06
	9.17745348155112e-06
	8.951447957039497e-06
	8.721580638176533e-06
	8.566383247824498e-06
	8.598076870253679e-06
	8.803226665783333e-06
	9.006560154838722e-06
	9.095282238442446e-06
	9.081020906251023e-06
	9.006504845038813e-06
	8.86703507413102e-06
	8.705584806681241e-06
	8.618104361221641e-06
	8.649922785696049e-06
	8.682902091880596e-06
	8.605445206953323e-06
	8.450624102495612e-06
	8.345713794737393e-06
	8.302062029026129e-06
	8.274527387066185e-06
	8.242525596702266e-06
	8.197009900915433e-06
	8.128831573549757e-06
	8.068355400190512e-06
	7.981136015320262e-06
	7.829168056666327e-06
	7.663371460993749e-06
	7.525921526682695e-06
	7.452253727162416e-06
	7.412291775426375e-06
	7.378644594860376e-06
	7.393885969683649e-06
	7.531743177709101e-06
	7.769004445071364e-06
	8.007433641465972e-06
	8.169116608510492e-06
	8.248281632177157e-06
	8.237607075862671e-06
	8.197268165204177e-06
	8.040423335381596e-06
	7.811687224900544e-06
	7.568513709156638e-06
	7.499569792529788e-06
	7.636417013235486e-06
	7.844254662746433e-06
	8.029232969711824e-06
	8.156725113305122e-06
	8.225323193739303e-06
	8.253277710900766e-06
	8.260950706851257e-06
	8.279810589393427e-06
	8.315893398615077e-06
	8.340896122249191e-06
	8.360380555034123e-06
	8.38787028255407e-06
	8.403819562204886e-06
	8.409812397627679e-06
	8.469737991186334e-06
	8.635755746982693e-06
	8.895116497456855e-06
	9.200833467548269e-06
	9.399620965406868e-06
	9.497141798728689e-06
	9.526439959504131e-06
	9.507090771009977e-06
	9.522570215526399e-06
	9.497949672809719e-06
	9.301328898156119e-06
	8.885478016207899e-06
	8.427160559755657e-06
	8.218441716611889e-06
	8.350146061922844e-06
	8.594821641566238e-06
	8.764617168472575e-06
	8.83983400374335e-06
	8.895117384483668e-06
	8.948950383190802e-06
	8.948289249759464e-06
	8.831315046866225e-06
	8.6048910768877e-06
	8.352327864587266e-06
	8.132504754317288e-06
	8.019465251907334e-06
	8.021755390672721e-06
	8.166323766830297e-06
	8.418285917869238e-06
	8.626280565519417e-06
	8.686003000873428e-06
	8.592341685315155e-06
	8.383916523901665e-06
	8.151160688820171e-06
	7.957174729499553e-06
	7.87561119629244e-06
	7.927687449322665e-06
	8.027511364189997e-06
	8.074483547456031e-06
	8.042001211366248e-06
	7.975565215224814e-06
	7.927863595846673e-06
	7.908287239991999e-06
	7.895394384584914e-06
	7.896219601083656e-06
	7.950819491301057e-06
	8.079985109989857e-06
	8.205669692820196e-06
	8.309306192102178e-06
	8.437215150448175e-06
	8.515288582388021e-06
	8.454143724193212e-06
	8.221075895776724e-06
	7.889313495743549e-06
	7.621527015575629e-06
	7.545768274136613e-06
	7.683260933058266e-06
	7.886220307953724e-06
	8.049565771145711e-06
	8.106580433315554e-06
	8.038709754256107e-06
	7.949623336485153e-06
	7.920998680795827e-06
	7.903683476076622e-06
	7.809628180597e-06
	7.637547430030939e-06
	7.471168958039655e-06
	7.447142264112253e-06
	7.521631999293894e-06
	7.586307569238738e-06
	7.653584724265483e-06
	7.776369060404951e-06
	7.91179533232251e-06
	8.012657015263481e-06
	8.14623499416699e-06
	8.36886411627071e-06
	8.624332063857232e-06
	8.801779999547925e-06
	8.865606921867453e-06
	8.867189735854095e-06
	8.880222995969546e-06
	8.919896521330627e-06
	9.044503741121448e-06
	9.247879663092439e-06
	9.438821385533347e-06
	9.618373109515125e-06
	9.78203840899779e-06
	9.922567327331883e-06
	9.977770404642102e-06
	9.867697556974731e-06
	9.621971202437013e-06
	9.431351978106956e-06
	9.293568676005363e-06
	9.246391429882967e-06
	9.342181277821196e-06
	9.564343854269087e-06
	9.830125448941012e-06
	1.001794891731312e-05
	1.004651299344012e-05
	9.964372615586858e-06
	9.847129070258258e-06
	9.698573547187433e-06
	9.580011103597425e-06
	9.529266419727278e-06
	9.473660869473988e-06
	9.351231983001498e-06
	9.233648817229206e-06
	9.203810280479967e-06
	9.308564692082216e-06
	9.565136273202211e-06
	9.929878652977363e-06
	1.027435865829129e-05
	1.050066595005004e-05
	1.060859246468128e-05
	1.059706341166159e-05
	1.046829296206935e-05
	1.027888601519249e-05
	1.001709034847203e-05
	9.803143675696632e-06
	9.750660014707548e-06
	9.795047009601697e-06
	9.807443869908969e-06
	9.697202234409051e-06
	9.486922073150242e-06
	9.245858598354985e-06
	9.043118762890642e-06
	8.890601423733487e-06
	8.841107707050776e-06
	8.88341700738599e-06
	8.962707945358176e-06
	9.064579983994913e-06
	9.177876231066592e-06
	9.308887858502449e-06
	9.444761074056411e-06
	9.564354145655491e-06
	9.630152366445105e-06
