	0.00419757481623527
	0.002728396539271668
	0.001665726422944616
	0.001020760380832735
	0.0007181597951478029
	0.0007072335212857325
	0.0006696690485570784
	0.0006501705926714075
	0.0007743118408507233
	0.0008800480961492486
	0.000863376184053031
	0.0008188611431134244
	0.0007589156066758492
	0.0006969359490360685
	0.0006410089873478181
	0.0005942452626401374
	0.0005575504561260888
	0.0005263542962668896
	0.0005005473074748157
	0.0004736756097301642
	0.0004504690688672472
	0.0004305612145979303
	0.0004135077490779889
	0.0003995266465476293
	0.0003882806417962064
	0.0003793945663641157
	0.000372781267526052
	0.0003676759747976747
	0.0003633757821539855
	0.0003602852369662606
	0.0003585090248584167
	0.0003575170600401472
	0.0003569771737117556
	0.0003565416625695395
	0.000356232297337873
	0.0003558885003751253
	0.00035546243955594
	0.000355118348630046
	0.0003548528616312339
	0.0003552675318342921
	0.0003567683195164276
	0.0003590189355648925
	0.0003616051240369151
	0.00036464396654951
	0.0003679457790231865
	0.0003712016860618841
	0.000374493927950169
	0.0003779585058494524
	0.0003813509545407229
	0.0003845365209783817
	0.0003878873970288502
	0.0003914546947639602
	0.0003953031509321659
	0.0003993228998603052
	0.0004034325720064207
	0.0004075959468271763
	0.0004119609196476731
	0.00041654140131098
	0.0004214127590278854
	0.0004263350730017206
	0.0004312975167144803
	0.0004362858094850017
	0.0004410554195715274
	0.0004452501331900601
	0.0004490645530477835
	0.0004521894104439158
	0.0004549503762619371
	0.0004577174637984355
	0.0004604397086736378
	0.0004625945074644924
	0.0004644359670680268
	0.0004663002682773343
	0.0004682540200702643
	0.0004705069501792578
	0.0004729337410850985
	0.0004756420681359191
	0.0004783017203828094
	0.0004809603373490767
	0.0004832902868983076
	0.0004851501056819964
	0.0004862676508438189
	0.0004873546379702378
	0.0004883933928850252
	0.0004894164637745643
	0.0004902028794226166
	0.0004906608662189398
	0.0004910908371663877
	0.0004914921411555925
	0.0004918835466153849
	0.000492551278449283
	0.0004934225223394859
	0.0004946169104010732
	0.0004957940825895074
	0.0004964532310976241
	0.0004964566726612277
	0.0004959128591631661
	0.0004951185557076428
	0.0004939265709758338
	0.000492900936542064
	0.0004917451790148539
	0.000490665759577519
	0.0004896527438984166
	0.0004889682699640588
	0.0004881799062598731
	0.0004874437091377201
	0.0004876009649228059
	0.0004887654144367595
	0.00049027792639041
	0.0004913802089275982
	0.0004918129830517089
	0.0004912905826004185
	0.0004901123166464708
	0.0004888518017604561
	0.0004872642661760524
	0.0004854450693913299
	0.0004835397942661268
	0.0004819328998980398
	0.0004809885636284492
	0.0004800115340225328
	0.0004787427427532721
	0.0004773348242494066
	0.0004758053152167125
	0.0004740104658142498
	0.000472072206828762
	0.000470367012164173
	0.0004685915021394182
	0.0004667266355084323
	0.0004647366769005378
	0.0004626843064403466
	0.0004607536802090125
	0.0004587645493518611
	0.0004567346407665188
	0.0004548001830859555
	0.0004531363604053673
	0.0004517439544724846
	0.0004507061410218298
	0.0004501656092219675
	0.00044978205596678
	0.0004496487562295712
	0.0004494336158610066
	0.0004490959792780717
	0.0004484916998447663
	0.0004475871526928329
	0.0004463490446066861
	0.0004448498077618623
	0.0004430062605705108
	0.0004410509404075331
	0.0004389209887830719
	0.0004368826380370242
	0.0004349256215945902
	0.0004332228561381003
	0.0004318058964764535
	0.0004304056103618997
	0.0004290161451570269
	0.0004275427868674249
	0.0004259023505713115
	0.0004242711758910119
	0.0004225506355458127
	0.0004207471463950564
	0.0004190416363257177
	0.0004174375328468469
	0.0004161345469676309
	0.0004150300755440146
	0.0004139873470686464
	0.0004128500182414287
	0.0004117141764621736
	0.0004103406143091947
	0.0004086362142218235
	0.0004067088910111605
	0.0004047573442601227
	0.0004027507027179924
	0.0004008131930015807
	0.0003987470551419904
	0.0003968200942675164
	0.0003952452674135951
	0.00039397670234307
	0.000392980956662442
	0.0003924110128505762
	0.0003920603150288346
	0.0003918216510461655
	0.0003915377516682005
	0.0003913141519650322
	0.0003911657447023114
	0.0003910448319272295
	0.0003909295052948331
	0.0003909301295485284
	0.0003909366016901682
	0.0003909282689927204
	0.0003908032771053925
	0.0003904296513516582
	0.0003897210945611755
	0.0003886879372382629
	0.0003874617617180278
	0.0003862181240275838
	0.0003848763137629128
	0.0003834550127763183
	0.0003819779856652406
	0.0003804701357787721
	0.0003789696858642278
	0.0003774013486772904
	0.0003757279595348758
	0.0003742878011454315
	0.0003728785214461038
	0.0003714041637223705
	0.000369951451007323
	0.0003686045135169288
	0.0003674839862794346
	0.0003665154895630083
	0.0003657305628942669
	0.0003650507698211155
	0.0003645590672680868
	0.0003642709253678136
	0.0003641716358385528
	0.0003641161235458829
	0.0003641447999670574
	0.0003640972886747121
	0.0003641366198699713
	0.0003640859882922102
	0.000363935387934908
	0.0003637476465126859
	0.000363482377545597
	0.000363114322625865
	0.0003627571061726162
	0.0003623857762482164
	0.0003621652496620653
	0.0003620280403753949
	0.0003619072988844931
	0.0003618288661696306
	0.0003617146982465681
	0.0003616008035516481
	0.0003615456785013107
	0.0003614055030083951
	0.0003612502138234681
	0.0003611311759273844
	0.0003610073534779234
	0.0003610356073065304
	0.0003610539003749772
	0.0003610893491116663
	0.0003609690035823298
	0.000360668244556383
	0.0003603351008064667
	0.0003598960791900501
	0.0003591406266993951
	0.0003581029157266635
	0.000356979033289312
	0.0003554053440208202
	0.000353462797986236
	0.0003516678822420855
	0.0003497803345114404
	0.0003480102706392898
	0.0003462292588723482
	0.0003443141695281825
	0.0003424391832574406
	0.000340497299244735
	0.0003385760610138644
	0.0003366423885312282
	0.0003347153176903619
	0.0003329474085685132
	0.0003312366208632498
	0.0003297232653294291
	0.0003283828398139962
	0.0003271503457588743
	0.000325947874436237
	0.0003248136224881814
	0.0003237507781052049
	0.0003228392767589354
	0.0003220780053590039
	0.0003212870086889098
	0.0003204919545371245
	0.000319663599738404
	0.0003189535864338774
	0.0003182576722623769
	0.0003176807739122357
	0.0003171800191987713
	0.0003167809190725328
	0.0003165278593947748
	0.000316372046245467
	0.000316275469171994
	0.0003162172308204857
	0.0003158994286924908
	0.0003154716835864388
	0.000314944868372162
	0.000314459592553125
	0.0003137535745512486
	0.0003130903552881715
	0.0003126013340854892
	0.0003121690825925239
	0.0003117937064483144
	0.0003114546330626585
	0.0003110867761743981
	0.0003107049513278834
	0.0003104342428054582
	0.0003100358976027991
	0.0003096620332485984
	0.0003093069939898493
	0.0003090469213834104
	0.0003089454911248789
	0.000308926364085783
	0.0003089998122751198
	0.0003091872146031222
	0.0003094124256461867
	0.0003096636180431905
	0.0003100339279915418
	0.0003103133553162309
	0.0003105380160728199
	0.0003107954789331694
	0.0003110340246183804
	0.0003112413353040555
	0.0003113849965870367
	0.0003114386621884399
	0.0003114725123275647
	0.0003115659797123367
	0.0003117186602542558
	0.0003118965925563806
	0.0003121220688619242
	0.0003123697169126123
	0.0003126057826566519
	0.0003128042739801848
	0.0003130469978690006
	0.0003133991414639138
	0.0003138836834296709
	0.0003145208967604613
	0.0003151937570451292
	0.0003158193431663812
	0.000316457168859684
	0.0003170581999097427
	0.0003176813636942673
	0.0003182696294086577
	0.0003187910704713393
	0.0003192057105256076
	0.0003195054464173875
	0.0003197583876283293
	0.0003198853710669347
	0.0003198816217682859
	0.0003198577597893812
	0.000319746832589934
	0.0003197416430788851
	0.0003197656093181961
	0.0003197498441713056
	0.0003198059443718546
	0.0003201272573489418
	0.0003206503429638968
	0.0003213129240176065
	0.0003222446350184955
	0.0003232016946628048
	0.0003239997571938642
	0.0003247073681136265
	0.0003253382354729794
	0.0003261157303599914
	0.0003268543470355678
	0.0003275210181719074
	0.0003280682389340748
	0.0003286745372192624
	0.0003294317747459408
	0.0003303231095644118
	0.0003313157752611212
	0.0003323761597671965
	0.0003334750268861521
	0.000334604330223767
	0.0003358053322135381
	0.0003370160113310277
	0.0003381868228697082
	0.0003393140739360566
	0.0003403044687796888
	0.0003412691348144443
	0.0003422643077010198
	0.0003432470206440139
	0.0003440871775268834
	0.0003447656734409594
	0.0003453007569026652
	0.0003457413004882842
	0.0003459817915299317
	0.0003461996146553547
	0.0003463568098522992
	0.000346610619288105
	0.0003468809265577143
	0.0003472028802433491
	0.0003474458494268369
	0.0003477503882349705
	0.0003479402274840407
	0.0003481325460971755
	0.0003483843811970997
	0.0003487714831717199
	0.0003493098276529295
	0.000350007372873519
	0.0003506212812922211
	0.0003509902359454003
	0.0003510504303299545
	0.0003508374787324784
	0.0003505345237260164
	0.0003503468888394794
	0.0003504333129962643
	0.0003506639640650815
	0.0003511343425312509
	0.0003516481011053006
	0.0003520461684942557
	0.0003523577786201889
	0.0003526833291818279
	0.0003529380148755135
	0.0003531779768251478
	0.0003533989051539966
	0.0003535645758150024
	0.000353666105462649
	0.0003535211285856173
	0.0003533368586605302
	0.0003531710708760306
	0.000353104766794978
	0.0003533393622567328
	0.0003538490684291686
	0.0003545959403241302
	0.0003556335657083961
	0.0003570400866046661
	0.0003585400522098056
	0.0003602128941576373
	0.0003619249830949731
	0.0003635637698081994
	0.0003653692785989672
	0.0003675540862369939
	0.0003698404869512327
	0.0003719678924404535
	0.0003739368380562598
	0.0003758699368260669
	0.000377975113999754
	0.0003802450838480342
	0.0003826904929736213
	0.0003848688394650274
	0.0003866587412912419
	0.0003881862138610257
	0.0003896198721175374
	0.000390990769527546
	0.0003921069348749707
	0.000393068888948049
	0.0003938359432435153
	0.0003946102021043181
	0.0003950314088901013
	0.0003951534866338047
	0.0003951014987529183
	0.0003947635061650004
	0.0003942393680681615
	0.0003936089514162119
	0.0003927866610972165
	0.0003917972104994356
	0.0003906067644004997
	0.0003892370805834601
	0.0003877117571333189
	0.0003858970901569942
	0.0003838514007582917
	0.0003816027922405961
	0.0003791719378443531
	0.0003765502016807769
	0.00037399766533981
	0.0003715359457107153
	0.0003692547665153729
	0.0003672281849919785
	0.0003653750882483787
	0.0003636438569411016
	0.0003620430577027657
	0.0003604502202717626
	0.000358753520916234
	0.0003571420844094708
	0.0003555280178327024
	0.0003538626483714362
	0.0003523214508186341
	0.0003509299028550612
	0.0003495957512752832
	0.0003484179335882052
	0.0003474023462701193
	0.0003463943382024602
	0.0003451686218645205
	0.0003436875218413336
	0.0003420604713276507
	0.0003402072623387034
	0.0003382785511571719
	0.0003364331401479924
	0.0003346263918378597
	0.0003329523832595308
	0.0003313589973510304
	0.0003296851977650134
	0.0003277774428832521
	0.0003257897692559857
	0.0003238037721307949
	0.000321818295140294
	0.0003197551685506057
	0.0003174894018295286
	0.0003150776154231006
	0.0003127316928499674
	0.0003104813157246631
	0.0003082351170072898
	0.0003059285961615429
	0.0003034952932536988
	0.0003008939899921474
	0.0002981166899590076
	0.0002953975259323116
	0.000293058241464967
	0.0002911770028122896
	0.0002895736621838461
	0.000288271205394612
	0.0002872259892152283
	0.0002864229788369295
	0.0002858550312687819
	0.0002853654632574392
	0.0002848998703807969
	0.0002843418388587062
	0.0002835762252746006
	0.0002826927346369146
	0.0002818177177262678
	0.0002810019893853989
	0.0002802333373646395
	0.0002795826573519709
	0.000278973184449783
	0.0002784921328069599
	0.0002780724905952849
	0.0002777700279257243
	0.0002775420512501524
	0.0002773818713353625
	0.0002773332886796545
	0.0002772660704337302
	0.0002771484854027873
	0.0002770527905846568
	0.0002768708433124241
	0.0002767638398197518
	0.0002767169216903655
	0.0002766832627636993
	0.000276672253753724
	0.0002767268088919411
	0.0002768724874731054
	0.0002771104877393543
	0.000277331627753793
	0.0002775405431703981
	0.0002777711026685722
	0.0002779420652455316
	0.0002780392792451431
	0.0002780501846612806
	0.0002779426075618355
	0.0002777509054531613
	0.0002775074733822366
	0.0002771949561442001
	0.000276986775925482
	0.0002768181437619888
	0.0002766306246698427
	0.000276444271835484
	0.0002762400897854803
	0.0002760517923167557
	0.0002758371632719248
	0.0002756760609673578
	0.000275566776548953
	0.0002753899127919536
	0.0002751573731198404
	0.0002748528222397178
	0.000274561748655068
	0.0002742433430329589
	0.000273959575549208
	0.000273663086569817
	0.0002733043917680162
	0.0002728703519334583
	0.0002724491337202704
	0.0002719913281306077
	0.0002714610874993557
	0.0002709222675496229
	0.0002704131319467866
	0.0002700095325673157
	0.0002695794067609843
	0.0002691731930679962
	0.0002687594806129621
	0.0002682748466217161
	0.0002677955617825323
	0.0002673070525655215
	0.0002668950138891547
	0.0002665918839900656
	0.0002663978269621433
	0.0002662554583746084
	0.0002661069870534136
	0.0002659376099854226
	0.0002657863932900078
	0.0002656926151870914
	0.0002656279896107993
	0.0002655442693531515
	0.0002654090570234827
	0.0002652550136520936
	0.0002651038330052192
	0.0002650315775485808
	0.0002650652792240277
	0.0002651458891711517
	0.000265267141474295
	0.0002654165951131159
	0.0002655827865710473
	0.0002656864054118318
	0.0002657811040896186
	0.0002658399781818759
	0.0002659410825536961
	0.00026608931251195
	0.0002662244956105957
	0.0002664090201378215
	0.0002667240795868757
	0.0002670677570188752
	0.0002674502798792647
	0.0002678585566178652
	0.0002683165520376159
	0.0002687631814395525
	0.0002691944291309007
	0.0002696398878495405
	0.0002701068652284825
	0.0002705292708430262
	0.0002708647499219619
	0.0002710658704146769
	0.0002711588862314709
	0.0002712450698949847
	0.0002713162652391229
	0.0002713738434895868
	0.0002713784391131676
	0.0002712931939856602
	0.0002711500298723082
	0.0002709511813000474
	0.0002707245243152629
	0.000270397596817067
	0.0002699511360169007
	0.0002694155971558586
	0.0002688109689538534
	0.0002680684873496628
	0.0002672664424439055
	0.0002664701364753902
	0.0002657587701339118
	0.0002650902488805771
	0.0002644614500597206
	0.000263900214467892
	0.0002634107268557668
	0.0002629862284791312
	0.0002625997681878574
	0.0002622459998196551
	0.0002618574053538989
	0.0002614659795576607
	0.0002611429803188483
	0.0002609560448480509
	0.0002609076147601816
	0.0002609049472951319
	0.0002609992857467612
	0.0002611529947550578
	0.0002612519255900512
	0.0002613007655705965
	0.0002612882822293755
	0.0002612555039380088
	0.0002612255641621705
	0.0002612400827590189
	0.0002612844177345273
	0.0002613978998416549
	0.0002615727628926551
	0.0002617612002709107
	0.0002619918530491719
	0.0002623081932638981
	0.0002626515688471829
	0.0002630460681104275
	0.0002634463894637368
	0.0002638460850582456
	0.000264245048023781
	0.0002647276278931413
	0.0002652593809139474
	0.0002658021138277493
	0.0002664377238736107
	0.0002671452624353937
	0.0002678850105486729
	0.0002686539033828985
	0.000269484007390882
	0.0002703002721248861
	0.0002711090328741965
	0.0002718566462864964
	0.0002726189889985721
	0.0002733432064951287
	0.0002741181526728384
	0.0002748776581359611
	0.00027556980194278
	0.0002762166180920836
	0.0002767803926891799
	0.0002772895062658787
	0.0002777537387756412
	0.0002781999480325606
	0.0002786106010105837
	0.0002790188028911916
	0.000279466158616553
	0.0002799355371066555
	0.0002803648880889573
	0.0002807716141327028
	0.0002811232909587663
	0.0002814445171355087
	0.0002817160419888331
	0.0002819727522395605
	0.00028223012971618
	0.0002824570200158964
	0.0002825552728411488
	0.000282544397635704
	0.0002824491424481843
	0.0002821950911639393
	0.0002817410857653912
	0.0002811065082856286
	0.0002802753578986875
	0.0002792033699178863
	0.0002779549666220941
	0.0002766116659802079
	0.0002752484710028009
	0.0002738666651539578
	0.0002724933770653063
	0.0002710904108956339
	0.0002696532459899923
	0.0002681361061638043
	0.0002666333837707536
	0.0002651555427951744
	0.0002636938376545456
	0.0002622618149379777
	0.0002609026530797537
	0.0002595858407596109
	0.0002582886769152353
	0.0002570052677576394
	0.0002557419430991087
	0.0002546000580980402
	0.0002536302166171957
	0.0002528169338117967
	0.0002520810766333454
	0.0002513200989959089
	0.0002505159179073742
	0.0002496728293542364
	0.0002488709561566917
	0.0002480618276210403
	0.0002471869295596294
	0.0002464944958059456
	0.0002459828608549577
	0.0002453984893268405
	0.0002447134264191006
	0.0002439183768152078
	0.0002430259978356897
	0.0002422624785959818
	0.0002416518459355324
	0.0002411074403040166
	0.0002406671706850818
	0.0002402222657218899
	0.0002396933373042378
	0.0002391390659162024
	0.0002385147272785454
	0.0002378366618078024
	0.000237144453313001
	0.0002363910877509111
	0.0002356143094618835
	0.0002349341332308147
	0.0002343814425389465
	0.0002339406714080533
	0.0002335832131449654
	0.0002332719468976468
	0.0002330556161466642
	0.0002330025334871843
	0.0002331346875043906
	0.000233539449809927
	0.0002341036048614773
	0.0002348643259433222
	0.0002357747503813753
	0.0002367737015419395
	0.0002377315154237763
	0.000238615119662313
	0.000239400035814204
	0.0002400593017701437
	0.0002406208960664258
	0.0002411341083133104
	0.0002416360383099445
	0.0002421241151193006
	0.0002426040319573599
	0.000243103218935296
	0.0002436400970842596
	0.0002441636226116832
	0.0002445755077961125
	0.000244821798151653
	0.0002448999476244985
	0.0002448955304767861
	0.0002447944618975868
	0.0002445616737975263
	0.0002442579221227353
	0.0002439561484588216
	0.0002436820332587389
	0.0002434305933871877
	0.0002432045874018825
	0.0002430178373082216
	0.0002428130213642268
	0.0002425720778426428
	0.0002422782254193598
	0.0002419416837449651
	0.0002415825006844968
	0.0002412670859371681
	0.0002410481978211481
	0.0002408653150150961
	0.000240616332841674
	0.0002402766753331592
	0.0002398250271101601
	0.0002392722259147214
	0.0002386693429057164
	0.0002380658920813996
	0.0002374920027793608
	0.0002369441374469086
	0.0002364231408738338
	0.0002358414668041772
	0.0002351070893937568
	0.0002343811550198206
	0.0002336850363945916
	0.0002329384637714721
	0.0002321733075278171
	0.0002313167598435065
	0.0002304291548108056
	0.0002295970854355541
	0.0002287975225724331
	0.0002279903128316198
	0.0002271762206368782
	0.000226306780006467
	0.000225435887080945
	0.0002246583188046035
	0.0002239703219802062
	0.0002233066744522095
	0.000222666167170758
	0.0002220412111863428
	0.0002214917092052873
	0.0002209898898178747
	0.0002205165696337282
	0.0002200889416053852
	0.0002196452420283551
	0.0002191513445556606
	0.0002186209445178917
	0.0002180278989890143
	0.0002173824712354539
	0.0002168212481301169
	0.0002163455858050886
	0.000215947634378699
	0.0002156597750747242
	0.0002154522838994
	0.0002153226279167178
	0.000215214025065374
	0.0002150979244442409
	0.0002149503519207261
	0.0002148041487439537
	0.0002147241909085246
	0.0002146927977930741
	0.000214692911089767
	0.0002147125078993559
	0.0002147560951347442
	0.0002147766597263487
	0.0002147651518120937
	0.0002147843007803296
	0.0002148685982586695
	0.00021501702670685
	0.0002152148468229987
	0.0002154633121404945
	0.000215748410727516
	0.0002160459239041793
	0.0002163443535413632
	0.0002165975407630929
	0.0002167637570910388
	0.0002167988497153143
	0.0002167430987460336
	0.0002165654169621679
	0.0002163048717858015
	0.0002160004609658812
	0.0002156498145358708
	0.0002152879442861548
	0.0002149606579541744
	0.0002146408690646202
	0.0002142940472225491
	0.0002139334949594021
	0.0002135850235605596
	0.000213236058025521
	0.0002129249724082514
	0.0002126521202230572
	0.000212448041112787
	0.0002123276607645776
	0.0002122476610175907
	0.0002121565332015168
	0.0002120452790076314
	0.0002119018834827424
	0.0002117272251222434
	0.0002115279463756476
	0.0002113338524847373
	0.0002111233905950384
	0.0002109303930452829
	0.0002107889347959557
	0.000210728053296055
	0.0002107034670832538
	0.0002106558405378499
	0.0002105479861059056
	0.0002104065966950968
	0.000210234985105349
	0.0002100227363830953
	0.0002097699068463134
	0.0002094964483584045
	0.0002091323726251322
	0.0002086919174289351
	0.0002082507670987024
	0.0002078486972549364
	0.0002074506356966659
	0.00020705094324124
	0.0002066686708317139
	0.0002062794899840362
	0.0002059734544206224
	0.0002057260699680841
	0.0002055543059314179
	0.0002054153947613089
	0.0002053000572412072
	0.0002052769539061558
	0.0002053480265381071
	0.000205481155066614
	0.0002056459102495172
	0.0002058843308387121
	0.0002061738834608528
	0.0002065006650636238
	0.0002068109449549024
	0.0002070686416828018
	0.0002072841325993922
	0.0002074478730655084
	0.000207646456784156
	0.0002078888225292825
	0.0002082313856114018
	0.0002087155922498114
	0.000209246981490012
	0.00020975679652065
	0.0002102627845566187
	0.000210790247965463
	0.0002113402038870196
	0.0002119247291395196
	0.0002125408083662439
	0.0002131921780906642
	0.0002138563195233569
	0.0002145164887966405
	0.000215143001382753
	0.0002157111152173606
	0.0002162352103563613
	0.0002167495964616922
	0.0002173009787416907
	0.0002179001642670406
	0.0002185560366832722
	0.0002192952475792115
	0.0002200747722303849
	0.0002209015871897425
	0.000221778950813322
	0.0002226859932861698
	0.0002236348618927145
	0.000224598283553506
	0.0002255265761288181
	0.000226448363346159
	0.0002273896697801504
	0.0002283120302321463
	0.0002292202866023966
	0.000230099797505883
	0.0002309641982478721
	0.0002318430751287337
	0.0002326698996788603
	0.0002334186800360089
	0.0002340784132863613
	0.0002346086256750254
	0.0002349979342631087
	0.0002353181225046641
	0.0002356029695044286
	0.0002358673286013219
	0.000236114528293599
	0.0002363121773849844
	0.0002364521885003022
	0.0002365557946992552
	0.0002366171319362176
	0.0002366335383040061
	0.000236601235932043
	0.0002364606726892808
	0.0002361950032840367
	0.0002358414856512287
	0.0002354311495950678
	0.0002349603197329241
	0.0002344274897830908
	0.0002337095170550643
	0.0002328934311295522
	0.0002319596242952922
	0.0002308901247333648
	0.0002297036690082372
	0.0002284124536890109
	0.000227104250293717
	0.0002258622324518643
	0.0002247983668245802
	0.0002240387896070232
	0.0002235253867849677
	0.0002232261755633758
	0.0002231195656019899
	0.000223216284388218
	0.0002234658300890043
	0.0002237995596013804
	0.0002241935773323011
	0.0002245752968566781
	0.0002249282902441699
	0.0002252369879194536
	0.0002254769767225605
	0.000225633068809624
	0.0002256808467877159
	0.0002256139164127139
	0.0002254772328729505
	0.0002252615580224588
	0.0002249939054368388
	0.0002246971124959418
	0.0002243540292171423
	0.0002239817164350465
	0.0002235861211122369
	0.0002232130922932435
	0.0002228822894942045
	0.0002226016958230649
	0.0002223535089744859
	0.0002221394642950598
	0.0002219306829228345
	0.0002217573156435465
	0.0002216319752487215
	0.0002215840677617206
	0.000221617824456628
	0.0002216909108807217
	0.0002217552213989059
	0.0002218452749405563
	0.0002219350257995504
	0.0002220317008905183
	0.0002220885719426548
	0.0002220805959867169
	0.0002220007172704003
	0.000221875878876243
	0.0002217761136720363
	0.0002217109976349043
	0.0002215930606409904
	0.0002214179448510987
	0.0002211972515531593
	0.0002209397979610329
	0.0002206572201955073
	0.0002203800458435674
	0.0002200956572447542
	0.0002198322512071484
	0.0002195878398929138
	0.0002193608872243644
	0.0002191200833538961
	0.0002189165954868338
	0.0002187425145026975
	0.0002185392113810719
	0.0002182814224201034
	0.0002179106880051545
	0.0002174605782764614
	0.0002169971770199973
	0.0002165640107054033
	0.0002161885853359047
	0.0002158623812816572
	0.0002155102240913522
	0.0002150934953613244
	0.0002146079725800661
	0.0002141069953894907
	0.0002136359792510058
	0.0002132191336408993
	0.0002128273136162943
	0.0002124348125161069
	0.0002120137039748603
	0.0002115161154073922
	0.0002109741174132718
	0.0002104322849877862
	0.0002099089628473203
	0.0002094047728397133
	0.0002089339840335445
	0.0002084963306440091
	0.0002080708126247957
	0.000207632881066951
	0.0002071948578466232
	0.0002067875157968441
	0.0002064461057407254
	0.0002061815893786988
	0.0002059505751804331
	0.0002057309454062029
	0.0002054409745955883
	0.000205084123344119
	0.0002046955868200074
	0.0002043020993431223
	0.0002039176308729275
	0.000203517237802098
	0.0002031493799271385
	0.0002028691491781629
	0.0002025829647901706
	0.0002022755703455738
	0.0002019428303946341
	0.000201603081308177
	0.0002012772040772576
	0.0002010198906698223
	0.0002008142643988905
	0.0002006650388709789
	0.0002005838051292626
	0.000200520810978911
	0.0002004439640803812
	0.0002003472441526956
	0.0002002466267259266
	0.0002001420248040753
	0.0002000230801910067
	0.0001998886274599298
	0.000199758385080281
	0.0001996590700015999
	0.0001995726090870639
	0.000199480538282122
	0.0001993716266908388
	0.0001992366968797312
	0.0001990835338372575
	0.0001989646608033607
	0.0001989071684352688
	0.0001989074045808728
	0.0001989359806952019
	0.0001990175114085809
	0.0001991521953087393
	0.0001993204566984815
	0.0001995194842560766
	0.0001997682955174187
	0.00020005796878788
	0.0002003597489519008
	0.0002006296345219567
	0.0002008957786003791
	0.0002011715057683051
	0.0002014755957548774
	0.0002017978151843828
	0.0002021416844153644
	0.0002025525555186747
	0.0002029977428188682
	0.0002034741549377415
	0.0002039363800273828
	0.0002043630395514039
	0.0002047830045391067
	0.0002051601850447972
	0.0002054846574137343
	0.0002057485353417927
	0.0002059430794642781
	0.000206073430938939
	0.000206139846928045
	0.0002061719189776038
	0.0002061926738784776
	0.0002062121816318939
	0.0002062435593085844
	0.0002062208034019508
	0.0002061633834942224
	0.0002060961176394415
	0.0002060635783295256
	0.0002060841945882149
	0.0002061532930149941
	0.0002062922173135893
	0.0002064691990681003
	0.0002066824044535725
	0.0002069458322124232
	0.0002072445128877426
	0.0002076132528510695
	0.0002080933134640797
	0.0002086805599064714
	0.0002093548742442777
	0.0002100592836697434
	0.0002107433368588516
	0.0002113914418823773
	0.0002119880709037035
	0.0002125384693273273
	0.0002130733378915299
	0.0002135819866799353
	0.0002139674840420386
	0.0002142309908544716
	0.0002143722156740277
	0.0002143995538552939
	0.0002143602152304204
	0.0002143144875795477
	0.0002143025653386711
	0.0002143165623235838
	0.0002142877080183474
	0.0002142312262579707
	0.000214129962858652
	0.0002139760453858298
	0.0002137579721913666
	0.0002134551412892467
	0.0002130376723334938
	0.0002125288162245639
	0.0002119433898074473
	0.0002112673278530782
	0.0002105315769866948
	0.0002097210522751542
	0.0002088513346140014
	0.0002079471600700071
	0.0002070177331911424
	0.0002061046805746995
	0.0002052548884914696
	0.0002044889369238595
	0.0002037877403983355
	0.0002031452512669662
	0.0002025661044079228
	0.000202105598236561
	0.0002017922644579851
	0.0002015576918066903
	0.0002013862354585267
	0.0002012330489001604
	0.0002010534765638513
	0.000200854826050324
	0.0002007059670999017
	0.0002007103397671107
	0.0002008273967242663
	0.0002010554908431234
	0.0002013570078968887
	0.0002016274859332016
	0.0002018869706630374
	0.000202142003086566
	0.0002023819681671988
	0.0002026555442090092
	0.0002029781691425763
	0.0002033268082466859
	0.0002036191558710537
	0.0002038767769025561
	0.0002041235996018123
	0.0002043724500425894
	0.0002046190845429685
	0.0002048558278455348
	0.0002050282532917016
	0.0002050942050296186
	0.0002050631793522588
	0.0002049228959185855
	0.0002047125928985896
	0.0002044752166988069
	0.0002042404257264092
	0.0002040346599419333
	0.0002038704269375581
	0.0002037317506590471
	0.0002035885177332671
	0.0002033949993460177
	0.0002031257115606827
	0.0002028135212448968
	0.0002024777407151877
	0.0002021342252841504
	0.0002018139853139476
	0.0002014890245908663
	0.0002011741785413099
	0.0002009132344539076
	0.000200735012181888
	0.000200647109920344
	0.0002006094684879453
	0.0002006508314241244
	0.0002007410990350782
	0.0002008590028768952
	0.0002009941334452224
	0.000201184835260881
	0.0002014568709069774
	0.0002018046090347843
	0.0002021678518886348
	0.0002024990030268514
	0.0002028312315503352
	0.0002031820230497274
	0.0002035102847589335
	0.0002037461370751636
	0.0002038701624955593
	0.0002039227943831595
	0.0002039483875122221
	0.0002040143597989577
	0.0002041593260524099
	0.0002044305759007738
	0.000204806293779456
	0.0002052262812965971
	0.0002056754960466718
	0.0002061745320920234
	0.0002066649404494281
	0.0002071042029915307
	0.0002075131639087058
	0.0002078481577974596
	0.0002080945123229555
	0.0002082659598953905
	0.0002083893428576815
	0.0002084541479402041
	0.0002084154317703532
	0.0002082427311911779
	0.0002079497483281726
	0.0002075603751089259
	0.000207135046864218
	0.0002066947649845548
	0.0002062980958950738
	0.0002059439132114713
	0.0002056001472088603
	0.0002053010119778659
	0.0002050756091537891
	0.0002049100420914935
	0.0002048206690427496
	0.0002048233779736817
	0.0002048429403111783
	0.0002048329477626399
	0.0002048088475004666
	0.0002047549393473346
	0.0002046780588661575
	0.0002046255251588032
	0.0002046033368863225
	0.0002046103466860747
	0.0002046614008800791
	0.0002046962822761691
	0.0002046719899391245
	0.0002046015482123682
	0.0002044645796133402
	0.0002042582418426076
	0.0002040356440031476
	0.0002037508042739888
	0.0002034433653369423
	0.0002031374788809769
	0.0002029067035453501
	0.0002027521212997923
	0.0002026742212340717
	0.0002026226772214303
	0.0002025759658340751
	0.0002025118930020593
	0.0002024599652328242
	0.0002023954247734448
	0.0002022942852483047
	0.0002021837848214612
	0.0002020697500235917
	0.0002019600749005664
	0.0002019031762927219
	0.0002018831945290649
	0.0002018865489282771
	0.0002019012318358771
	0.0002019240397985947
	0.0002019866711823148
	0.0002020728869818863
	0.0002022125801542003
	0.0002024072500232694
	0.0002026091347133465
	0.0002028137636116065
	0.0002030239599021435
	0.0002032255027207354
	0.00020337964347444
	0.0002034755399321068
	0.0002035374893273686
	0.0002035982659535509
	0.0002036553559422169
	0.0002036826157254878
	0.000203650636480062
	0.0002035844421414399
	0.0002034741891650355
	0.0002033581959295774
	0.0002032709069212374
	0.0002032441706637897
	0.0002032654789052763
	0.0002033570350488712
	0.0002035303933536627
	0.0002037742294924313
	0.0002041252112377014
	0.0002045583863695053
	0.0002050441561653324
	0.0002055132449998266
	0.0002059152249003784
	0.0002062646932820082
	0.0002065200931061874
	0.0002066996456241369
	0.0002068031717028448
	0.0002068209870796912
	0.0002067815811963543
	0.0002066936314637319
	0.0002065737724097314
	0.0002064308064896622
	0.0002063266215044098
	0.0002063187705440537
	0.0002063791956137077
	0.0002064305796674486
	0.0002064661824324281
	0.0002065126250053478
	0.0002065009131684898
	0.0002064222348795803
	0.0002062905353947429
	0.0002061519101441162
	0.000206057777465198
	0.0002059447847118805
	0.0002057771290455984
	0.0002054950128021356
	0.0002050861407372113
	0.0002045725105475041
	0.0002039614464215502
	0.0002032222223729036
	0.0002023786853182424
	0.0002014765312373013
	0.0002005348259445351
	0.0001995618031129586
	0.0001986108817913605
	0.0001976961485885993
	0.0001968423628768013
	0.0001959904436757933
	0.0001951662780858816
	0.0001943776965788466
	0.0001935755142563447
	0.0001927965909853231
	0.0001921069986640182
	0.0001915536736804668
	0.0001910690093657851
	0.0001906622601609876
	0.0001903440612454549
	0.0001900558638790765
	0.0001898103607120001
	0.000189551379040518
	0.00018939710092835
	0.0001892768513518294
	0.0001891994398171144
	0.0001891649155372337
	0.000189163623081699
	0.0001892265633248961
	0.0001893372117195539
	0.0001894650055449053
	0.0001895648047023879
	0.0001896765623384051
	0.0001898177093570918
	0.0001899572970379858
	0.0001900129193965361
	0.0001900383130525536
	0.0001900748384973075
	0.0001900601388224181
	0.0001900224424948585
	0.0001899536139817622
	0.0001898455668004041
	0.0001897060071381253
	0.0001895416825600919
	0.000189356129542991
	0.0001891424044298138
	0.0001889355929627428
	0.0001886980357623978
	0.0001884256729145947
	0.0001881333367373641
	0.0001878103197701833
	0.0001874912624032218
	0.0001872022436758208
	0.0001869462177874587
	0.0001867439078228792
	0.0001865786214130211
	0.0001864093463156629
	0.000186264339208441
	0.0001861641939661119
	0.0001861317184515329
	0.0001861357741771684
	0.0001861550165244894
	0.000186205723062377
	0.0001862746265139369
	0.000186331028158756
	0.0001863869520294489
	0.0001864810539535567
	0.0001866793837564044
	0.0001869830534739659
	0.0001872868798175764
	0.0001875762902916842
	0.0001877951437755647
	0.0001879598634425569
	0.0001881247690918931
	0.0001883208114789336
	0.0001885543541406389
	0.0001888050986534355
	0.0001890218222737997
	0.0001891816742643949
	0.0001892768401771478
	0.000189326711739727
	0.0001893179012621637
	0.0001892831744903097
	0.0001892827308174405
	0.0001894244549843469
	0.0001895764393170342
	0.0001896922870683087
	0.0001897723606235306
	0.0001898363265023781
	0.000189878442510879
	0.0001899315084366377
	0.0001899557358239855
	0.0001899624586523318
	0.0001899389758068435
	0.0001899284485534204
	0.0001899414749841622
	0.0001900057405967552
	0.0001901142539712635
	0.0001902252500655311
	0.0001903278193810533
	0.0001904263324841442
	0.0001905374837262569
	0.0001906698162106625
	0.0001908224170943374
	0.0001910122115743383
	0.000191240957678606
	0.0001914806663251039
	0.0001917185834777918
	0.0001919684860398571
	0.0001922186038857045
	0.0001924801737149632
	0.0001927980484531887
	0.0001931770340077703
	0.0001935995716814719
	0.0001940805422298574
	0.0001946034389963608
	0.000195108488339335
	0.0001955297017068349
	0.0001958642553398775
	0.0001961164636943742
	0.0001962948389807554
	0.0001964074809346616
	0.0001964395650900221
	0.0001963754761148675
	0.0001962478883113903
	0.0001960991882987166
	0.0001959753691748053
	0.0001958899248444914
	0.0001958129595742138
	0.0001957081937200982
	0.0001955803307134041
	0.0001954443536665663
	0.0001953118583186521
	0.0001951786127168824
	0.0001950294594130523
	0.0001948733704745154
	0.0001947653147498311
	0.0001947094087789176
	0.0001947075884476124
	0.0001947552626680856
	0.0001948610369497673
	0.0001949981914885397
	0.0001951456985755808
	0.0001953134151118463
	0.0001955089125750546
	0.0001957411130913217
	0.0001960164685313159
	0.0001963299491114095
	0.0001966732001065688
	0.0001970123952420247
	0.0001973271837674325
	0.0001975812689580079
	0.0001977808157144541
	0.0001979306984411332
	0.0001981006639782861
	0.0001982899407768352
	0.0001984781991049759
	0.0001986206681429832
	0.0001987194284136713
	0.0001988201549228212
	0.0001989250841487202
	0.0001990243997580089
	0.00019915150792731
	0.0001993215506159987
	0.0001995786979695553
	0.0001999413664305303
	0.0002004713196521939
	0.0002011627043910623
	0.0002019338296743194
	0.0002027178144141613
	0.0002034671889470805
	0.000204161884957189
	0.0002047994320231257
	0.0002054134865700903
	0.0002060192276257902
	0.0002066244997975435
	0.0002072643775036742
	0.0002079907898644888
	0.0002088111844617712
	0.0002096856959365836
	0.0002105942133102437
	0.0002114846601325406
	0.0002123399763198644
	0.0002132039499881246
	0.0002139867950096318
	0.0002147190536204889
	0.0002154258462351674
	0.0002160895448095542
	0.0002166489346726876
	0.0002171956948809917
	0.0002176741915491873
	0.0002180956592192989
	0.0002184467575831307
	0.0002187225689022519
	0.0002189275185670893
	0.0002190292897331435
	0.0002190527624839759
	0.0002189968204985808
	0.0002189477877140785
	0.0002188962348608569
	0.0002189174895070958
	0.0002189911777827831
	0.0002191524477213166
	0.0002194083437743224
	0.000219742852557297
	0.0002201351833745608
	0.0002205558095573543
	0.0002210472685149976
	0.0002216005361486963
	0.0002221837224922258
	0.0002227968602305183
	0.0002234988441686135
	0.0002243148737310094
	0.0002251903309481991
	0.0002260965000150998
	0.0002270577449277162
	0.0002280064282563566
	0.0002288951061305871
	0.0002296577926774206
	0.0002303445006836124
	0.0002309668570757771
	0.0002315319547484296
	0.0002319688431192676
	0.0002322946766371513
	0.0002325245109195856
	0.0002326337513931675
	0.0002326977806325984
	0.0002327574572512429
	0.0002328258409145097
	0.0002328886784349218
	0.0002328531323786154
	0.0002326891073857477
	0.0002324369885152366
	0.0002320524361213502
	0.0002315504313211366
	0.0002309786985271344
	0.0002304188983766971
	0.0002298845989813181
	0.0002293858305873685
	0.0002288860340741722
	0.000228412497837272
	0.0002280195346391142
	0.0002276770046483659
	0.0002273680566093119
	0.0002271163280549679
	0.000226868579659643
	0.000226651879026441
	0.0002264070373456437
	0.0002261377117280925
	0.0002258672731628876
	0.0002255998151604663
	0.000225349153377943
	0.0002250676372692974
	0.0002246946768279966
	0.0002242196259179016
	0.0002237042514838772
	0.000223208932062273
	0.0002227407816544825
	0.0002222714675482449
	0.0002218249722958847
	0.0002215142682880496
	0.0002212932144729906
	0.0002211368737836446
	0.0002210705108482145
	0.0002211334020380657
	0.0002213147191384449
	0.0002216027712436789
	0.0002220143899964779
	0.0002225682786065277
	0.0002232703108877301
	0.0002241005151577812
	0.0002249697666702576
	0.00022584791847774
	0.0002267411682744609
	0.0002276383912990464
	0.0002284824770955197
	0.0002292731119795467
	0.0002300161919055407
	0.0002306805250232164
	0.0002312570057304077
	0.0002317385604429493
	0.0002321584923022589
	0.0002325865857156961
	0.0002330159199987171
	0.0002334200815859988
	0.0002337765173817879
	0.0002340103275661067
	0.0002340945870055636
	0.000234002595705951
	0.0002337579869729044
	0.0002333661144072828
	0.0002328446276994624
	0.0002323426185763281
	0.0002318707067892657
	0.000231407847284795
	0.0002308999003971653
	0.0002303692561597304
	0.0002298118101309775
	0.0002292080843641911
	0.0002285391205156228
	0.0002277923497847171
	0.0002269885913917042
	0.0002261600497501796
	0.0002253682685415726
	0.0002245558712921277
	0.0002237442839654548
	0.000222896641047789
	0.000222015968027098
	0.0002211239370832934
	0.0002202223727247951
	0.0002192850277824771
	0.0002183382842012722
	0.0002173945369194784
	0.0002164767651508201
	0.0002155479995357715
	0.0002145506559082458
	0.0002134961143655706
	0.0002123943034258382
	0.0002112356711042458
	0.0002100435738484229
	0.0002088327414294078
	0.0002075823604765931
	0.0002062973555990288
	0.00020498525286833
	0.0002036547348567555
	0.0002023316240572033
	0.0002010973821252034
	0.0001999480337310246
	0.000198846714680699
	0.0001978213418656692
	0.0001968934010859552
	0.0001961038476104629
	0.0001954088724785556
	0.0001947923497198204
	0.0001942605686047717
	0.0001938248718596197
	0.0001934582786580924
	0.0001930851480028837
	0.0001927086131587612
	0.0001923708335195045
	0.0001920831865920941
	0.0001918429776211594
	0.0001916985355011123
	0.0001916568651367078
	0.0001917367877168876
	0.0001918772324798213
	0.0001920396088034505
	0.000192251671495909
	0.0001924986218771722
	0.0001927888226948536
	0.0001931340398498445
	0.0001935117676217983
	0.0001938667623993669
	0.0001941469174173327
	0.0001943917641120066
	0.0001945996124573609
	0.0001947953997661411
	0.0001949664286699471
	0.000195054046035576
	0.0001950655410620478
	0.0001949975292939162
	0.0001948401017713535
	0.0001946773117794234
	0.0001945247922679258
	0.0001944096482378325
	0.0001943033338892623
	0.0001942136436681042
	0.0001941374747804429
	0.0001940420224810671
	0.0001939249807755636
	0.0001938233850419921
	0.0001937567571418828
	0.0001937100366914145
	0.0001936444394825194
	0.0001935765534348964
	0.0001934582853417751
	0.0001932988615268314
	0.0001931070291189824
	0.0001929187772539231
	0.0001927533156454023
	0.0001926146571427204
	0.0001925180947614914
	0.0001924380300051966
	0.0001923138185002057
	0.0001921798188802841
	0.0001920133647578544
	0.0001918146857762223
	0.0001915963126107933
	0.0001913364921601233
	0.0001910505578001233
	0.0001907498290294173
	0.0001904392275087342
	0.0001901289579272688
	0.0001898269930575966
	0.0001895068467801776
	0.0001892046849708238
	0.0001889330989391253
	0.0001887035749029262
	0.0001885265568898117
	0.0001883574294745299
	0.0001881912655052261
	0.0001880318592951389
	0.0001878981776950524
	0.0001877924887653162
	0.0001877030859888752
	0.0001876035063725746
	0.0001874901323349348
	0.0001873675410012745
	0.0001872275567033147
	0.0001870310708476567
	0.0001867740705586315
	0.0001864841656635797
	0.0001862140203085142
	0.0001860152973479282
	0.0001859044236960021
	0.000185866144755683
	0.0001858937637717183
	0.0001859937585491763
	0.0001861752161152298
	0.0001864245612113493
	0.0001866981383673764
	0.0001869783906177815
	0.0001872584427906812
	0.0001875475120299982
	0.0001878397133765633
	0.0001881176088177221
	0.0001883864782534637
	0.0001886330548815705
	0.0001888621686266307
	0.0001891001722208257
	0.0001893108249247054
	0.0001894984887263928
	0.0001896659040797565
	0.0001898019325100829
	0.0001899480089904819
	0.0001901349010656583
	0.0001903643973025801
	0.0001905883889269606
	0.0001907454507160344
	0.0001908045342336321
	0.0001907790778420081
	0.0001907098516209708
	0.0001906408890466921
	0.0001905654874161165
	0.0001904671003164117
	0.0001903340020213837
	0.0001902423373615949
	0.0001901856450230335
	0.0001901073386769981
	0.0001900122761420036
	0.0001899135515890817
	0.0001897995687228968
	0.0001896796334792768
	0.00018960119753648
	0.0001895365289617204
	0.000189475838583454
	0.0001894481171980679
	0.0001894836563070862
	0.0001895780222950807
	0.000189709370409516
	0.0001898514121859137
	0.0001899735788169329
	0.0001901137609489944
	0.0001902741911384944
	0.0001904409757425264
	0.0001906123369203399
	0.0001908138334856903
	0.0001910671105158001
	0.0001913560917012292
	0.0001916536793359234
	0.0001919673396312171
	0.0001922863016968873
	0.000192591694343467
	0.0001928928262120212
	0.0001932305294118675
	0.000193589611339995
	0.000193945448370313
	0.0001942953024245154
	0.0001946357160807241
	0.0001949280061432421
	0.0001951597467766342
	0.0001953334527646268
	0.0001954679801484903
	0.0001956095532339946
	0.0001957884431348877
	0.0001959878842797794
	0.0001961434765317648
	0.0001962448976254506
	0.000196320397358114
	0.0001963949594824976
	0.0001964921673886607
	0.0001965727844885962
	0.0001966269265395139
	0.0001966687724882629
	0.0001966214105694029
	0.000196535997785333
	0.0001964099102857889
	0.0001962653870028582
	0.0001961397286053618
	0.000196053467126409
	0.0001959455832352252
	0.0001958055268800696
	0.0001956499766486253
	0.000195469657085719
	0.0001952925703780526
	0.0001951643099220892
	0.0001950710903117713
	0.0001950141480512588
	0.0001949988851860838
	0.0001950138879675327
	0.0001950227061139881
	0.0001950106091065855
	0.000194981904004855
	0.0001949172745347497
	0.0001948281204992117
	0.0001947623108275582
	0.0001947446610737089
	0.000194787629718344
	0.0001948859098302805
	0.0001950123580395021
	0.000195156282174673
	0.0001953289279932737
	0.0001955570286134542
	0.0001958414227430756
	0.0001961763466700931
	0.0001965273569833847
	0.0001968221084034533
	0.0001970514017695575
	0.000197198311038592
	0.0001972811525268469
	0.0001973345729678535
	0.0001973606819003493
	0.0001974115165974144
	0.0001974764606835439
	0.0001975142790235081
	0.0001975449997912629
	0.0001975632028036519
	0.0001975420055854697
	0.0001974804462495962
	0.0001974223474118529
	0.000197369245993616
	0.0001973486273807986
	0.0001973423464027694
	0.000197345144388833
	0.000197324939211991
	0.0001972720298811325
	0.0001972234454235893
	0.0001971989692941519
	0.0001971691093742648
	0.0001971002444314544
	0.0001969948424647597
	0.00019690266052931
	0.000196794818709665
	0.0001966693483901056
	0.0001965430732595359
	0.000196434571154378
	0.0001963443924995586
	0.0001962957318252651
	0.0001962822552610578
	0.0001962994408294992
	0.000196328324358956
	0.0001963667610919163
	0.0001963950932315755
	0.000196380508910666
	0.0001962969667349698
	0.0001961555213767928
	0.0001959720467834271
	0.0001957761320578546
	0.000195527960101893
	0.0001952092045625226
	0.0001948498771410192
	0.0001945153434152108
	0.0001941834593672862
	0.0001937919573109687
	0.0001933867070312073
	0.0001930307334469773
	0.000192721518360505
	0.00019241571496127
	0.0001920995363153896
	0.0001917588722217317
	0.0001913860247282415
	0.0001909921006076566
	0.0001905970200428195
	0.0001902257355762829
	0.0001898532716390283
	0.0001894392533515927
	0.0001889980018287844
	0.0001885538631296386
	0.0001881206331666366
	0.0001877227039150312
	0.0001873309531750847
	0.0001869497906264416
	0.0001865967899871051
	0.0001862668406706754
	0.0001859940980419891
	0.0001857820146822963
	0.0001856249205772524
	0.0001854971239528864
	0.0001853734435771846
	0.00018527672115519
	0.0001852162429147312
	0.0001852117242988808
	0.0001852111308983134
	0.000185216391631896
	0.0001851797726165514
	0.0001851351682214488
	0.0001851441329038068
	0.0001851856125157425
	0.0001852255441475665
	0.0001852352936725934
	0.000185192756917771
	0.0001850853187907633
	0.0001849801859885716
	0.0001848985747796732
	0.0001848242853327048
	0.0001847948475674354
	0.0001847836504461169
	0.0001848175065930404
	0.0001848451761413362
	0.0001848719702110565
	0.0001848468835249622
	0.0001847734559142293
	0.0001847293837635302
	0.0001847387034374553
	0.0001848054724317105
	0.0001849396461321927
	0.0001850980701885541
	0.0001853020196798463
	0.0001855506343918967
	0.0001858501521405337
	0.0001861910650622863
	0.0001865589707262035
	0.0001869256446276445
	0.0001872929503884305
	0.0001876572503566434
	0.0001880165568542429
	0.0001883890577538384
	0.0001887597297995441
	0.0001891520943322995
	0.0001895678361903096
	0.000189993171470069
	0.0001904517445949904
	0.0001909517911814083
	0.0001914637646682286
	0.0001919804093623938
	0.0001924943834873221
	0.0001930109656661806
	0.0001935525275714433
	0.0001940760707690457
	0.0001945667383965485
	0.0001950218489257902
	0.0001954698447904783
	0.0001960087064070768
	0.0001966238749794679
	0.0001973153185957659
	0.0001980721142024306
	0.0001989022204733698
	0.0001997874882470515
	0.0002006937032298628
	0.0002015672387850824
	0.0002023715879032704
	0.0002030872058688196
	0.0002037541454183751
	0.0002043690571764236
	0.0002048776211419056
	0.0002052262675050232
	0.0002054233477073636
	0.0002055017255972482
	0.0002055238994527568
	0.0002055142868618961
	0.0002054590898896511
	0.0002053635124710022
	0.0002051864309573318
	0.0002049519490540346
	0.0002047429019264621
	0.0002045883035301516
	0.0002044865398422638
	0.0002044416746019958
	0.0002044278017241266
	0.000204381115150907
	0.0002042763525741595
	0.0002041014206045234
	0.0002038339379455604
	0.00020350277943756
	0.0002032064342915435
	0.0002029824160533393
	0.0002027673936000993
	0.0002025468489164916
	0.0002023380019620643
	0.0002021820076404042
	0.0002020909294831215
	0.0002020527189828103
	0.0002020194479668743
	0.0002020273432545476
	0.0002020556178438999
	0.0002020586121457489
	0.0002020547261235412
	0.0002020134551746659
	0.000201949413043688
	0.0002018647864601698
	0.0002017415896154887
	0.0002015708031384866
	0.0002013871601149992
	0.000201195480439027
	0.000200979006398381
	0.0002007812759499636
	0.0002005909854897283
	0.0002004386301969822
	0.0002003394364496103
	0.0002002851623090187
	0.0002002637867015687
	0.0002002853982680486
	0.0002003740811749248
	0.0002005146764828179
	0.0002007180973592516
	0.0002009943781143132
	0.0002013961650334396
	0.0002018530454304358
	0.0002022843948672351
	0.0002026495614027487
	0.0002029248935969385
	0.0002031241360262063
	0.0002033114720084935
	0.0002035896595583275
	0.0002038582971352121
	0.000204025231110818
	0.0002041076176369229
	0.0002041072155879436
	0.0002040243026588438
	0.0002039164497835662
	0.0002038085797298419
	0.0002037204545065443
	0.0002036681352139376
	0.0002036085786844271
	0.0002035772361640613
	0.000203573763834539
	0.0002036740550990195
	0.0002038132591825173
	0.0002040271511834505
	0.0002043375464929958
	0.0002047518616305448
	0.0002052173723073699
	0.000205721064316331
	0.0002062902085422797
	0.0002069630189406396
	0.0002076635385970285
	0.0002083429839379195
	0.0002089509690397037
	0.0002094958508397952
	0.0002100148613781067
	0.0002104171381300303
	0.0002106862731415111
	0.0002108994739452105
	0.0002110206301173832
	0.0002110011583061431
	0.0002108461315177582
	0.0002106311051655519
	0.0002103724177993384
	0.000210032511367818
	0.0002096118589122109
	0.0002091368364224181
	0.0002086594322430067
	0.0002082385735829339
	0.0002079044347615643
	0.0002075939297685458
	0.0002072567188765704
	0.0002068597826295068
	0.0002063423383939157
	0.0002057130888435081
	0.0002050059090747378
	0.000204240323259627
	0.0002034249415139727
	0.0002026050147921523
	0.000201799888397872
	0.0002010315238776775
	0.0002002247686522175
	0.0001993454698576968
	0.0001984011404798821
	0.0001974174142721652
	0.0001963957876156904
	0.0001953132506056034
	0.0001941847279812834
	0.0001930399238566521
	0.0001919126538079246
	0.0001908087383740635
	0.000189735219407203
	0.0001887091139682694
	0.0001877217201382467
	0.0001867649159640612
	0.0001858419554288207
	0.0001849709561792318
	0.000184164323368461
	0.0001834144860355713
	0.0001827298686818346
	0.0001820721853680351
	0.0001814367655184523
	0.0001808342520069666
	0.0001802935027650815
	0.0001798443705103262
	0.000179487625789024
	0.000179194492122358
	0.0001789805712048977
	0.0001788673697952734
	0.0001788296309493053
	0.0001788340124757261
	0.0001788905613745903
	0.0001789585208598955
	0.0001790019737546531
	0.0001790080847423846
	0.0001789681272899682
	0.0001788816013698463
	0.0001787835597789307
	0.0001786556230843362
	0.0001785353058762572
	0.0001784183103275003
	0.0001783196529484821
	0.0001782575822885402
	0.0001782215227850323
	0.0001781511299361031
	0.0001780569568198649
	0.0001779743421535383
	0.0001779395900399728
	0.0001779545460582567
	0.0001779920139799613
	0.0001780535361449656
	0.0001781322799479481
	0.000178205634406961
	0.0001782726654365298
	0.0001782627787604962
	0.000178189447136383
	0.0001780584923653649
	0.0001778868308341266
	0.0001776756624235311
	0.0001774612042463975
	0.0001772649677517332
	0.0001770050558163777
	0.00017662428418093
	0.0001761624385856781
	0.0001757227013569903
	0.0001753696088720452
	0.0001750830543598476
	0.0001748147751187747
	0.0001745868378706626
	0.0001743976874746036
	0.0001742493693066453
	0.0001741501807505553
	0.000174068671795786
	0.0001740060639299199
	0.0001739514385498068
	0.0001738987439368508
	0.0001738482079707324
	0.0001737961051736615
	0.0001737564399013512
	0.0001737114609439549
	0.0001736643946559577
	0.00017361193329434
	0.0001735581316894452
	0.0001735145760022643
	0.0001734625332223113
	0.0001734114204926248
	0.0001733722230899547
	0.0001733512916130127
	0.0001733249405974749
	0.0001733042925368719
	0.0001733313529108215
	0.0001734046733912028
	0.0001735206244692669
	0.000173620989307111
	0.0001737030576583465
	0.0001738235243093578
	0.0001739827732054207
	0.0001741339954225838
	0.0001742547852099327
	0.0001743556180390532
	0.0001744273514870939
	0.0001744970561504675
	0.0001745796280809675
	0.0001746859581765078
	0.0001748078145769339
	0.0001749171991015829
	0.0001750131171773861
	0.0001750916143415865
	0.0001751120285304696
	0.0001751276292161117
	0.0001751885917819623
	0.000175333916175722
	0.0001755065197089603
	0.0001756834064114484
	0.0001758551001999553
	0.0001760268097070479
	0.0001761843899064103
	0.0001763571234597631
	0.0001765588402410528
	0.0001767970298600177
	0.0001770907256203392
	0.0001774468198042565
	0.0001778130169691216
	0.0001781960108329697
	0.0001786045236453563
	0.0001790595430584887
	0.0001795521126261016
	0.0001800533490044775
	0.0001805439519845868
	0.0001810189017430692
	0.0001814850790569269
	0.0001819580887162762
	0.0001824488777405961
	0.0001829465026461642
	0.0001834231540672739
	0.0001838381766605215
	0.0001841576483703581
	0.0001844045412521981
	0.0001846000530076272
	0.000184760323373523
	0.0001849440287146782
	0.0001851500234338006
	0.0001853607716560646
	0.0001855933959298921
	0.0001858675751885223
	0.0001861936791649321
	0.0001865443253521875
	0.0001869061375776137
	0.0001871850653617885
	0.0001873976313143307
	0.0001876077202958324
	0.0001878250648292447
	0.0001879422122047321
	0.0001879387407472227
	0.0001878499336414785
	0.0001877766585008408
	0.0001877150540532663
	0.0001876281711797634
	0.0001875017538065278
	0.0001873282161442587
	0.0001871127497017611
	0.0001868684374459272
	0.0001865627782254194
	0.0001861578741418277
	0.0001856833251503878
	0.0001851907953973372
	0.0001847199760122633
	0.0001843357559243948
	0.000184047555036295
	0.0001838205216987694
	0.0001836097013217064
	0.0001834063257949893
	0.0001831727243381115
	0.0001828762278498005
	0.0001825528950915325
	0.0001822387573553566
	0.000181973382241272
	0.0001817961910305363
	0.0001816357139312819
	0.000181503948052534
	0.0001813593518856424
	0.0001811746722391518
	0.0001809725698461898
	0.000180800974505222
	0.0001806259835194745
	0.0001804284761476372
	0.0001802397611521199
	0.0001800937353900038
	0.000180010304822446
	0.000179982369334393
	0.000180019706209
	0.0001800668379235626
	0.0001800567585079107
	0.0001799647994512269
	0.0001797724594993263
	0.0001794567358855298
	0.0001790590674478756
	0.0001786801261504481
	0.0001783512396156072
	0.0001780591538316107
	0.000177802834232735
	0.0001776011832016768
	0.0001774436911062402
	0.0001773316159923259
	0.0001772617727921356
	0.0001772260174077662
	0.0001772532900503026
	0.000177355209970378
	0.000177560579373381
	0.0001778557156606093
	0.0001781832177993132
	0.000178527863525694
	0.0001788793309856715
	0.0001792036123035019
	0.0001794884382944322
	0.0001797322234949728
	0.0001799239470648773
	0.000180074282616103
	0.0001801951046023916
	0.0001802454830028703
	0.0001802665705709448
	0.0001802941910133316
	0.0001803312239039661
	0.0001804237436738772
	0.0001806087237705579
	0.0001808821043377121
	0.0001812211691956943
	0.0001816294128890543
	0.0001820797107470744
	0.0001825339236688199
	0.0001829700212803354
	0.0001833329599347736
	0.0001835980473215546
	0.0001837952539044742
	0.0001839753469154919
	0.0001841345587204567
	0.0001842693798805577
	0.0001844238701264229
	0.0001846034051114527
	0.0001847782479679521
	0.0001849031375035497
	0.0001849948096659895
	0.0001850804383799184
	0.0001851800315093855
	0.0001852787885969146
	0.0001853610977240252
	0.0001854889703788957
	0.0001856752229781899
	0.0001859471712207916
	0.0001862541469537047
	0.0001865125323911119
	0.0001867276767067701
	0.0001869127621760819
	0.0001870968638867174
	0.0001872611053761851
	0.0001873997402881693
	0.000187473029132669
	0.0001875335523842855
	0.0001875847475296149
	0.0001876553351880701
	0.000187755885664836
	0.0001879324541785368
	0.0001881764054721036
	0.0001884446360804027
	0.0001886908366908003
	0.0001888856738816003
	0.0001890242869583987
	0.0001891212091615675
	0.0001892009438600881
	0.0001892791697710254
	0.000189369117921577
	0.0001894783510151498
	0.0001896005706793657
	0.0001897145222725374
	0.0001897938302775721
	0.0001898421208432134
	0.0001898716155470399
	0.0001899153988069105
	0.0001899386280705069
	0.0001898707034527043
	0.0001896821744143174
	0.0001894064546713252
	0.0001891000965057944
	0.0001887809992489083
	0.0001884545340715569
	0.0001881051529408179
	0.0001877542678376704
	0.0001874131045732441
	0.0001871445981814253
	0.0001869448337748229
	0.0001867975576752046
	0.000186711927380345
	0.0001867133657715042
	0.0001867831044484648
	0.0001868864664663071
	0.0001869833605253971
	0.0001870506412199419
	0.0001870469884484364
	0.0001869643315889858
	0.0001867987781267943
	0.0001865834111729749
	0.0001863395340382999
	0.0001860852760195077
	0.0001858163189210651
	0.000185540980946686
	0.0001852559806930922
	0.0001850725663996435
	0.0001849477596354019
	0.0001848398713261256
	0.0001847455189333987
	0.0001846876467573927
	0.0001846755544231057
	0.0001846920171558362
	0.0001847193478790045
	0.0001847648783561412
	0.0001848294642952081
	0.0001848866276083863
	0.0001849554913655792
	0.0001850484857011705
	0.0001851596497272569
	0.0001852949938212011
	0.0001854518557854384
	0.0001856295534402274
	0.0001858062345885509
	0.0001859714252736196
	0.0001861418069295767
	0.0001862823632826063
	0.0001863388521056459
	0.0001863248676337514
	0.0001862332410212121
	0.0001861109909747909
	0.0001859596110004849
	0.000185737167590558
	0.0001854561147977776
	0.0001851525460344744
	0.0001848387197062593
	0.0001844940495981868
	0.0001841460948731016
	0.0001838422631103482
	0.0001835463593505752
	0.0001832084616346581
	0.0001828656814175527
	0.0001825255547367019
	0.0001822006591663626
	0.0001818859921744093
	0.0001815695438117833
	0.000181277822057362
	0.0001810437549224871
	0.0001808750080797465
	0.0001807791744836357
	0.0001807112052066931
	0.0001806926446417149
	0.0001806993768797176
	0.0001807086016005286
	0.0001807140687166894
	0.0001807423631227107
	0.0001807754465447691
	0.000180812690685503
	0.0001809072273011605
	0.0001810168960529813
	0.0001810952621243841
	0.0001811342159465868
	0.0001811184963681502
	0.0001810545265426812
	0.0001809941245761521
	0.0001809405466992544
	0.000180902459244443
	0.0001808615939359689
	0.000180821353978237
	0.0001807471192578636
	0.00018065315040945
	0.0001806254889305711
	0.0001807490100645256
	0.0001810059481220306
	0.0001813579418308545
	0.0001817734941923515
	0.0001822413711001909
	0.0001827088575850684
	0.0001831661173964082
	0.0001836303979319687
	0.0001841332481437594
	0.0001846642051074363
	0.0001852144141800736
	0.0001857586712158713
	0.0001862887103153647
	0.0001868176243310725
	0.0001873398352584
	0.0001878232292680742
	0.0001882479037878822
	0.000188613879855449
	0.0001889024051776615
	0.0001891327143477429
	0.0001893284423671482
	0.0001895247793238773
	0.000189707393564941
	0.0001898876084736314
	0.0001900714883746987
	0.0001902646453540307
	0.0001904612023417976
	0.0001906924184615955
	0.0001909790951625288
	0.0001913191601518729
	0.0001916693975249647
	0.0001920352573654027
	0.0001924180847981418
	0.0001928081366884552
	0.0001932263923250337
	0.0001936422174741699
	0.0001939808539401817
	0.0001942532295946302
	0.0001945299707996571
	0.0001948459157163648
	0.0001951929306739776
	0.0001955159990874798
	0.0001958314485877458
	0.0001961116039437093
	0.0001963626077472449
	0.0001965494425074686
	0.0001966930310209041
	0.0001968442643971401
	0.0001970392291606384
	0.0001972907680291425
	0.0001975853741474618
	0.0001979136097343542
	0.0001982580977556809
	0.0001985868091314905
	0.0001989573638743674
	0.0001993737276187046
	0.0001998637479427896
	0.0002004189502685447
	0.0002010146534568498
	0.00020158561667904
	0.0002021447498792962
	0.0002026423484602898
	0.0002030817451221951
	0.0002034769684299897
	0.0002038515387540775
	0.0002041682516833375
	0.0002044021934874496
	0.0002045458105393908
	0.0002045780442700053
	0.0002045143514265679
	0.000204429063779964
	0.0002043397396257294
	0.0002042553637390513
	0.0002041643148063193
	0.0002040591174482371
	0.0002039898005454481
	0.0002040204433938075
	0.0002041500686553146
	0.0002043456277625288
	0.0002045912409599196
	0.0002049012479085155
	0.000205254909939483
