	0.0004124228486207118
	0.0002399911438930043
	0.0001445292214929296
	9.112812232991551e-05
	6.331141618274875e-05
	5.918507071005472e-05
	5.458819980928856e-05
	5.1190422603256e-05
	5.371693765833434e-05
	5.548876320497043e-05
	5.232165358402266e-05
	4.79077865190311e-05
	4.319379287965416e-05
	3.878324721131029e-05
	3.511772152205346e-05
	3.223374627740763e-05
	3.00180218441975e-05
	2.816790645501836e-05
	2.681748229030508e-05
	2.541021324579817e-05
	2.441905533752096e-05
	2.3688289780873e-05
	2.305632156303711e-05
	2.249824292268953e-05
	2.206483080328679e-05
	2.173753954022391e-05
	2.145162418221906e-05
	2.119932415676417e-05
	2.092165677502924e-05
	2.064033669701211e-05
	2.037208878359928e-05
	2.015966551357377e-05
	2.004190604767172e-05
	1.998078257209892e-05
	1.991718903706641e-05
	1.983904818652362e-05
	1.976442037682533e-05
	1.971324675129554e-05
	1.964553035690234e-05
	1.957016185608475e-05
	1.952994816942015e-05
	1.952275668807889e-05
	1.954176476511361e-05
	1.9614000358687e-05
	1.975564832203106e-05
	1.994658093922757e-05
	2.016321949950865e-05
	2.038276262657524e-05
	2.061116490862736e-05
	2.085267405654798e-05
	2.109377052600368e-05
	2.133071987578207e-05
	2.156599456210168e-05
	2.177821710929838e-05
	2.198191682670675e-05
	2.223963308065622e-05
	2.254418209928399e-05
	2.281272274035648e-05
	2.310434484034776e-05
	2.348223590596344e-05
	2.392769116940348e-05
	2.43777755811672e-05
	2.479571542449084e-05
	2.518606458501761e-05
	2.550375994320962e-05
	2.578200526938323e-05
	2.609034168652608e-05
	2.643985012925922e-05
	2.681435699180611e-05
	2.71797832131454e-05
	2.749926184340299e-05
	2.776925601984071e-05
	2.801042206792679e-05
	2.821020743450271e-05
	2.83915992753762e-05
	2.858396537171703e-05
	2.879484365751969e-05
	2.901342870993037e-05
	2.921677222582376e-05
	2.943186763975308e-05
	2.965109209307835e-05
	2.987867760617643e-05
	3.015617481295929e-05
	3.05042239560713e-05
	3.088451544825904e-05
	3.12953314429497e-05
	3.171098386847948e-05
	3.210521701113238e-05
	3.246093929005272e-05
	3.27792588653398e-05
	3.307280429272121e-05
	3.334141297666506e-05
	3.355290237276645e-05
	3.362748493635469e-05
	3.354796131296313e-05
	3.33765893938533e-05
	3.31944960663134e-05
	3.305820805904139e-05
	3.300292504724162e-05
	3.297279874625525e-05
	3.296934283767296e-05
	3.299377717824558e-05
	3.302549269962587e-05
	3.302744638973282e-05
	3.299967184710839e-05
	3.300281482620637e-05
	3.304145792591784e-05
	3.309199990760746e-05
	3.311981880497408e-05
	3.319441816786885e-05
	3.33184060057034e-05
	3.344292693169456e-05
	3.355266745894066e-05
	3.365226119340014e-05
	3.373279965616874e-05
	3.380736058310714e-05
	3.384605121442742e-05
	3.386213226395805e-05
	3.386807808474149e-05
	3.382694290803349e-05
	3.371103129800069e-05
	3.354304672353817e-05
	3.333186994682956e-05
	3.308167171845935e-05
	3.282328408594786e-05
	3.260532677811569e-05
	3.245939522790011e-05
	3.237858645565142e-05
	3.231913493643316e-05
	3.22501993972256e-05
	3.21798609353658e-05
	3.21277749046672e-05
	3.210115911793738e-05
	3.211638359689879e-05
	3.217581123376297e-05
	3.224044126434694e-05
	3.231719897638222e-05
	3.239041695564795e-05
	3.247292295857455e-05
	3.254615263899478e-05
	3.260350403702969e-05
	3.260382889571005e-05
	3.251578621819757e-05
	3.232995854644536e-05
	3.208231282031819e-05
	3.178346121112056e-05
	3.14907995573592e-05
	3.122464256822834e-05
	3.101694057064815e-05
	3.088539876009473e-05
	3.08071687301188e-05
	3.07458808220668e-05
	3.066708617782581e-05
	3.058098243347222e-05
	3.048254356643461e-05
	3.037724429170637e-05
	3.028313138064154e-05
	3.018616231466036e-05
	3.008771417276595e-05
	2.996917984715271e-05
	2.982159219905108e-05
	2.968381865234176e-05
	2.95538698899369e-05
	2.942341584920541e-05
	2.932943848265386e-05
	2.928142084676563e-05
	2.925178852556559e-05
	2.921918561038764e-05
	2.918243914585088e-05
	2.909486499393584e-05
	2.896252897271358e-05
	2.881559097047474e-05
	2.867848444441233e-05
	2.857033035905166e-05
	2.850323026053068e-05
	2.848498510008792e-05
	2.850814049174855e-05
	2.851288843774696e-05
	2.848978150503423e-05
	2.845104310238994e-05
	2.83990806000972e-05
	2.835439653040661e-05
	2.833783977793306e-05
	2.834645619146835e-05
	2.835762540575797e-05
	2.834208618819572e-05
	2.829304934922067e-05
	2.820882610632045e-05
	2.808882738965e-05
	2.796230524536202e-05
	2.785935738919871e-05
	2.777776881181662e-05
	2.769080363053316e-05
	2.759568031975075e-05
	2.749061173432378e-05
	2.737939376241119e-05
	2.725133648690071e-05
	2.71216976106391e-05
	2.700474834794472e-05
	2.691910392412861e-05
	2.687151512504814e-05
	2.684691848315892e-05
	2.681570787649043e-05
	2.676586279088885e-05
	2.670531463728713e-05
	2.663939318852319e-05
	2.656113929197295e-05
	2.647479566949591e-05
	2.641019476987015e-05
	2.637951525333273e-05
	2.639116517656769e-05
	2.643745612980003e-05
	2.64788162608691e-05
	2.649823842026762e-05
	2.64956704175235e-05
	2.648171868476687e-05
	2.647854708530395e-05
	2.647502289481576e-05
	2.644498354381307e-05
	2.639229577443274e-05
	2.630076398979439e-05
	2.619121182051235e-05
	2.609502471039446e-05
	2.602705903073303e-05
	2.601118538946201e-05
	2.604193954791279e-05
	2.607115732228642e-05
	2.608789998663885e-05
	2.610360840180468e-05
	2.611865231132814e-05
	2.615993724359797e-05
	2.619920001305025e-05
	2.622586714522055e-05
	2.623006589226723e-05
	2.622991731289582e-05
	2.62635807490922e-05
	2.634081593518113e-05
	2.647043854308386e-05
	2.663292052375513e-05
	2.682401015277659e-05
	2.700696341844403e-05
	2.714767427721987e-05
	2.722462132937754e-05
	2.721906568466959e-05
	2.714166997403238e-05
	2.698278070138752e-05
	2.675959191345224e-05
	2.652599115655827e-05
	2.629756558842229e-05
	2.608547819983218e-05
	2.585956168420884e-05
	2.562271197048954e-05
	2.538043780240909e-05
	2.513406494647337e-05
	2.49062350916694e-05
	2.47129564148611e-05
	2.453800405983043e-05
	2.438880923253412e-05
	2.426687358982841e-05
	2.418445972832531e-05
	2.414229045241887e-05
	2.410560879044038e-05
	2.406804968765387e-05
	2.404589989602765e-05
	2.40177739325033e-05
	2.398433890393715e-05
	2.396518122000971e-05
	2.395393150286245e-05
	2.3957791396428e-05
	2.396564733083059e-05
	2.397371073372358e-05
	2.396565073157663e-05
	2.394003787847768e-05
	2.388561754592001e-05
	2.380670581137897e-05
	2.370231771694824e-05
	2.359424268539992e-05
	2.350707209966043e-05
	2.342083947028563e-05
	2.332930776912506e-05
	2.321973090208317e-05
	2.311389025107505e-05
	2.301052687254416e-05
	2.289150632197515e-05
	2.27730769726547e-05
	2.266876581660667e-05
	2.256607353119105e-05
	2.245251231597029e-05
	2.232037860852703e-05
	2.218442929955372e-05
	2.208347872643299e-05
	2.199427853427929e-05
	2.190508617758407e-05
	2.183066105337919e-05
	2.178523050694113e-05
	2.177993217973107e-05
	2.181222643080102e-05
	2.188011777000837e-05
	2.196429409129179e-05
	2.204972687377943e-05
	2.214405207295694e-05
	2.223430424407143e-05
	2.231003970731581e-05
	2.235600031081851e-05
	2.236992275412604e-05
	2.235330602133115e-05
	2.232015920076043e-05
	2.230936100476578e-05
	2.23339363694167e-05
	2.238437375483543e-05
	2.246085231780821e-05
	2.255462612533554e-05
	2.264683050543045e-05
	2.27179494479035e-05
	2.275573052780367e-05
	2.275911578323609e-05
	2.273371535451189e-05
	2.268668741221148e-05
	2.263364802904865e-05
	2.259381437511451e-05
	2.258140580303888e-05
	2.261452174125845e-05
	2.268718675493574e-05
	2.277596359098381e-05
	2.284712904355775e-05
	2.28722208967151e-05
	2.284711788687394e-05
	2.278171648099578e-05
	2.269200652827556e-05
	2.261593611644343e-05
	2.255715645444605e-05
	2.250965994808906e-05
	2.247294045562786e-05
	2.242562546265001e-05
	2.235887487832574e-05
	2.229110674053569e-05
	2.223016597676392e-05
	2.218869025671694e-05
	2.218208140847184e-05
	2.219712536153082e-05
	2.224890061320073e-05
	2.233057547422002e-05
	2.244624805927803e-05
	2.257844765774602e-05
	2.27119628674819e-05
	2.28434618074172e-05
	2.298287857881589e-05
	2.313458457295052e-05
	2.32855434190622e-05
	2.342110094129423e-05
	2.355385629073986e-05
	2.370459239225123e-05
	2.386561516021188e-05
	2.401566320838854e-05
	2.412784152708161e-05
	2.419331414883521e-05
	2.422248852749374e-05
	2.42185513843239e-05
	2.418592977055983e-05
	2.413509543153951e-05
	2.408447584205022e-05
	2.404810136987155e-05
	2.402985480780261e-05
	2.40520961543052e-05
	2.412173846417492e-05
	2.423071389729881e-05
	2.436507958527001e-05
	2.452046224527328e-05
	2.468489879269029e-05
	2.485017858940116e-05
	2.500284137953181e-05
	2.513485761612946e-05
	2.524481142964919e-05
	2.532200439238846e-05
	2.535394552650578e-05
	2.535896533101112e-05
	2.534814706398408e-05
	2.532171832227158e-05
	2.528197727685627e-05
	2.523787085640556e-05
	2.520038772875466e-05
	2.516270571381396e-05
	2.512005701053267e-05
	2.507499884938926e-05
	2.505221821180579e-05
	2.504832885888755e-05
	2.506101692679404e-05
	2.507804061132342e-05
	2.507743547138517e-05
	2.507176443099848e-05
	2.507365907957262e-05
	2.510199415336821e-05
	2.51093224533346e-05
	2.508089797197878e-05
	2.500907313841068e-05
	2.492863020357988e-05
	2.486780480058188e-05
	2.483274220420545e-05
	2.48270387646768e-05
	2.482637714798249e-05
	2.481983779741417e-05
	2.480587769052203e-05
	2.479497931374203e-05
	2.47964638945106e-05
	2.479098163150314e-05
	2.475615954535835e-05
	2.470219888008933e-05
	2.464905758359318e-05
	2.459546260069504e-05
	2.457092262461169e-05
	2.460734615305656e-05
	2.470489976516965e-05
	2.483390302313503e-05
	2.496188769037333e-05
	2.507090542348985e-05
	2.514178329044608e-05
	2.524580914564132e-05
	2.537789175229188e-05
	2.552611260630996e-05
	2.568415303100801e-05
	2.586049484716852e-05
	2.604603065634781e-05
	2.623994017858251e-05
	2.646156815823442e-05
	2.667198318182402e-05
	2.682994153347166e-05
	2.693215838248468e-05
	2.701305690413164e-05
	2.709084444179578e-05
	2.719885786187334e-05
	2.733904862019065e-05
	2.751297895165539e-05
	2.769219354729149e-05
	2.786844122736848e-05
	2.804964242092567e-05
	2.825603816597648e-05
	2.84738256212159e-05
	2.867870512569477e-05
	2.886373319233592e-05
	2.900074792988137e-05
	2.909462772606466e-05
	2.914005247813743e-05
	2.912970539986856e-05
	2.908157174089253e-05
	2.898914568385702e-05
	2.885580219504654e-05
	2.869820861878343e-05
	2.850291865400738e-05
	2.8277722867428e-05
	2.803463531225326e-05
	2.778599551829509e-05
	2.75322221179424e-05
	2.727437562409642e-05
	2.702234689813182e-05
	2.677106879005989e-05
	2.650452816656222e-05
	2.622896203837233e-05
	2.597302652801244e-05
	2.575986216967743e-05
	2.558290790456834e-05
	2.54392796283495e-05
	2.532599906795811e-05
	2.522204035010858e-05
	2.513287445787434e-05
	2.505611896221027e-05
	2.499609323427041e-05
	2.495233532195423e-05
	2.490734569207872e-05
	2.48644566886051e-05
	2.481026636909269e-05
	2.473364227851612e-05
	2.462674413713525e-05
	2.449177786353693e-05
	2.433334419152572e-05
	2.415349868309002e-05
	2.396491589045343e-05
	2.37745981203445e-05
	2.358302158305298e-05
	2.340516979988287e-05
	2.323838135102691e-05
	2.308540367819956e-05
	2.29352172070158e-05
	2.277731612920513e-05
	2.259319206165459e-05
	2.241839699494641e-05
	2.221945024286096e-05
	2.200394210674701e-05
	2.179019711613278e-05
	2.159776635955501e-05
	2.140915097336238e-05
	2.121079205954691e-05
	2.104767193864032e-05
	2.091526377400577e-05
	2.083158769631639e-05
	2.07594258630961e-05
	2.070910605465354e-05
	2.069146588563021e-05
	2.066796287055591e-05
	2.063648740071637e-05
	2.060239193701784e-05
	2.055683951096271e-05
	2.048434247229168e-05
	2.039381227427531e-05
	2.028499683951512e-05
	2.016454752899403e-05
	2.004258693926593e-05
	1.992690222228068e-05
	1.981449782589805e-05
	1.971637930475004e-05
	1.963493354681414e-05
	1.956788625537557e-05
	1.951609770663785e-05
	1.948298895407782e-05
	1.946839517888578e-05
	1.945741607317359e-05
	1.944318267208243e-05
	1.94143259186647e-05
	1.937076616237408e-05
	1.93218027886858e-05
	1.927218651362779e-05
	1.922740618260866e-05
	1.919307608839883e-05
	1.91593459176213e-05
	1.912449768118823e-05
	1.909713160120078e-05
	1.90761613209723e-05
	1.906327058911621e-05
	1.904722087106171e-05
	1.902032259928596e-05
	1.898018777743908e-05
	1.892853869790252e-05
	1.887536480182136e-05
	1.881462681499971e-05
	1.873435947405205e-05
	1.864504899468817e-05
	1.854802631427745e-05
	1.844352064778152e-05
	1.833962942660159e-05
	1.823052824805078e-05
	1.812888136503099e-05
	1.804482586254173e-05
	1.798083120127292e-05
	1.794212870014461e-05
	1.793641810182301e-05
	1.796015462042776e-05
	1.801072911686356e-05
	1.808924054039233e-05
	1.818861553613533e-05
	1.829674792302564e-05
	1.840165232435632e-05
	1.849612744442615e-05
	1.858108037456667e-05
	1.865860047336458e-05
	1.872065229260992e-05
	1.876796498137613e-05
	1.879444223207606e-05
	1.880568872758593e-05
	1.880356658181828e-05
	1.879444954262715e-05
	1.878674642841614e-05
	1.877903175697498e-05
	1.877366944593241e-05
	1.876188796629001e-05
	1.873607634905092e-05
	1.868441018107634e-05
	1.861502790749221e-05
	1.852544272981117e-05
	1.842354295606309e-05
	1.831430973833876e-05
	1.818953547957473e-05
	1.806075153961546e-05
	1.793152307847775e-05
	1.780874030813046e-05
	1.769221558212991e-05
	1.758692468369054e-05
	1.749455874346707e-05
	1.741852062137817e-05
	1.735458682344338e-05
	1.73077711186877e-05
	1.727487298595959e-05
	1.725305703588133e-05
	1.724769191936735e-05
	1.72551005564925e-05
	1.728191005624866e-05
	1.732378940954676e-05
	1.738199534029655e-05
	1.744767874598703e-05
	1.751408825868872e-05
	1.758784879032868e-05
	1.767326193309586e-05
	1.775994128609472e-05
	1.78379727891102e-05
	1.790098349176444e-05
	1.794177360912027e-05
	1.796179866176025e-05
	1.797321133626364e-05
	1.798424600126626e-05
	1.800361308275449e-05
	1.802570316476922e-05
	1.803622193575852e-05
	1.803409689368633e-05
	1.80183678603942e-05
	1.799141301834148e-05
	1.795700137761003e-05
	1.792379805150919e-05
	1.790635668140499e-05
	1.790500338763503e-05
	1.790424028736174e-05
	1.789489725351884e-05
	1.786384381160361e-05
	1.780294908181184e-05
	1.771783847430145e-05
	1.762599732822581e-05
	1.754494015202412e-05
	1.747536426337732e-05
	1.740681240686108e-05
	1.733800727757006e-05
	1.72661546094726e-05
	1.719160528526362e-05
	1.712026666231287e-05
	1.706957940373865e-05
	1.704243921753427e-05
	1.70363878855084e-05
	1.703711163266094e-05
	1.703186111653381e-05
	1.701612069432765e-05
	1.699219680804941e-05
	1.695438033041752e-05
	1.691358055382455e-05
	1.687611183159338e-05
	1.684079733418707e-05
	1.681399497767532e-05
	1.680235446528199e-05
	1.680423788977826e-05
	1.68195431419968e-05
	1.684767934131342e-05
	1.688769641060397e-05
	1.693353983893704e-05
	1.697433641295372e-05
	1.699627073223138e-05
	1.699305954481114e-05
	1.696205354411118e-05
	1.691227760391368e-05
	1.68516724479744e-05
	1.679494898057439e-05
	1.67461845816169e-05
	1.670870499870808e-05
	1.668020998718111e-05
	1.666262526283542e-05
	1.665952042385399e-05
	1.667849842553972e-05
	1.671801265594687e-05
	1.676894245806226e-05
	1.681776570136427e-05
	1.685084036953326e-05
	1.686808523840141e-05
	1.688610523849129e-05
	1.692679254717397e-05
	1.700335538661871e-05
	1.710904365974496e-05
	1.722443093538442e-05
	1.73193563499769e-05
	1.739040180701854e-05
	1.744623840595927e-05
	1.749884271281772e-05
	1.755756822781747e-05
	1.76309139729596e-05
	1.773558184196866e-05
	1.787114486409138e-05
	1.802399726484272e-05
	1.81764243827821e-05
	1.831796095932633e-05
	1.844297136275145e-05
	1.855410410806369e-05
	1.866426480353577e-05
	1.878001017751154e-05
	1.890591186222245e-05
	1.903680712892431e-05
	1.91661148812737e-05
	1.928552525427678e-05
	1.939306028016295e-05
	1.948724316802861e-05
	1.957162000897122e-05
	1.964435572903039e-05
	1.970648794884731e-05
	1.973978266117579e-05
	1.974485993576369e-05
	1.97292242853643e-05
	1.96965490087211e-05
	1.965286573075777e-05
	1.95974672926243e-05
	1.952430499845018e-05
	1.94298174354989e-05
	1.93132361979358e-05
	1.917775046361356e-05
	1.903128052145576e-05
	1.888293419879442e-05
	1.873785533656644e-05
	1.858673249406132e-05
	1.843087184082261e-05
	1.826843508126475e-05
	1.809505404578425e-05
	1.79150058440814e-05
	1.773948207821182e-05
	1.758013998462204e-05
	1.74276780133966e-05
	1.729677422375204e-05
	1.71851124932181e-05
	1.708426588225863e-05
	1.698761016683423e-05
	1.690604890260913e-05
	1.683435451036623e-05
	1.677260742361908e-05
	1.671734234821665e-05
	1.666619374273799e-05
	1.661813319470487e-05
	1.656803545538555e-05
	1.650312418021036e-05
	1.642349040678474e-05
	1.633005721362015e-05
	1.622460404373475e-05
	1.61192997614605e-05
	1.602595022119039e-05
	1.594035577237547e-05
	1.585725782269934e-05
	1.576768185757637e-05
	1.567590220766858e-05
	1.560528623469523e-05
	1.556194037671576e-05
	1.556142524735498e-05
	1.558931383428619e-05
	1.563088158353892e-05
	1.567194106602547e-05
	1.570413481348923e-05
	1.57257975969754e-05
	1.574344597389871e-05
	1.575624280906975e-05
	1.576857234471454e-05
	1.578017258853568e-05
	1.578305801019097e-05
	1.577649732919055e-05
	1.5762092580997e-05
	1.573692518465088e-05
	1.571266142266355e-05
	1.569667471656638e-05
	1.569591787171255e-05
	1.570700714284282e-05
	1.572509691419963e-05
	1.575403721571061e-05
	1.579414824673674e-05
	1.58365615995848e-05
	1.587735558212365e-05
	1.59178958942689e-05
	1.595365061414943e-05
	1.598279197338612e-05
	1.600846689904088e-05
	1.603219348610281e-05
	1.605268609276533e-05
	1.607537027103529e-05
	1.61021005495212e-05
	1.613488236575536e-05
	1.617243850742336e-05
	1.621865880979527e-05
	1.628019616018197e-05
	1.634980058986637e-05
	1.640623697344224e-05
	1.644169873172074e-05
	1.645223176731177e-05
	1.645034459640602e-05
	1.644507731165002e-05
	1.644901783762191e-05
	1.64596874842819e-05
	1.647260018779388e-05
	1.648905978762894e-05
	1.650349574652839e-05
	1.651001403308919e-05
	1.650745618861634e-05
	1.649736527819583e-05
	1.648290334253413e-05
	1.646036938759845e-05
	1.642283412159276e-05
	1.636981586293955e-05
	1.630405441552058e-05
	1.622764477735284e-05
	1.614061548961188e-05
	1.604511011650101e-05
	1.594348163745361e-05
	1.583348805479394e-05
	1.571175233459727e-05
	1.558542027428044e-05
	1.546040043663308e-05
	1.53407215550367e-05
	1.522580848361515e-05
	1.511667782840866e-05
	1.502339065254605e-05
	1.493873432721432e-05
	1.486629340237545e-05
	1.481419442583703e-05
	1.476902112286346e-05
	1.472867931382943e-05
	1.470524137557694e-05
	1.468533931813457e-05
	1.466777149643125e-05
	1.465556601044865e-05
	1.465629770911472e-05
	1.466412600255654e-05
	1.467838514608402e-05
	1.470059033308239e-05
	1.472299745070183e-05
	1.474217718369634e-05
	1.475403847173081e-05
	1.475402044625922e-05
	1.473503912746238e-05
	1.469383908360167e-05
	1.46388207137005e-05
	1.457756085715096e-05
	1.451383641217109e-05
	1.444621826034519e-05
	1.437159600816804e-05
	1.429974525044746e-05
	1.423497936701189e-05
	1.417942622819502e-05
	1.413250203191658e-05
	1.409022895947273e-05
	1.404388547893924e-05
	1.399833190921492e-05
	1.396373189383452e-05
	1.394539349999488e-05
	1.393407982374346e-05
	1.392920358831171e-05
	1.39304326889602e-05
	1.394071977938762e-05
	1.396139344245629e-05
	1.398680314026592e-05
	1.401216155298399e-05
	1.403273513793782e-05
	1.404884337457858e-05
	1.405523002466941e-05
	1.405149708025483e-05
	1.404250486061106e-05
	1.402928140140651e-05
	1.40128744222588e-05
	1.399799088980093e-05
	1.398170689475484e-05
	1.396077204569322e-05
	1.393287423397086e-05
	1.38958082214569e-05
	1.384994038588902e-05
	1.380019478844423e-05
	1.375102604060424e-05
	1.370714382036681e-05
	1.367174489379647e-05
	1.36486704357041e-05
	1.363841198573368e-05
	1.363656318669352e-05
	1.363990154632525e-05
	1.365049783550019e-05
	1.367020163832024e-05
	1.369847692196751e-05
	1.373014801819166e-05
	1.375585366354376e-05
	1.376716674665381e-05
	1.3764398992205e-05
	1.374962711114909e-05
	1.37309056976798e-05
	1.37175823083533e-05
	1.371126178375233e-05
	1.371107041863744e-05
	1.371616802084652e-05
	1.372378338972785e-05
	1.37290755183426e-05
	1.37309128266335e-05
	1.372748561884506e-05
	1.371366455989636e-05
	1.368951532323201e-05
	1.366685217366194e-05
	1.364918432243403e-05
	1.363275536450828e-05
	1.361447102385459e-05
	1.359161905356227e-05
	1.357069709072562e-05
	1.354479846174979e-05
	1.351294605057343e-05
	1.348753019725475e-05
	1.34666862623531e-05
	1.344038093676957e-05
	1.341131091006549e-05
	1.33936040260546e-05
	1.339216642100717e-05
	1.339704059758829e-05
	1.340534686740223e-05
	1.341866237386378e-05
	1.343479351704172e-05
	1.345552810944208e-05
	1.347956977739044e-05
	1.350694171614844e-05
	1.354163705670563e-05
	1.358789891230843e-05
	1.364413898342581e-05
	1.370375046698599e-05
	1.376667279866693e-05
	1.383444655879417e-05
	1.39015596573532e-05
	1.396131644763803e-05
	1.401669889994917e-05
	1.406702341526874e-05
	1.41128084849656e-05
	1.414776427977181e-05
	1.417052314217063e-05
	1.418187473873727e-05
	1.418471212874859e-05
	1.418679759964073e-05
	1.41871098225931e-05
	1.418562047051038e-05
	1.417384883508803e-05
	1.415054251508418e-05
	1.411860678656999e-05
	1.40812699946319e-05
	1.404421864692252e-05
	1.401472695357232e-05
	1.399275640490848e-05
	1.397851116470542e-05
	1.397327785095605e-05
	1.397434305718747e-05
	1.397640956492527e-05
	1.397724311860897e-05
	1.398129423376949e-05
	1.399216605807829e-05
	1.401369541237989e-05
	1.405344972216973e-05
	1.411461100071239e-05
	1.419490994116148e-05
	1.428706397289623e-05
	1.438316447056306e-05
	1.448678128767674e-05
	1.459465593123061e-05
	1.470382199215692e-05
	1.481486726464222e-05
	1.492064152364255e-05
	1.501919779710259e-05
	1.510555611539745e-05
	1.517392115311858e-05
	1.522621318841335e-05
	1.527333032893307e-05
	1.531218009579937e-05
	1.534123473067186e-05
	1.535960559987317e-05
	1.536918955407371e-05
	1.537335186734766e-05
	1.537731156024838e-05
	1.538692006054592e-05
	1.540122552593223e-05
	1.541475391660287e-05
	1.542273660398063e-05
	1.542723680552313e-05
	1.543773379061151e-05
	1.546452995776479e-05
	1.551670048110638e-05
	1.557094083575831e-05
	1.560973579099163e-05
	1.563182599854221e-05
	1.565060319529952e-05
	1.565613942506695e-05
	1.56470082247144e-05
	1.562210657952616e-05
	1.558137644734551e-05
	1.55239117549096e-05
	1.545049735477401e-05
	1.536678007015675e-05
	1.528186351825714e-05
	1.520025672876893e-05
	1.51131927314584e-05
	1.502234396767339e-05
	1.494650025717576e-05
	1.489857826309976e-05
	1.48844120564746e-05
	1.489502650062493e-05
	1.492546804496416e-05
	1.496985861457306e-05
	1.501968587900507e-05
	1.506983798615921e-05
	1.511420572726375e-05
	1.514816633209657e-05
	1.516601110559422e-05
	1.517161441617799e-05
	1.516618962939932e-05
	1.515023762841694e-05
	1.512560852121896e-05
	1.509457850687725e-05
	1.505505601674467e-05
	1.500599800516118e-05
	1.494724673587715e-05
	1.487799076442621e-05
	1.480369756133039e-05
	1.472775528941874e-05
	1.464896267289641e-05
	1.456990749623088e-05
	1.449296818483799e-05
	1.44229653607917e-05
	1.436207342282295e-05
	1.430819861636822e-05
	1.426219752492196e-05
	1.422870595448219e-05
	1.420782610875604e-05
	1.419735074521444e-05
	1.419468456306631e-05
	1.419672010228448e-05
	1.419852836325784e-05
	1.419676502440179e-05
	1.419328300483926e-05
	1.418970146012953e-05
	1.41850947828202e-05
	1.417694837978339e-05
	1.416386811385111e-05
	1.414650325240233e-05
	1.413597903973097e-05
	1.414189313049942e-05
	1.41643347893148e-05
	1.41988578648224e-05
	1.424073178964605e-05
	1.428643467320539e-05
	1.433371269414147e-05
	1.43786590046751e-05
	1.441381817896469e-05
	1.443947682013969e-05
	1.446085099119123e-05
	1.448117731073111e-05
	1.449757727881543e-05
	1.450321443542431e-05
	1.449783564132702e-05
	1.448506395398114e-05
	1.446838462082894e-05
	1.444749645504407e-05
	1.441802570586891e-05
	1.437792301545659e-05
	1.433387138119919e-05
	1.429243989445492e-05
	1.425693507346879e-05
	1.423061467499196e-05
	1.420130622852902e-05
	1.416391732335691e-05
	1.411609770021499e-05
	1.405882695379763e-05
	1.400054847549401e-05
	1.394588842218855e-05
	1.389670145995689e-05
	1.385385068299441e-05
	1.381512321777911e-05
	1.377956811069843e-05
	1.374668607475798e-05
	1.371460845172404e-05
	1.3683844076424e-05
	1.366025530365946e-05
	1.364195061798833e-05
	1.362331880043042e-05
	1.359950759519465e-05
	1.357105803826793e-05
	1.353924992876785e-05
	1.3505438594171e-05
	1.346661880811056e-05
	1.342398084767798e-05
	1.33804906123995e-05
	1.333534456849708e-05
	1.328562790503102e-05
	1.323340763553508e-05
	1.318146042755753e-05
	1.3135664727248e-05
	1.310193412288773e-05
	1.307945067122714e-05
	1.306256596928376e-05
	1.304572443886201e-05
	1.30220669980525e-05
	1.299401323185711e-05
	1.2966492533727e-05
	1.29354952933058e-05
	1.290093758100753e-05
	1.286580032679771e-05
	1.283312808565659e-05
	1.280646296082768e-05
	1.278652995313341e-05
	1.277050093459435e-05
	1.275623109790653e-05
	1.27453414731885e-05
	1.274013617969777e-05
	1.273692274004748e-05
	1.272957930784316e-05
	1.271651986935898e-05
	1.270266237919025e-05
	1.268977588540123e-05
	1.267473908348392e-05
	1.265744893769231e-05
	1.263646147730979e-05
	1.260707040839791e-05
	1.257065419374772e-05
	1.252781482142913e-05
	1.248621036518475e-05
	1.244679875575794e-05
	1.241447632442787e-05
	1.239226726776306e-05
	1.237885533009598e-05
	1.237629557439031e-05
	1.238361986137989e-05
	1.240018848756195e-05
	1.243030655323549e-05
	1.247177227269166e-05
	1.252111647381637e-05
	1.257532842652139e-05
	1.263322367385237e-05
	1.269209715675265e-05
	1.27485142089944e-05
	1.280660658555195e-05
	1.287079592130788e-05
	1.29455701935272e-05
	1.302633730177815e-05
	1.310814658730269e-05
	1.318899421066648e-05
	1.326364291484559e-05
	1.333128229583804e-05
	1.339126416973234e-05
	1.344176215492713e-05
	1.348203977684943e-05
	1.351365166720873e-05
	1.354012607680659e-05
	1.35695489808909e-05
	1.36012187736192e-05
	1.362902557936853e-05
	1.364703275819937e-05
	1.364581790474564e-05
	1.362889506006548e-05
	1.360769113673089e-05
	1.358731812256393e-05
	1.356776814343412e-05
	1.353885720843619e-05
	1.350211068226543e-05
	1.345904170523766e-05
	1.341589166239302e-05
	1.337719181117719e-05
	1.334530547308006e-05
	1.332777303995239e-05
	1.33276762379634e-05
	1.33415363861323e-05
	1.33659009602788e-05
	1.340217137333479e-05
	1.344674146921989e-05
	1.35001691682545e-05
	1.356026671417407e-05
	1.362380176822141e-05
	1.368287955406515e-05
	1.373862701765571e-05
	1.378816708020368e-05
	1.38299682119542e-05
	1.386192069501757e-05
	1.388941266366598e-05
	1.391348684660638e-05
	1.393581707103915e-05
	1.395448322109768e-05
	1.396537537945563e-05
	1.396277143836771e-05
	1.395450125642553e-05
	1.394268885022452e-05
	1.39241187374105e-05
	1.389659037736295e-05
	1.385620551627425e-05
	1.380441596304179e-05
	1.374605457367217e-05
	1.368802381335237e-05
	1.363279782854425e-05
	1.357842880450774e-05
	1.352376612137729e-05
	1.346462083248565e-05
	1.340242674274935e-05
	1.333498929275905e-05
	1.326488172122006e-05
	1.319411066637079e-05
	1.313120106634873e-05
	1.307667934747213e-05
	1.302978670219773e-05
	1.299070377230219e-05
	1.295764235119462e-05
	1.293081776652232e-05
	1.29113515032168e-05
	1.290293502809044e-05
	1.290299458914937e-05
	1.290850174400127e-05
	1.291300613762734e-05
	1.292405491561047e-05
	1.294867267302466e-05
	1.298267358141572e-05
	1.302419614948012e-05
	1.306932559557028e-05
	1.311156173447065e-05
	1.314610053082142e-05
	1.316894982655427e-05
	1.318392521978645e-05
	1.319423950232081e-05
	1.320193392527661e-05
	1.320781510096782e-05
	1.320916553741584e-05
	1.321003753221268e-05
	1.321629013141219e-05
	1.322580579098172e-05
	1.323877919937204e-05
	1.325315944084728e-05
	1.32634841045338e-05
	1.325842081721142e-05
	1.323511637047074e-05
	1.319527786644316e-05
	1.314463851030308e-05
	1.308332779128211e-05
	1.301155408479618e-05
	1.293410356840458e-05
	1.285419913252047e-05
	1.277951338328103e-05
	1.271596219466939e-05
	1.266613086937892e-05
	1.263317362506626e-05
	1.261468023918503e-05
	1.260796782267767e-05
	1.261087878259235e-05
	1.261711425666521e-05
	1.262143637273302e-05
	1.262060553438649e-05
	1.261541692496434e-05
	1.260733123596615e-05
	1.260180374220494e-05
	1.260311495950918e-05
	1.261433706148418e-05
	1.263366106960747e-05
	1.265327912644123e-05
	1.267405507366008e-05
	1.269928213531768e-05
	1.272977607932738e-05
	1.276132363443871e-05
	1.279282217369582e-05
	1.283170638049689e-05
	1.288614587973773e-05
	1.295061378667586e-05
	1.301557581808244e-05
	1.306989575339541e-05
	1.310821258394099e-05
	1.313547309841814e-05
	1.316975781944826e-05
	1.32099693251943e-05
	1.325697948867253e-05
	1.331431166231892e-05
	1.337306281023552e-05
	1.342340849280162e-05
	1.346560500169517e-05
	1.350270686981099e-05
	1.353317226583114e-05
	1.355300948484768e-05
	1.356165257119987e-05
	1.355755265496082e-05
	1.353989977950529e-05
	1.351152835254067e-05
	1.347677784866136e-05
	1.342838284161205e-05
	1.336691190661304e-05
	1.329594237066682e-05
	1.322599662472503e-05
	1.316244871513632e-05
	1.309695888329586e-05
	1.302900822278456e-05
	1.296467629464304e-05
	1.290614367453406e-05
	1.285734584120149e-05
	1.282134121603132e-05
	1.279912071940906e-05
	1.278945579876928e-05
	1.278828581970039e-05
	1.279255197789839e-05
	1.280419049136223e-05
	1.282687155770382e-05
	1.285986947656225e-05
	1.289714510252591e-05
	1.293874449400889e-05
	1.298166671635744e-05
	1.302305244773134e-05
	1.306039929745031e-05
	1.309339929168064e-05
	1.312009165199756e-05
	1.314299308519551e-05
	1.316289758897209e-05
	1.318162985875158e-05
	1.320486015210655e-05
	1.323505620351461e-05
	1.326557579329213e-05
	1.329352212475375e-05
	1.33181558435632e-05
	1.334349567106428e-05
	1.337045673790785e-05
	1.339741086630635e-05
	1.34171884617671e-05
	1.343207299289236e-05
	1.344289721331798e-05
	1.345159989875146e-05
	1.345991594251773e-05
	1.346783085023323e-05
	1.346848657859554e-05
	1.345484930250111e-05
	1.34233977386929e-05
	1.337483458220817e-05
	1.331616932360738e-05
	1.325525914763657e-05
	1.319393144805727e-05
	1.313887280820595e-05
	1.309404094887549e-05
	1.305949584491614e-05
	1.303250282374634e-05
	1.3012766499064e-05
	1.299605678959819e-05
	1.298272659766389e-05
	1.297414054977545e-05
	1.297815183724419e-05
	1.29923701523229e-05
	1.301448614171408e-05
	1.303723998727877e-05
	1.305208295850217e-05
	1.305560560531381e-05
	1.305151367630186e-05
	1.303788583597314e-05
	1.301430325148578e-05
	1.298869433848304e-05
	1.296403085715894e-05
	1.294119347153035e-05
	1.292181370728898e-05
	1.289954958872264e-05
	1.287476932840676e-05
	1.286274799047523e-05
	1.287438092142683e-05
	1.290373081942619e-05
	1.294192347900065e-05
	1.299034870155518e-05
	1.304473100620276e-05
	1.309857735570826e-05
	1.314734741084212e-05
	1.318290799501147e-05
	1.319987130444279e-05
	1.319672214484757e-05
	1.317529200727149e-05
	1.314466538805014e-05
	1.311062586537326e-05
	1.308133938368591e-05
	1.306407844769199e-05
	1.306200983409598e-05
	1.306821269687896e-05
	1.307482714399752e-05
	1.30743101898973e-05
	1.306670582622054e-05
	1.305511126033344e-05
	1.304706609508157e-05
	1.304082542406391e-05
	1.303707818759018e-05
	1.30354709592378e-05
	1.303678183611067e-05
	1.304510685863945e-05
	1.305384774524842e-05
	1.306292044950259e-05
	1.306374090314411e-05
	1.305496085972519e-05
	1.303654471662114e-05
	1.300605210576106e-05
	1.296484634021664e-05
	1.291189232130341e-05
	1.28457526819683e-05
	1.276687252979909e-05
	1.2674252640743e-05
	1.25754555996426e-05
	1.248165728891697e-05
	1.239522639523233e-05
	1.23225828354487e-05
	1.22605571280874e-05
	1.220042988328097e-05
	1.214016206027419e-05
	1.207530289727675e-05
	1.200676589769652e-05
	1.193109196043519e-05
	1.185159748343256e-05
	1.177881037462698e-05
	1.171520715607226e-05
	1.166699090658423e-05
	1.16378342332452e-05
	1.163756759951511e-05
	1.166339735484411e-05
	1.171510757091948e-05
	1.179785706813298e-05
	1.189990267906246e-05
	1.201106586390963e-05
	1.211353688740204e-05
	1.220314730627021e-05
	1.228169773776515e-05
	1.235122382030003e-05
	1.241283088657172e-05
	1.246872035658095e-05
	1.25166172687693e-05
	1.25581206606814e-05
	1.259527073367726e-05
	1.26241724999138e-05
	1.26421087072647e-05
	1.264307636662718e-05
	1.262805738949395e-05
	1.26017929995388e-05
	1.257513444777785e-05
	1.255184434719356e-05
	1.252989522163182e-05
	1.250119518350518e-05
	1.246492544537355e-05
	1.242284002202227e-05
	1.238402509340229e-05
	1.235450133367176e-05
	1.233685571260415e-05
	1.232842798023227e-05
	1.232712250877899e-05
	1.233229772490985e-05
	1.233427451789268e-05
	1.232765580153521e-05
	1.231477339985087e-05
	1.230229018866913e-05
	1.228832761158396e-05
	1.226835721294156e-05
	1.223776975762644e-05
	1.219898179793026e-05
	1.215269067486788e-05
	1.210277603442675e-05
	1.20572715965073e-05
	1.20270300722687e-05
	1.201899493743867e-05
	1.203250017590137e-05
	1.206132726907523e-05
	1.209678753930902e-05
	1.213395120810417e-05
	1.216603031734704e-05
	1.219456036880533e-05
	1.22168136653173e-05
	1.223238173406554e-05
	1.223811819239219e-05
	1.223447699268071e-05
	1.222950611482969e-05
	1.222262646240269e-05
	1.221053153253971e-05
	1.219367631328617e-05
	1.217376327329194e-05
	1.215179374560085e-05
	1.214165814554481e-05
	1.213986859122774e-05
	1.214273127546341e-05
	1.214041141646368e-05
	1.213190529933213e-05
	1.212088929891348e-05
	1.211346840222198e-05
	1.210758802348947e-05
	1.210403849051984e-05
	1.210281477992426e-05
	1.210615686229635e-05
	1.211664122556908e-05
	1.213261547505685e-05
	1.214705147963609e-05
	1.215698112609739e-05
	1.216152172649219e-05
	1.216496615719279e-05
	1.217132604400884e-05
	1.218147454183428e-05
	1.21939802282065e-05
	1.220885223250136e-05
	1.222683291381309e-05
	1.224256418156883e-05
	1.225619894712736e-05
	1.226985601151371e-05
	1.228300706024345e-05
	1.229560722946981e-05
	1.231067709339734e-05
	1.23259331336531e-05
	1.233918631561658e-05
	1.235390747621696e-05
	1.237064434909529e-05
	1.238122626572563e-05
	1.23826977747919e-05
	1.237885359253541e-05
	1.237494920272803e-05
	1.236740547875724e-05
	1.235482435283307e-05
	1.233674314480914e-05
	1.231498223802775e-05
	1.229399475586488e-05
	1.228113258976368e-05
	1.22763975982864e-05
	1.227527508356971e-05
	1.227468550533929e-05
	1.227178463189716e-05
	1.226097495172943e-05
	1.223847481124471e-05
	1.22050976994956e-05
	1.216313531769204e-05
	1.211628715284852e-05
	1.2066887972265e-05
	1.201830500969036e-05
	1.197490703668203e-05
	1.193985138794716e-05
	1.191421427773167e-05
	1.189773485715312e-05
	1.188507607231905e-05
	1.187111275037502e-05
	1.185520772006418e-05
	1.184042410696944e-05
	1.183436025957002e-05
	1.184139041639941e-05
	1.186056798808318e-05
	1.188544562692283e-05
	1.19100466781935e-05
	1.192885190411673e-05
	1.193781310569857e-05
	1.194339654961114e-05
	1.195206598129022e-05
	1.196829684199393e-05
	1.199048628917924e-05
	1.201720395380236e-05
	1.204601542756566e-05
	1.207848451771995e-05
	1.211667722556115e-05
	1.215738460600455e-05
	1.219780620276537e-05
	1.223836401963424e-05
	1.227590971784536e-05
	1.231075944510199e-05
	1.23446998421934e-05
	1.238482154426732e-05
	1.243698697611728e-05
	1.250023490729139e-05
	1.257106117444318e-05
	1.264879184702471e-05
	1.272454253389374e-05
	1.278264887158114e-05
	1.281296135354875e-05
	1.28231290894643e-05
	1.28287646554806e-05
	1.284438711925433e-05
	1.287642300077135e-05
	1.292146850492351e-05
	1.297175751661163e-05
	1.302553034858576e-05
	1.308169819960103e-05
	1.314861426067006e-05
	1.323131146293438e-05
	1.332530060864213e-05
	1.342314389335402e-05
	1.351703247993003e-05
	1.360384756403116e-05
	1.367621253985934e-05
	1.373694112295364e-05
	1.377949277345832e-05
	1.380405509747879e-05
	1.381936855989639e-05
	1.382948229879601e-05
	1.384003048436252e-05
	1.385145747968553e-05
	1.386768843720797e-05
	1.388886454921719e-05
	1.390583143462116e-05
	1.392169829755726e-05
	1.395038166408884e-05
	1.400486012390902e-05
	1.408562024306876e-05
	1.41817734302118e-05
	1.428270063498225e-05
	1.438556146252735e-05
	1.448850802802468e-05
	1.458714414801232e-05
	1.467355490860928e-05
	1.47360111630359e-05
	1.476927970106578e-05
	1.477226386515263e-05
	1.475572884876847e-05
	1.471713387937279e-05
	1.466421245805304e-05
	1.461265126958188e-05
	1.457609048380164e-05
	1.45672966718301e-05
	1.459281377459603e-05
	1.463476496024664e-05
	1.467691948721404e-05
	1.471692048161957e-05
	1.475022644525932e-05
	1.477797763587508e-05
	1.479596147602135e-05
	1.480430855827294e-05
	1.480935744843425e-05
	1.481425473033323e-05
	1.481660910814668e-05
	1.481461044811873e-05
	1.481032957065367e-05
	1.480268133645022e-05
	1.479110625012905e-05
	1.477891318959891e-05
	1.476156650147293e-05
	1.474232640361299e-05
	1.472932418900611e-05
	1.472240317663465e-05
	1.472504332837692e-05
	1.472955948317001e-05
	1.47397044576444e-05
	1.476287618628567e-05
	1.479307609618805e-05
	1.482036940160743e-05
	1.48283252105612e-05
	1.481398231650303e-05
	1.478459541978287e-05
	1.474250645335676e-05
	1.46875183005825e-05
	1.462627153179125e-05
	1.456746973247349e-05
	1.451980479234039e-05
	1.448300231984032e-05
	1.444845705840056e-05
	1.441242039259974e-05
	1.438138846796759e-05
	1.436166142099557e-05
	1.436389603814626e-05
	1.439321560685853e-05
	1.444448510080669e-05
	1.451131515204461e-05
	1.458627971352833e-05
	1.467254867027519e-05
	1.478065127013447e-05
	1.489478112245897e-05
	1.499505059518155e-05
	1.507738491377754e-05
	1.514696289500255e-05
	1.520887297890029e-05
	1.525937180487789e-05
	1.530022323168901e-05
	1.533637976649141e-05
	1.535509084930722e-05
	1.536222352772204e-05
	1.537003547640152e-05
	1.537865645955381e-05
	1.539198054861596e-05
	1.541233157142275e-05
	1.543788042502779e-05
	1.546278887617198e-05
	1.548542653970161e-05
	1.550767100683267e-05
	1.553221003386828e-05
	1.555803959796956e-05
	1.558427178061481e-05
	1.560846287819371e-05
	1.561883527569276e-05
	1.560609605103781e-05
	1.556466964133802e-05
	1.55036940448835e-05
	1.544047737361353e-05
	1.537625485764711e-05
	1.531096077914828e-05
	1.524645588586073e-05
	1.518299705179818e-05
	1.512306033368492e-05
	1.506013450480283e-05
	1.499281928089807e-05
	1.492119343092784e-05
	1.485293229740372e-05
	1.47928229887065e-05
	1.473972223459361e-05
	1.469066925141567e-05
	1.464858486381836e-05
	1.460145557927516e-05
	1.454385395906668e-05
	1.448054255001217e-05
	1.441094120361421e-05
	1.43365889275634e-05
	1.426148460938244e-05
	1.419364076780827e-05
	1.413671966628882e-05
	1.408212517258501e-05
	1.40382085430058e-05
	1.399152060427269e-05
	1.394122082278302e-05
	1.388612085481629e-05
	1.382252286733324e-05
	1.375127612985621e-05
	1.366861405981659e-05
	1.357305834588583e-05
	1.346576026071081e-05
	1.334875075269022e-05
	1.322817649956355e-05
	1.311057301179859e-05
	1.300336377261729e-05
	1.290484440277585e-05
	1.28114093640967e-05
	1.272230654149672e-05
	1.263495214387791e-05
	1.255172823696544e-05
	1.247587361108891e-05
	1.24081748416671e-05
	1.234882439171195e-05
	1.23019101273838e-05
	1.226897692017933e-05
	1.224450993448209e-05
	1.223066215035441e-05
	1.222623183592158e-05
	1.222779466105623e-05
	1.22339333679096e-05
	1.224340526373909e-05
	1.225623833079779e-05
	1.227354506277052e-05
	1.229716563947518e-05
	1.23261138597717e-05
	1.234911265120472e-05
	1.236556747545323e-05
	1.237378658240059e-05
	1.237157874562483e-05
	1.236771222061068e-05
	1.236937392994423e-05
	1.237163664764862e-05
	1.237833249426873e-05
	1.23931120880888e-05
	1.241138479969751e-05
	1.242697467777362e-05
	1.243780413420733e-05
	1.244431736527114e-05
	1.244059825283719e-05
	1.242648043983213e-05
	1.240589737304159e-05
	1.237980821497483e-05
	1.235233903750875e-05
	1.232541031351549e-05
	1.230094060315966e-05
	1.228285570208367e-05
	1.227422874659726e-05
	1.227003060942858e-05
	1.226910367882156e-05
	1.228018413816322e-05
	1.229957390667199e-05
	1.232475922467852e-05
	1.234712291001007e-05
	1.236627969529444e-05
	1.237783567639173e-05
	1.238124550493789e-05
	1.238137628300259e-05
	1.23858124476478e-05
	1.239636570582683e-05
	1.24149728041198e-05
	1.243890152189757e-05
	1.24609435426778e-05
	1.247620426668028e-05
	1.248158836794908e-05
	1.2474750598091e-05
	1.245574566990834e-05
	1.242268398034954e-05
	1.23775488138636e-05
	1.23275402524068e-05
	1.227807661718905e-05
	1.223445414377459e-05
	1.21952401365791e-05
	1.215836931834306e-05
	1.212281141623138e-05
	1.208531399287924e-05
	1.204413132646586e-05
	1.200015069919755e-05
	1.195193509037088e-05
	1.1897781226576e-05
	1.184110765575166e-05
	1.178790309512852e-05
	1.174421346657189e-05
	1.171099892667283e-05
	1.169261841844114e-05
	1.168932835284451e-05
	1.16996772590814e-05
	1.172583287924946e-05
	1.176403193482715e-05
	1.179780854035897e-05
	1.182141612574592e-05
	1.183233401245894e-05
	1.183997266327317e-05
	1.185415672249809e-05
	1.187378888135307e-05
	1.189214124743567e-05
	1.190220696570947e-05
	1.190614938993578e-05
	1.191029735471804e-05
	1.192230792390529e-05
	1.194298280032564e-05
	1.197107730568703e-05
	1.200166528796507e-05
	1.203119690881315e-05
	1.20522623605782e-05
	1.205771345017853e-05
	1.204564044528553e-05
	1.20140854072783e-05
	1.196377509058436e-05
	1.190106268865108e-05
	1.183669485999268e-05
	1.177912074292157e-05
	1.173524415122817e-05
	1.170695962435737e-05
	1.169347087683324e-05
	1.168586128764022e-05
	1.167748347781538e-05
	1.166257628031534e-05
	1.163821399565652e-05
	1.160181828529894e-05
	1.155333067650009e-05
	1.149771226487713e-05
	1.143991761457622e-05
	1.138917896359287e-05
	1.135138377099021e-05
	1.132514681512595e-05
	1.131228715447344e-05
	1.13129328410936e-05
	1.132270343095864e-05
	1.13417110836329e-05
	1.137047683147296e-05
	1.140436775156157e-05
	1.143824157249861e-05
	1.1465758781732e-05
	1.148164594304062e-05
	1.148949620796318e-05
	1.150078656982576e-05
	1.151895615273832e-05
	1.154319653683831e-05
	1.156497757709604e-05
	1.157663793545211e-05
	1.15790704874593e-05
	1.157381561643814e-05
	1.15646402180938e-05
	1.155274309127741e-05
	1.153731016454936e-05
	1.151691467615451e-05
	1.150057161191039e-05
	1.149374839652016e-05
	1.150022535702086e-05
	1.152013723330225e-05
	1.154663214089457e-05
	1.156938226605661e-05
	1.158464805007142e-05
	1.160077679933068e-05
	1.162565400864232e-05
	1.166298410167016e-05
	1.170858040201106e-05
	1.175756222516748e-05
	1.181050670032875e-05
	1.186983940436819e-05
	1.192866853964448e-05
	1.198119698442895e-05
	1.203524162015161e-05
	1.209469351293309e-05
	1.215234772076687e-05
	1.219952727441117e-05
	1.223461912312624e-05
	1.226206169072026e-05
	1.228462327963718e-05
	1.230684265401609e-05
	1.232486138189711e-05
	1.234095977584167e-05
	1.23529332519612e-05
	1.235609341329698e-05
	1.235575771784142e-05
	1.235750303627055e-05
	1.236927651367641e-05
	1.238361517197241e-05
	1.238843145657397e-05
	1.23790664686081e-05
	1.235522715457003e-05
	1.231858318928951e-05
	1.227473506218678e-05
	1.223018298176173e-05
	1.218279638791223e-05
	1.212698357538544e-05
	1.206698862206767e-05
	1.200603188434147e-05
	1.195395317393716e-05
	1.191655757143624e-05
	1.190417290196459e-05
	1.191686440691758e-05
	1.194939746248337e-05
	1.198859105532399e-05
	1.202563054106099e-05
	1.205738351545029e-05
	1.208703523786344e-05
	1.211254302851846e-05
	1.213472415347303e-05
	1.216139504253106e-05
	1.219398368495568e-05
	1.222684764624857e-05
	1.225725599889504e-05
	1.228378159680135e-05
	1.230502753661249e-05
	1.232070850887268e-05
	1.233494036844591e-05
	1.234497246186921e-05
	1.235281564855487e-05
	1.23637272546579e-05
	1.237915980179525e-05
	1.240478457267109e-05
	1.243699925552599e-05
	1.247368622926171e-05
	1.251254842749602e-05
	1.254801271486755e-05
	1.257995661333394e-05
	1.261045006343324e-05
	1.264321872212543e-05
	1.267373883691458e-05
	1.269747768980589e-05
	1.27171235033343e-05
	1.273493297117276e-05
	1.275587570775577e-05
	1.278005493262757e-05
	1.280752641200202e-05
	1.283678674647772e-05
	1.286330688376986e-05
	1.288457735719074e-05
	1.289704385393894e-05
	1.290256470999761e-05
	1.289919527889009e-05
	1.288542746102354e-05
	1.286152553589369e-05
	1.283384476244006e-05
	1.280560835082259e-05
	1.277778752443755e-05
	1.274639302949774e-05
	1.270805381295309e-05
	1.266585647494514e-05
	1.262173360359127e-05
	1.25789920758308e-05
	1.253782075385284e-05
	1.249710559138347e-05
	1.246133051557383e-05
	1.243315412820778e-05
	1.241423388985148e-05
	1.240418160701854e-05
	1.24041104200715e-05
	1.240830331471372e-05
	1.24150267477133e-05
	1.243107062279642e-05
	1.245028693807149e-05
	1.246966979280297e-05
	1.248798538415159e-05
	1.249809325780984e-05
	1.249269730346412e-05
	1.246567568406912e-05
	1.242127347653156e-05
	1.236533905132836e-05
	1.230176005176339e-05
	1.223408338032379e-05
	1.216540458685514e-05
	1.20946214399014e-05
	1.201945227794297e-05
	1.194332464271774e-05
	1.187344920464058e-05
	1.181306695042254e-05
	1.175876549407027e-05
	1.17062116243655e-05
	1.165385324392169e-05
	1.16014818677257e-05
	1.155081968993807e-05
	1.151159206421206e-05
	1.148177622609279e-05
	1.145998311514691e-05
	1.144923892863952e-05
	1.144948119634641e-05
	1.145217325896675e-05
	1.14563885950246e-05
	1.146470184364559e-05
	1.147600303145501e-05
	1.148438650596086e-05
	1.148437436860454e-05
	1.148175802119562e-05
	1.147694369867943e-05
	1.146691187792367e-05
	1.145329024715208e-05
	1.144139828909603e-05
	1.143053377551499e-05
	1.14195892533643e-05
	1.141000443610303e-05
	1.140597020908168e-05
	1.140973245044554e-05
	1.141926217964087e-05
	1.143584567722728e-05
	1.14581667956256e-05
	1.148269210132757e-05
	1.150675668576151e-05
	1.152884239177593e-05
	1.155363369700837e-05
	1.158420250417757e-05
	1.161991668374347e-05
	1.165941055277493e-05
	1.169985045180041e-05
	1.173961600017373e-05
	1.177511975188485e-05
	1.180487497182536e-05
	1.182765942642394e-05
	1.184734158624292e-05
	1.186710350717873e-05
	1.188718449187014e-05
	1.190127766481839e-05
	1.190382527754688e-05
	1.189487173956331e-05
	1.188014252305603e-05
	1.186808479375397e-05
	1.186007203458109e-05
	1.185865058809236e-05
	1.186159150836918e-05
	1.186507912082905e-05
	1.186841866560241e-05
	1.187589307858271e-05
	1.1893806989788e-05
	1.192356737581059e-05
	1.196389456504764e-05
	1.201067271193791e-05
	1.20649857143914e-05
	1.21290390783339e-05
	1.220245113992829e-05
	1.228783177399954e-05
	1.23849958493844e-05
	1.248374085026705e-05
	1.258057617517965e-05
	1.267609811394761e-05
	1.277586535407743e-05
	1.287419187622277e-05
	1.297260094995206e-05
	1.307125634856469e-05
	1.316330981768284e-05
	1.323958898211713e-05
	1.329608782017017e-05
	1.33355988421712e-05
	1.33610880420468e-05
	1.33803655112167e-05
	1.340527914789244e-05
	1.344211667993135e-05
	1.349153476025606e-05
	1.3549609432975e-05
	1.36091275740802e-05
	1.365832998260083e-05
	1.369571463924623e-05
	1.372338044598397e-05
	1.373995369418958e-05
	1.374327341855931e-05
	1.373392988099196e-05
	1.37081410768478e-05
	1.365715003216275e-05
	1.358110677217857e-05
	1.348947778832893e-05
	1.339382977274443e-05
	1.329547840738519e-05
	1.320266923687247e-05
	1.311550158036006e-05
	1.303571326427578e-05
	1.296516166921828e-05
	1.29065597029779e-05
	1.286713244064659e-05
	1.284946721621508e-05
	1.284813163154081e-05
	1.285634048804214e-05
	1.286657005573023e-05
	1.288146147293827e-05
	1.289643155193222e-05
	1.290816674995187e-05
	1.291474003525642e-05
	1.291676674565678e-05
	1.291436422111241e-05
	1.290236264452279e-05
	1.287201750841721e-05
	1.282079853801859e-05
	1.275843969042643e-05
	1.269334155497525e-05
	1.263416661958121e-05
	1.258912544083918e-05
	1.255583924769392e-05
	1.253156586964077e-05
	1.251595506333309e-05
	1.251160732561219e-05
	1.251672281185272e-05
	1.253070884003177e-05
	1.254822616578813e-05
	1.256872338087478e-05
	1.259514656533391e-05
	1.263920505481412e-05
	1.270275743824683e-05
	1.277312960559213e-05
	1.283623503777235e-05
	1.288794029709306e-05
	1.292921596269883e-05
	1.295869626293297e-05
	1.298285575551376e-05
	1.301985419619999e-05
	1.30585703727741e-05
	1.30873401134099e-05
	1.310583758188046e-05
	1.311254067514331e-05
	1.310967710228462e-05
	1.310205277776036e-05
	1.308940694921427e-05
	1.307084085989306e-05
	1.304667455780151e-05
	1.301994793970533e-05
	1.299685347286831e-05
	1.29840543495415e-05
	1.297274965656714e-05
	1.294916342854825e-05
	1.292032249444108e-05
	1.289249475235959e-05
	1.286891504494894e-05
	1.284835370885581e-05
	1.282874269314902e-05
	1.281004536965973e-05
	1.279577039327951e-05
	1.278853701094141e-05
	1.278951030544066e-05
	1.279894774348978e-05
	1.282128170870553e-05
	1.285860925938833e-05
	1.29020444116193e-05
	1.29440974547873e-05
	1.298979897544369e-05
	1.302888503899529e-05
	1.305971182748092e-05
	1.308376184121315e-05
	1.310614331960344e-05
	1.312652405309899e-05
	1.314039136850714e-05
	1.31468160615519e-05
	1.315037874050382e-05
	1.315371437636945e-05
	1.31584459596713e-05
	1.315946262386353e-05
	1.315121776052275e-05
	1.312489853057221e-05
	1.308538781877338e-05
	1.303438765550702e-05
	1.297805761720873e-05
	1.292020871854603e-05
	1.285850294298204e-05
	1.279860293250544e-05
	1.273581914263347e-05
	1.26636859372946e-05
	1.258939131265821e-05
	1.251468261387409e-05
	1.243958232240949e-05
	1.236370579962433e-05
	1.228131463326763e-05
	1.219966786013356e-05
	1.212563082403044e-05
	1.206304473969007e-05
	1.200824566338722e-05
	1.195739482503235e-05
	1.190164287768719e-05
	1.183550743107646e-05
	1.176551946215784e-05
	1.169627568850771e-05
	1.162867490224181e-05
	1.156308033092112e-05
	1.150282269933748e-05
	1.145038492677602e-05
	1.14003943768474e-05
	1.13504699150337e-05
	1.13015061387187e-05
	1.125911542457643e-05
	1.122821398176305e-05
	1.121292679203752e-05
	1.121321998130844e-05
	1.122652262217556e-05
	1.125062884254908e-05
	1.127649629258778e-05
	1.130101159036085e-05
	1.131928225008691e-05
	1.133249414443271e-05
	1.13435331545146e-05
	1.135153193560574e-05
	1.135711319198415e-05
	1.135888025463192e-05
	1.134939330219707e-05
	1.132692571621717e-05
	1.129474767373279e-05
	1.125342290284529e-05
	1.120651843932248e-05
	1.115922327918781e-05
	1.11148919580795e-05
	1.107105633342112e-05
	1.102178438305674e-05
	1.097048595242177e-05
	1.09251371170401e-05
	1.089384738222482e-05
	1.088070627757995e-05
	1.088219019820747e-05
	1.089193969086218e-05
	1.090440165071375e-05
	1.091416180160009e-05
	1.092156076395437e-05
	1.09329260843632e-05
	1.095011193412606e-05
	1.097170211577696e-05
	1.099299040100453e-05
	1.101224472026603e-05
	1.102043813578049e-05
	1.101443946889583e-05
	1.100026575877178e-05
	1.097254932520108e-05
	1.092870440466955e-05
	1.087294674005176e-05
	1.081653150292493e-05
	1.076882799935211e-05
	1.073019961426737e-05
	1.069463695563997e-05
	1.065755228547148e-05
	1.061820152147491e-05
	1.057568524124085e-05
	1.053807220707412e-05
	1.051116224562774e-05
	1.049257962847179e-05
	1.047627125840467e-05
	1.046150032874356e-05
	1.044749639879303e-05
	1.043343945486423e-05
	1.04164303776174e-05
	1.039083690539603e-05
	1.035924952462673e-05
	1.032601338650519e-05
	1.029829378556686e-05
	1.02778093478703e-05
	1.026031549966955e-05
	1.023969717951994e-05
	1.021817449202005e-05
	1.020048889710449e-05
	1.01892953703618e-05
	1.0191659559452e-05
	1.02096701807092e-05
	1.023769172009614e-05
	1.027063695667115e-05
	1.030054793821639e-05
	1.032362482125868e-05
	1.034652053747338e-05
	1.037254782034003e-05
	1.039733535765295e-05
	1.042089407131464e-05
	1.044420794743338e-05
	1.046575120877867e-05
	1.048692264386591e-05
	1.050584060207733e-05
	1.052544485803328e-05
	1.054602399400505e-05
	1.056626876194145e-05
	1.058257572005604e-05
	1.059287683882067e-05
	1.059276191973808e-05
	1.058706142743855e-05
	1.058563533577907e-05
	1.059598808575826e-05
	1.06097283147504e-05
	1.061921471882093e-05
	1.06241691557801e-05
	1.062926932372589e-05
	1.063434023323294e-05
	1.06393473731631e-05
	1.064948899129731e-05
	1.066591364055579e-05
	1.06902525554319e-05
	1.072064591028546e-05
	1.075735407784124e-05
	1.079724490605024e-05
	1.083722755726515e-05
	1.087503116367973e-05
	1.090486168828243e-05
	1.091942604784214e-05
	1.092117729422999e-05
	1.091763474169987e-05
	1.091358349210407e-05
	1.091743068495149e-05
	1.093237140288846e-05
	1.095572037993706e-05
	1.098634432056364e-05
	1.102271486098254e-05
	1.105803653884723e-05
	1.109049949441584e-05
	1.112458457953087e-05
	1.115934428224385e-05
	1.119171980686315e-05
	1.121692335535103e-05
	1.123378726354603e-05
	1.12433253214329e-05
	1.125164613405294e-05
	1.12611156308758e-05
	1.126925568885591e-05
	1.127737458450011e-05
	1.128347123534503e-05
	1.128772398961155e-05
	1.128903209538605e-05
	1.129713050416585e-05
	1.131168836404851e-05
	1.133320629173003e-05
	1.136166320078864e-05
	1.139449101038616e-05
	1.14302971111154e-05
	1.146478577530282e-05
	1.149645875264396e-05
	1.152573451566447e-05
	1.154686444671828e-05
	1.155867215797963e-05
	1.155593633934632e-05
	1.153818397746137e-05
	1.151178333222815e-05
	1.148654204077646e-05
	1.146731182353288e-05
	1.145510474703808e-05
	1.144939967085116e-05
	1.144048645192803e-05
	1.142063193284773e-05
	1.139216684265858e-05
	1.135952898757996e-05
	1.132799624013631e-05
	1.129505001864633e-05
	1.126249131205794e-05
	1.12338679819677e-05
	1.120965816047386e-05
	1.118336945370413e-05
	1.11587844294293e-05
	1.114127114399488e-05
	1.113657840544775e-05
	1.114424664331108e-05
	1.115986276856949e-05
	1.117359773768216e-05
	1.117988514997427e-05
	1.117802226191697e-05
	1.117167807055486e-05
	1.115972575858e-05
	1.114418576687945e-05
	1.112440633194503e-05
	1.109688892300228e-05
	1.106489254453117e-05
	1.103355226582941e-05
	1.100257470214781e-05
	1.096802540869082e-05
	1.093561626737159e-05
	1.091429840613768e-05
	1.090538482047281e-05
	1.090306875006146e-05
	1.090523314092241e-05
	1.091191621120865e-05
	1.092449763829257e-05
	1.094925971252391e-05
	1.099009261902314e-05
	1.104344431589288e-05
	1.110272965094338e-05
	1.116290875885656e-05
	1.121756377370246e-05
	1.126539307777139e-05
	1.13033904810277e-05
	1.13327399269371e-05
	1.135274416744938e-05
	1.136368810592542e-05
	1.136505192109053e-05
	1.135789270962884e-05
	1.134301050626437e-05
	1.131833445920132e-05
	1.128413133916507e-05
	1.124343941174541e-05
	1.120188244632565e-05
	1.116337203073584e-05
	1.112982596450204e-05
	1.111012026651036e-05
	1.109876023320925e-05
	1.109352911222345e-05
	1.109301649417566e-05
	1.109981353306569e-05
	1.111534950139557e-05
	1.113557299981954e-05
	1.116097835325737e-05
	1.118957489499238e-05
	1.121913937934112e-05
	1.125048452312268e-05
	1.128204400541307e-05
	1.131317293906282e-05
	1.134268386720336e-05
	1.136229169037876e-05
	1.137492952149342e-05
	1.138094639899946e-05
	1.138125821816121e-05
	1.138402553420918e-05
	1.138921184846611e-05
	1.139171196010665e-05
	1.139585340474326e-05
	1.139788060179014e-05
	1.14033884002287e-05
	1.141401262873529e-05
	1.142842094943608e-05
	1.14437545484193e-05
	1.14585456497311e-05
	1.147435408365772e-05
	1.148815333901489e-05
	1.149599114254318e-05
	1.149844227270479e-05
	1.149189572515978e-05
	1.147340087115681e-05
	1.144989584250978e-05
	1.142603057214561e-05
	1.141109519591409e-05
	1.140747216022616e-05
	1.141558098997157e-05
	1.143561855447718e-05
	1.146249999256206e-05
	1.149538290929846e-05
	1.153589003499518e-05
	1.157806621950958e-05
	1.161700036561162e-05
	1.165238777249478e-05
	1.16858615554589e-05
	1.171815586376927e-05
	1.175337897300965e-05
	1.179205417672339e-05
	1.182976014152899e-05
	1.185998548449111e-05
	1.188432305605376e-05
	1.189834656305333e-05
	1.19025534885177e-05
	1.189996203203522e-05
	1.189436682960015e-05
	1.188233682520756e-05
	1.185552970225458e-05
	1.18085792031155e-05
	1.174545240714072e-05
	1.167913289002618e-05
	1.161235395669779e-05
	1.154976626511576e-05
	1.149783343609148e-05
	1.145711466597558e-05
	1.141897907975183e-05
	1.137596170485332e-05
	1.133137855518442e-05
	1.129506080550937e-05
	1.127156618674734e-05
	1.126186665034761e-05
	1.126517812721836e-05
	1.128090719384976e-05
	1.130026861429339e-05
	1.132053366866809e-05
	1.133521475746702e-05
	1.134327837915749e-05
	1.135214644982091e-05
	1.13685289076372e-05
	1.138982270069886e-05
	1.141030823208758e-05
	1.14354939594521e-05
	1.146889971152012e-05
	1.150267412990411e-05
	1.152878340900966e-05
	1.155127400913651e-05
	1.157178548271283e-05
	1.158577396755448e-05
	1.159098913513027e-05
	1.158915409663605e-05
	1.158323346279191e-05
	1.157378367755612e-05
	1.156212426471838e-05
	1.154899663968827e-05
	1.152971577102793e-05
	1.15043872557929e-05
	1.147657407569216e-05
	1.144735050745717e-05
	1.141653848231559e-05
	1.138279905136535e-05
	1.135082673222475e-05
	1.13229419190692e-05
	1.129745846492433e-05
	1.127602283155583e-05
	1.12584069482573e-05
	1.124912741257273e-05
	1.125037945475265e-05
	1.125361582939379e-05
	1.124786938920128e-05
	1.123214027808286e-05
	1.120812980836808e-05
	1.117932279725474e-05
	1.115018377417113e-05
	1.112585691471997e-05
	1.110731778619658e-05
	1.109010234974757e-05
	1.107461397120913e-05
	1.10624942350734e-05
	1.105402706829571e-05
	1.104798078620459e-05
	1.104622640601479e-05
	1.105091625065603e-05
	1.10592678069253e-05
	1.107124788905217e-05
	1.108368458886033e-05
	1.109626237686791e-05
	1.110753579244063e-05
	1.111338536990307e-05
	1.111344263248435e-05
	1.11066118660547e-05
	1.109432090656693e-05
	1.108310842409924e-05
	1.10783075903389e-05
	1.107861051642177e-05
	1.108117798594325e-05
	1.108170135869353e-05
	1.107957811180814e-05
	1.107429460240223e-05
	1.106394869841907e-05
	1.104761712607815e-05
	1.102756875976777e-05
	1.100974057216431e-05
	1.099240334246731e-05
	1.097476922765238e-05
	1.09598559227187e-05
	1.095060934425788e-05
	1.095091791501601e-05
	1.096328469377723e-05
	1.098886654417456e-05
	1.102857906499399e-05
	1.107944391397646e-05
	1.11361935603577e-05
	1.119211351147293e-05
	1.123938292968933e-05
	1.127615875185424e-05
	1.13081525040928e-05
	1.134470498646985e-05
	1.139152357957279e-05
	1.144496853948946e-05
	1.149821109858422e-05
	1.154420117093475e-05
	1.157909053862146e-05
	1.160529355188588e-05
	1.162460802812909e-05
	1.163946588802268e-05
	1.165660577388085e-05
	1.16786347340707e-05
	1.169818821423244e-05
	1.171069004016993e-05
	1.171745764993957e-05
	1.171626346259446e-05
	1.170777081383797e-05
	1.169502589579012e-05
	1.16875752098126e-05
	1.169146854635604e-05
	1.170562185001612e-05
	1.17254234603511e-05
	1.174993878537302e-05
	1.17784763770774e-05
	1.181468811837168e-05
	1.186268039137863e-05
	1.192349197476052e-05
	1.199086846072562e-05
	1.205617770201575e-05
	1.211491548545381e-05
	1.21669957624064e-05
	1.222002054449858e-05
	1.227378884663401e-05
	1.233111914419155e-05
	1.238960366165253e-05
	1.244677508666707e-05
	1.250124599692714e-05
	1.254894821255792e-05
	1.258597664620815e-05
	1.261422381099084e-05
	1.263878417507348e-05
	1.266435279794358e-05
	1.269079971964675e-05
	1.271511622018503e-05
	1.273531006379395e-05
	1.275272093469116e-05
	1.276610999611098e-05
	1.277837804425199e-05
	1.279410441392777e-05
	1.281616353018974e-05
	1.283830361236257e-05
	1.285889979792535e-05
	1.287600985650656e-05
	1.289367597582632e-05
	1.290995714852238e-05
	1.292864446872776e-05
	1.295333062869654e-05
	1.29904302685049e-05
	1.304059424155526e-05
	1.310345189244215e-05
	1.316169743976244e-05
	1.320855385248673e-05
	1.324169351801538e-05
	1.326183283742326e-05
	1.326869345076654e-05
	1.325402489058767e-05
	1.32149060913259e-05
	1.315555036775558e-05
	1.308484965268849e-05
	1.301275484635633e-05
	1.29474508006442e-05
	1.28901656023759e-05
	1.284526321569266e-05
	1.281908233453727e-05
	1.281393355491224e-05
