	0.3226763080891443
	0.1479494125253446
	0.08276038362110676
	0.05146924442964223
	0.03911432543443857
	0.03434563204310681
	0.03099404683203489
	0.02721713211261883
	0.02393766483730492
	0.02174788514698998
	0.02042487294394073
	0.01918143113091031
	0.01810502291831214
	0.01739827721485424
	0.01701447032818129
	0.01682056279181079
	0.0167582207478883
	0.01677017339094906
	0.01685934277903376
	0.01689278225885568
	0.01692006437203302
	0.016898673174207
	0.01685370710713657
	0.01682868183320258
	0.01686393943844529
	0.0169595814303081
	0.01706853960538072
	0.01716948451807938
	0.01727176091874649
	0.01734961821063094
	0.0173481636113071
	0.01728332614776096
	0.01718385581904109
	0.01705736548586301
	0.01693391382418684
	0.01684649320907411
	0.01679668640122206
	0.01676542278589765
	0.01674123419532369
	0.01672172671027505
	0.01670931281416762
	0.01671183819661525
	0.01676362192553295
	0.01685441529286201
	0.0169459661954975
	0.01704318527918012
	0.01715040996931158
	0.01723738972963332
	0.01731255267491055
	0.01740495281283941
	0.01756168400295244
	0.01787076534506787
	0.01838625126779287
	0.0191159805199338
	0.02005681622585713
	0.02112157934074022
	0.02222110107907589
	0.02326739928058887
	0.02413745406997717
	0.02484095249011941
	0.02538525053945425
	0.02573816349212677
	0.02591077541085561
	0.02593896612445272
	0.02587498927424931
	0.02578181234190106
	0.02570216206755456
	0.02563818063606611
	0.02559611769214136
	0.02562095111085409
	0.02577507334303268
	0.02606484211405136
	0.02648593465621688
	0.02699463725233056
	0.02751194378066821
	0.02798168074578998
	0.02839436055122273
	0.02875239796077423
	0.02903274059495562
	0.02924024993472291
	0.0293503925555382
	0.02942395760654084
	0.02953291447712592
	0.02967720483461096
	0.02979686132061674
	0.02985604071851473
	0.0298268430054025
	0.02975022260181134
	0.02965426247610926
	0.02953186208284862
	0.02939300126373181
	0.02928203288023207
	0.0291860939224775
	0.02909681081088584
	0.02899374396145443
	0.02889107350086022
	0.02877680381257352
	0.02863549534699722
	0.02848041323771272
	0.02834314127386056
	0.02822093376292613
	0.02808845984641966
	0.02793112991523208
	0.02775609394624697
	0.02754624729658663
	0.02730755684451722
	0.02707353685676257
	0.02686103860852056
	0.02667670010013569
	0.02653159987102809
	0.02640726869057872
	0.02624000943435673
	0.02599737187518266
	0.02570793491738646
	0.02542111966354502
	0.02517227574652678
	0.02499853391567167
	0.02492366547796883
	0.02489628326901501
	0.02486766916371784
	0.02478692317070926
	0.02463345785585037
	0.02440575744046911
	0.0240994761581826
	0.02372842913495535
	0.02334364765142728
	0.02296918191277292
	0.02263343955692263
	0.02234341976896586
	0.02209791212339068
	0.02188583029283116
	0.02168709080971584
	0.02148605651960067
	0.02126142876244252
	0.02101197665366281
	0.02075877893684048
	0.02052330314779766
	0.02032928197925583
	0.02016628984265923
	0.02003479840005427
	0.01993715916406785
	0.01986411735572614
	0.01981089721119825
	0.01977507251592993
	0.01974561659743112
	0.01971392994608894
	0.01967482888411026
	0.01961438740007429
	0.01953574477850981
	0.01943439687587502
	0.0193087745659325
	0.01915099873851713
	0.01895005554366758
	0.01870581161684964
	0.01842642658415769
	0.01813385010916316
	0.01783930766529265
	0.01755301906039563
	0.01726568884451127
	0.01697126011005166
	0.01666421477764858
	0.01635234936183612
	0.01604419948642532
	0.01575059792964278
	0.01547735167354274
	0.01523417125186641
	0.01501660083733251
	0.01482361902901199
	0.01464858593344672
	0.01449660863667776
	0.01439259913571463
	0.01434455012151021
	0.01435148610786353
	0.01441567989250797
	0.01453726432675608
	0.01471059180782922
	0.01493212015959646
	0.01520071003238881
	0.01551130820176651
	0.01586692218331365
	0.01624672444009443
	0.01662185064269311
	0.0169855172900673
	0.01734331964416319
	0.01769062468680501
	0.01802775412964704
	0.01835695364416748
	0.01866490817780969
	0.01892530089708787
	0.01910805477600503
	0.01921676865119827
	0.01927691204748241
	0.01929800209856345
	0.0193011816281755
	0.01930789049319328
	0.01931845833377564
	0.01932692449867932
	0.01933243211675943
	0.01933114441284946
	0.01931728210109769
	0.01928102302468852
	0.01922781345947964
	0.01915280728580754
	0.01905210620726487
	0.01892989839657984
	0.01878940864279944
	0.01863813462637794
	0.0184746922995579
	0.01828266457556209
	0.01805930951611832
	0.01780554420941577
	0.01752848638662362
	0.01724456997168518
	0.01697601040566195
	0.01673205422585408
	0.01651977142697456
	0.01633672468309579
	0.01618072134977804
	0.01605457266586526
	0.01596439132312904
	0.01591216154226339
	0.01590071743677651
	0.01592496130144286
	0.0159675592387394
	0.01600866405904547
	0.01604326052128736
	0.01606421507893262
	0.01607117995888306
	0.01607215513340594
	0.01607015482094122
	0.01606747739602642
	0.01606650907965923
	0.01606614993347025
	0.01606983647600147
	0.01607116245875585
	0.01607191581943391
	0.01607621234512721
	0.01610678424434145
	0.01617454405846991
	0.01627642903652807
	0.01641156910052963
	0.01656406271830499
	0.01671420110164176
	0.01684856650090419
	0.01695942455597628
	0.01703467533113372
	0.0170811098539632
	0.01710635651048216
	0.0171181207164434
	0.0171234651297957
	0.01712207235801669
	0.01710822154742026
	0.01708655477282326
	0.01705303942463205
	0.01700266224155998
	0.01694801423590364
	0.01690803015844466
	0.01688499343166857
	0.0168770735590768
	0.01686825562166859
	0.01684959779318842
	0.0168188090800691
	0.0167676121712257
	0.0166878319352876
	0.01657957137803433
	0.01644777215027532
	0.01627906974343041
	0.01607529911990806
	0.01583557980145727
	0.01556796133873854
	0.01529070537719205
	0.01501576676649344
	0.01475925488168981
	0.01452594847667691
	0.01431866781389697
	0.01413161214971732
	0.01397006376760307
	0.01383208112419874
	0.01370633583168636
	0.01358392032273716
	0.01345839463604955
	0.01333225942217926
	0.01320865166268487
	0.01309453816922742
	0.01299581295165191
	0.01292868376757469
	0.01288649320515117
	0.01287062770605651
	0.01288314679320473
	0.01291722275578528
	0.01296833177782933
	0.01303574294016376
	0.01311836687723587
	0.01321428985308432
	0.01331021852251507
	0.01340367026963037
	0.01348583674553938
	0.01354930034997079
	0.01359246427048391
	0.01361412654674393
	0.01361251057165679
	0.01359256720382194
	0.01355797886623464
	0.01351284412719882
	0.01345087865604646
	0.0133743072308091
	0.01329426014399294
	0.01321569561250022
	0.01314738959351705
	0.01309135587381479
	0.0130504829293302
	0.01302642993944047
	0.01301858898940743
	0.01302368213992197
	0.0130414928574185
	0.01306823836938664
	0.01309929464197398
	0.01313464563045823
	0.01317006852464976
	0.0132034124435751
	0.01323410203165098
	0.01326209711446672
	0.01329338693348884
	0.01333431546477607
	0.01338610444746297
	0.01344809749839495
	0.0135164519102543
	0.01358601438024182
	0.01365129992156562
	0.01370676718213699
	0.01375218380870446
	0.01378605200992962
	0.01380778138695759
	0.01381808841720947
	0.01381563016723952
	0.01379858665926554
	0.01375603458580649
	0.0136910133231918
	0.01361459216922904
	0.01353468053423099
	0.01345770884614143
	0.01339027500931665
	0.01334314172884987
	0.01332067823540449
	0.01332962344724587
	0.01337554289712936
	0.01346032847018985
	0.01358384707236606
	0.01374187577302497
	0.01393138701210869
	0.01414707717959435
	0.01438499221465872
	0.01463727890482374
	0.01489054479203728
	0.01513767072046192
	0.01536977832432903
	0.01559091019530028
	0.01580891210872962
	0.01602814668654729
	0.01625388338818958
	0.01648987006298636
	0.01673780544075898
	0.01699409868692783
	0.01725241135761885
	0.01750641908910494
	0.0177504770662414
	0.01797844749410569
	0.01817947456643939
	0.01834642200748282
	0.01848054895554421
	0.01857908890887959
	0.01863039125958386
	0.01863220798632848
	0.01859384802662695
	0.0185059072324345
	0.01837346739407352
	0.01820457458651316
	0.01799858289416702
	0.01776092523638663
	0.01750226857351059
	0.01724772268570162
	0.01700965771111343
	0.01679844074723826
	0.01662171362537039
	0.01648077565730168
	0.01637146723018292
	0.01628293170467381
	0.01620233919848237
	0.01613030124621675
	0.01607709306618309
	0.01605398845374726
	0.01606847948629244
	0.01612295964337367
	0.01622951362263532
	0.01638976989770478
	0.01659674381162998
	0.01684560633084008
	0.0171301318003593
	0.01743865721572061
	0.01776004871718191
	0.01808542281925524
	0.01839507173611681
	0.01868230170568737
	0.01893486495162978
	0.01915424802146206
	0.01934723961669737
	0.01950770487507223
	0.01962725364294819
	0.01969855875302245
	0.01972136162144333
	0.01970264467538938
	0.01965395378756786
	0.01959678523486684
	0.01955316704147498
	0.01953393075903486
	0.01955327022190239
	0.01961167461893848
	0.01970496403923822
	0.01981804919992003
	0.01993543567286712
	0.02004286980184099
	0.02011941327492806
	0.02016497371786849
	0.02018187299920009
	0.02017562945190135
	0.02014510285247776
	0.02008826548471974
	0.02001127056831331
	0.01991634513417086
	0.01980618174378364
	0.01968902886189113
	0.01955957856505175
	0.01942543479449485
	0.01930047254043147
	0.01918138252822943
	0.01907138168758666
	0.01896231191747369
	0.01884727168499004
	0.0187139004939193
	0.0185659657337888
	0.01839922574403263
	0.01820521389841904
	0.01797115419298892
	0.0177055966404047
	0.01741356959592076
	0.01710615840799007
	0.01679365281509711
	0.01648340783480659
	0.01618107088412316
	0.01589556035118117
	0.01563083146671001
	0.0153870445037556
	0.01517028677432142
	0.01497623886330685
	0.01479535736978967
	0.01462619027112118
	0.01447340776418844
	0.01434205580515513
	0.01423618622881018
	0.01415762009772418
	0.01410195722414341
	0.0140620951633328
	0.01402717794136341
	0.0139874959224883
	0.01392967786196237
	0.0138492569693031
	0.01374216549184064
	0.01360969095438482
	0.01345250202533469
	0.01327843100039714
	0.01310309721095539
	0.01293364408064246
	0.01278034251823664
	0.01264644942251041
	0.01253107988178082
	0.01243202157618284
	0.01234861354236444
	0.01227432733306872
	0.01219939691153333
	0.01211583243281578
	0.01203199318564538
	0.01194445279235746
	0.0118627786538396
	0.01179552798650056
	0.01173599937882738
	0.0116959774166396
	0.01166649339740633
	0.01163966602019024
	0.01162382049842887
	0.01161780392865705
	0.01162778135833373
	0.01163895342341891
	0.01164992821690088
	0.01165836238189436
	0.01166523635957388
	0.01167331587465715
	0.01168615095509223
	0.01170621213138389
	0.01172936140513591
	0.01175002871049538
	0.01176413954371483
	0.01177004461389128
	0.01176422556387042
	0.01174691524139387
	0.01172041323546795
	0.01169291833256077
	0.01166582269693248
	0.01164349274928786
	0.0116170086233672
	0.01159199879646118
	0.01157291739930677
	0.01155934397932615
	0.01155210529048293
	0.01155064468027216
	0.01155925178900642
	0.01157862397715438
	0.01160992083271593
	0.01165547422652524
	0.01171373550875266
	0.01177788694935837
	0.01184857885602025
	0.01192876469465567
	0.0120232262822587
	0.01213264381481379
	0.01225859919835539
	0.01239374688757528
	0.01253070660020173
	0.01266398558723882
	0.01279112730192635
	0.01291503364770107
	0.01303694839304296
	0.01315835247263286
	0.01328650986454852
	0.01342374087455179
	0.01357254451348873
	0.01373463277369486
	0.01390772190974913
	0.01409418779040708
	0.01429544650467696
	0.01451348541461512
	0.01474837990823028
	0.01500072047558305
	0.01526768916249213
	0.01554067870409298
	0.01581458031098908
	0.01607578367291202
	0.01629969498854815
	0.01646858177015927
	0.01657438419164508
	0.01661561127852247
	0.01659074125349138
	0.01649730558212035
	0.01634239915746176
	0.01613832458713947
	0.01590013044055217
	0.01565503871106401
	0.01543196025069093
	0.01524406562681515
	0.01509087025747173
	0.01497458253891681
	0.01490588084470798
	0.01488725967603513
	0.01492406899166766
	0.01501811657958172
	0.01516468255001719
	0.01535342223298499
	0.01557199362323129
	0.01580237834506754
	0.01602030947177605
	0.0161729441961092
	0.01607457026318105
	0.01589194555547352
	0.01572605755614066
	0.01561111398151443
	0.01554593822227131
	0.01553349537935172
	0.01557177504256546
	0.01564419617327341
	0.01570954775339871
	0.01565788738231823
	0.01544775271283643
	0.01522101881449152
	0.0150093971170958
	0.01482332588193779
	0.01466575996030173
	0.01453305675353123
	0.01442338128163637
	0.01433540592630344
	0.01427001045809128
	0.01422801789526431
	0.01421204243199114
	0.01422343527726481
	0.01426107966195069
	0.01431803100271365
	0.0143884249892665
	0.01447216874211452
	0.01455545499906292
	0.014629000575082
	0.01468314193174112
	0.01471240949778536
	0.0147163968610672
	0.0147001186587519
	0.01466852375065149
	0.01462832866558639
	0.01458335077399589
	0.01453844980516376
	0.01450618667617498
	0.0144912456468953
	0.01449243058352559
	0.01450689711039875
	0.0145316841252418
	0.01456119911811318
	0.01459577855738677
	0.01463755839285324
	0.01468823926040816
	0.01474950910366378
	0.01481784054981402
	0.01488799797493416
	0.01494903847339713
	0.01499427904521378
	0.01502018686302699
	0.01502225481757446
	0.01499333946058164
	0.01492822643263599
	0.01482793336864698
	0.01469850010011019
	0.01454244759632706
	0.01436172413763978
	0.014165829324906
	0.01396327068534781
	0.0137630422579615
	0.0135782632172388
	0.01341205892744728
	0.01326237305179274
	0.01312366015842409
	0.01299088470751547
	0.01286180568150945
	0.0127346041238027
	0.01261108865409675
	0.01249661551294754
	0.01239201916658724
	0.01230043586345435
	0.01222204335164916
	0.01216172718471146
	0.01212197598908937
	0.01210264056482095
	0.01209768453819557
	0.01210488964777046
	0.01211698701955727
	0.01212766028588171
	0.01213196889525033
	0.01212830062138706
	0.01211431325404194
	0.01208913427750153
	0.01205244375843686
	0.01200631399607046
	0.01195364681498199
	0.01189708620499191
	0.01183825922416046
	0.01178019263507471
	0.01172231281933309
	0.01166059849776024
	0.01159935648277336
	0.01154598057627316
	0.01151010782435611
	0.01150026994945121
	0.01151651882234092
	0.01155867048570068
	0.01162509472860602
	0.01171043864187142
	0.01181066730072037
	0.01192370704871411
	0.01204666580816663
	0.01217633762671928
	0.01230872992673024
	0.01244011655060074
	0.01256122703054299
	0.01266346705209369
	0.01273336767159063
	0.01276609958000401
	0.01276584054368832
	0.01273444492582137
	0.01267592621831114
	0.01259554288924396
	0.01249472510097758
	0.01237552129551514
	0.01224033943977934
	0.01209750138246896
	0.0119583558539458
	0.01182816491748084
	0.01171143554325755
	0.01160875891916417
	0.01152001488669894
	0.01144584361626613
	0.01138665983302801
	0.01133996170035917
	0.01130161132721774
	0.01126884124503501
	0.01123682541683856
	0.01120170699122155
	0.0111599146701763
	0.01110902035088035
	0.0110465081816907
	0.01097653874753342
	0.0109054344535708
	0.01084020348823913
	0.01078110964120414
	0.01073031704771357
	0.01068815683076674
	0.01065613396429733
	0.01063080262437422
	0.01060954003470846
	0.01059031119983888
	0.01057702466492195
	0.01057192144774687
	0.01057748212929591
	0.01059112204211141
	0.0106132855343499
	0.01064463230196603
	0.01068184284818813
	0.01072010056864997
	0.01075333320429731
	0.01077916528932365
	0.01079341111417118
	0.01078948233288892
	0.0107656546446547
	0.01072469741139843
	0.0106719886180949
	0.01060932048248478
	0.01053961118248205
	0.01046768038439576
	0.01039626530461724
	0.01032462935970021
	0.01025680187891826
	0.01019774081182667
	0.01015821287655352
	0.010146180919827
	0.01016502159611552
	0.01021281133677988
	0.01028419700479885
	0.01037396203338583
	0.01047674452890438
	0.01058983977568781
	0.01071550894546526
	0.01085715916394471
	0.01101289561116386
	0.01117860599958116
	0.01135127736615236
	0.01152741096556593
	0.01170461118895359
	0.01187832415467771
	0.01204340438572011
	0.01219024321422248
	0.01230554789502427
	0.01238663730947093
	0.01243835529563633
	0.01245791688159639
	0.01245239945818494
	0.01242745367317922
	0.01238834389884657
	0.01234080901356029
	0.01229350007878301
	0.01225798108319391
	0.01224371972083622
	0.01225079644421934
	0.01228300796980128
	0.01234402456586384
	0.01243599992860427
	0.01255593606803304
	0.01269823410776755
	0.01285773616376767
	0.01302886655039507
	0.01320619643198891
	0.01338120852326757
	0.01354228218686737
	0.01367891429471252
	0.01377764682426718
	0.01382472361968772
	0.01381501960969166
	0.01374765560754027
	0.01362945876442962
	0.01347470089839584
	0.01330072598965286
	0.01312059985069716
	0.01294571109781073
	0.01278554716455779
	0.01264021963892806
	0.01250654889823264
	0.01238569356284255
	0.01227739472694117
	0.01217720484696063
	0.01208586020095559
	0.0120120730972616
	0.01196069738241907
	0.01192977783696979
	0.01191022591823345
	0.01189179154207093
	0.01186536654543701
	0.01182695252522428
	0.01177587777921185
	0.01171406542633087
	0.01164548213347932
	0.01157059711035469
	0.01148732912774029
	0.01139192763899196
	0.01128547479856543
	0.01117036250529285
	0.01104800149307251
	0.01092089254094557
	0.01078816001859914
	0.01064834283733958
	0.01049965612932304
	0.01034527169830495
	0.01019078571534979
	0.01004301530409916
	0.009906786495083411
	0.009783590334812646
	0.00967392946151086
	0.00957810338918836
	0.00949021775941985
	0.009409491971183539
	0.009341571425368537
	0.009290120977764736
	0.009251884683237651
	0.009221663650411167
	0.00919813891178429
	0.009177190777634988
	0.009155407535939263
	0.009133262368072199
	0.009115417130719382
	0.009107911793731138
	0.00911469529598702
	0.009139792355364969
	0.009188566831463693
	0.009265264787373365
	0.009367846832912485
	0.009492789206073625
	0.009632042215711442
	0.009774732209299676
	0.009909409570380398
	0.01003085668963607
	0.01013238129868178
	0.01020441467319697
	0.01023721692773761
	0.01022481412175603
	0.01016708330381765
	0.0100633280799245
	0.009919187714237705
	0.009744553501225708
	0.009556890823145224
	0.009371099951465445
	0.0091982587206703
	0.009044674910888142
	0.00891347211700731
	0.008808479117253147
	0.008728672219174238
	0.008677278899678693
	0.00865376152832187
	0.008654731855945038
	0.008675264859774006
	0.008713705188432312
	0.008769875830102103
	0.008840391408596632
	0.00891916882387392
	0.008998850615301734
	0.009072839565234995
	0.009137477810964688
	0.009194016348718999
	0.009244320833947498
	0.00929533401967487
	0.009353926560504348
	0.009421746053562444
	0.009499137015422968
	0.009581981599774041
	0.009669971844684681
	0.009761431649805139
	0.009852168820337895
	0.009933359727907329
	0.009994102665955176
	0.01002526908986077
	0.0100254939122169
	0.01000422236944962
	0.009973680542231635
	0.009943388480943309
	0.009922254408880535
	0.009911189449855692
	0.009908446048698493
	0.009915247409175392
	0.009936090223710621
	0.009966991175449722
	0.01000617914875375
	0.0100454042558869
	0.01007718320307995
	0.01009418200142906
	0.01009504069915983
	0.01008330010878986
	0.01006171918576655
	0.01003512792026339
	0.01000787851689825
	0.009983571444554676
	0.009965230307865636
	0.009960094349984397
	0.009973687710104765
	0.01000592814608035
	0.01005197645513521
	0.01010502025533526
	0.01015646265971337
	0.01020219700253229
	0.01023695506642175
	0.01026292738712216
	0.01028166685241126
	0.01029503473754753
	0.01030661060103064
	0.01032200148827235
	0.01033969481185159
	0.01036052470309618
	0.01038865407021044
	0.01042961914500142
	0.01048508193447209
	0.01055289792617275
	0.01063201488045439
	0.01072143677657934
	0.01081819160631461
	0.01092086431842912
	0.01102697790062904
	0.01113399466858834
	0.01124239531300633
	0.01135408365427443
	0.01146938151641441
	0.01158662015273536
	0.01170056736541171
	0.01180993991824576
	0.0119150960279835
	0.01201134086615155
	0.0120936497355183
	0.01214552275537389
	0.01215054468659897
	0.01211345993115276
	0.01205085996286964
	0.0119780476932647
	0.01190002004729034
	0.01181913082109809
	0.01173812150849939
	0.01166205231863032
	0.01159622367784738
	0.01154772062221359
	0.01151849826098067
	0.01151365481939547
	0.01153756614391173
	0.0115880215797773
	0.01165733237069191
	0.01173416641530026
	0.01182027986181373
	0.01190955728674243
	0.01199661729325591
	0.01208126120693957
	0.01216431080868346
	0.01224412711449217
	0.01230838478929253
	0.01234988476325187
	0.01236420770001782
	0.01234462149339203
	0.01229533596648486
	0.01221892163945956
	0.01212046052625086
	0.01200955716333632
	0.01188928145668408
	0.01176615190562546
	0.01164396955451211
	0.01152746933234321
	0.01141774700444471
	0.01132080416738604
	0.0112383304657706
	0.01117471292100945
	0.01113343710617198
	0.01111608676202348
	0.01112567002883067
	0.01116458187928158
	0.01123471489948469
	0.01133668412471863
	0.01147062632451042
	0.01163240881777872
	0.01181854670459363
	0.01202425421472088
	0.01224590191140549
	0.01248096804534407
	0.01272566122151502
	0.01297323609022914
	0.0132126073138429
	0.01343999709565906
	0.01364532789084104
	0.0138280244251228
	0.01398864415535793
	0.01413020867091289
	0.01425801934962861
	0.01437986506386665
	0.0144990510189082
	0.01461588122531636
	0.0147291081181218
	0.0148073068439719
	0.01468677346101035
	0.01446328467493397
	0.01419819203075216
	0.01391492541170889
	0.01362311826678061
	0.0133321234065381
	0.01305632546987595
	0.01280891584860011
	0.01260091956043818
	0.01243778147252744
	0.01232204911557758
	0.01225383601756219
	0.01222742514191058
	0.01223887501836449
	0.01228773913601769
	0.01236827025319609
	0.01247515650249362
	0.01260334475810029
	0.01275417430109642
	0.01293558632463235
	0.01314728267807552
	0.01337969431215884
	0.01361298440113777
	0.01376865799922934
	0.01363508304042938
	0.01338375319520689
	0.01313387278285217
	0.01289883005683222
	0.01267900754781493
	0.01246954198394553
	0.01226660711838492
	0.01206786534753875
	0.01187608560880813
	0.0116854196415643
	0.01148655418572492
	0.01127731527384851
	0.01106179602504002
	0.01084934151638933
	0.01064568842268214
	0.01045558118547125
	0.0102837716366937
	0.01013043458998925
	0.009998204563300323
	0.009890957632411481
	0.009813729873021853
	0.009768307700394541
	0.00974823598175778
	0.009745672730568559
	0.00975777189353042
	0.009780060252502977
	0.009802332916521902
	0.009821289409085996
	0.009834160508004744
	0.009835942989203067
	0.009824777953618217
	0.009801566727392441
	0.009768914065966311
	0.009729281850365538
	0.009686822378496652
	0.009642824563566015
	0.009601743569079316
	0.009567647134637036
	0.009542010125511658
	0.009527913331010421
	0.009525152777665951
	0.009531008526802272
	0.009540608174228393
	0.009548181318729778
	0.00955223768047209
	0.009557776559969571
	0.009573249525177612
	0.009601571656703767
	0.009638444397676358
	0.009675377958290243
	0.009705787767234434
	0.009729285143673013
	0.009749634605794998
	0.00976600899808238
	0.009775981793741735
	0.00977906782707323
	0.009773584452428324
	0.009756557271301756
	0.009725626075954435
	0.009678073919992557
	0.009612634308824846
	0.00953223921584922
	0.009444120694985672
	0.009358218208170807
	0.009281578938546631
	0.009219212617302613
	0.009169068538709741
	0.009127740309478181
	0.009091894884871695
	0.009059856269031892
	0.009028963377547264
	0.009000464170938803
	0.008974471514306682
	0.008950862663341698
	0.008933055373344588
	0.008922811379199725
	0.008919503269620471
	0.008920015048491098
	0.008921417986948005
	0.008920010590924312
	0.008913078128681756
	0.008899194820004674
	0.008879325631947592
	0.008857517763261323
	0.00883718722838223
	0.008820867858162263
	0.008808548336267898
	0.008802004490696652
	0.008799569095978446
	0.008796730256397906
	0.008788958953088
	0.008776183385141413
	0.008759168931215098
	0.008734721110114901
	0.00869867578409834
	0.008652705777724954
	0.008602502455302521
	0.008550979331949902
	0.008503779616971189
	0.008463948816937765
	0.008434688017211273
	0.008417027144086171
	0.008411307136542902
	0.008417962539914434
	0.008438051856058048
	0.008473583545730069
	0.008522429872871329
	0.008580505305321607
	0.008643672917768973
	0.008710407736830079
	0.00878430572057156
	0.008867685058254448
	0.008958338891416806
	0.009047702303895629
	0.009128104633047352
	0.009193688500778049
	0.009240544361716271
	0.009263698156432484
	0.009259242703898085
	0.009230294442861853
	0.009185588354479274
	0.009133007240043754
	0.0090808040415561
	0.009036605700594622
	0.009000331235213471
	0.008970745807550334
	0.008946535886899167
	0.008928008075018212
	0.008913756006298857
	0.008901587336536653
	0.008889987031652561
	0.008880406426172743
	0.008871684239490715
	0.00886498595784169
	0.008860546034744727
	0.008858747911739812
	0.008860062660304917
	0.008866375670122767
	0.008876211883749796
	0.008887884905333678
	0.008898504692747666
	0.008902479737333468
	0.00889326451843149
	0.008867427036636386
	0.008823578007477155
	0.008763965579348795
	0.008692751421212383
	0.008618687444761337
	0.008549718070874825
	0.008491842786009948
	0.008447098380873468
	0.008413866952277992
	0.008392644852891656
	0.008387622451468993
	0.00840401430331362
	0.008441741011237184
	0.008496136801216438
	0.008566676292647296
	0.008653887725320015
	0.008758423677407446
	0.008880724976215693
	0.009017818489968056
	0.009161724004278966
	0.009298439211703174
	0.009411766567851004
	0.009490554177059882
	0.009531111989946052
	0.009534113847897738
	0.009501455580563626
	0.009434513234932808
	0.00933857073557812
	0.009228050642125526
	0.00911785826971848
	0.009021061302283305
	0.008948095586674917
	0.008906768179072233
	0.008902579846319002
	0.008937808831047615
	0.009012423259271155
	0.009118874191773691
	0.009246343737938841
	0.009383584593231537
	0.009524086175303542
	0.009663336295354864
	0.009795491846788304
	0.009913213693614321
	0.01001168861345879
	0.01008941151804782
	0.01014358132581925
	0.01016671314137283
	0.01015344599259142
	0.0101062203352789
	0.01003180332149179
	0.009937504959689336
	0.009833164156306569
	0.009733364062724043
	0.009647694350642505
	0.009581814175335667
	0.009541504222615222
	0.009536195388439866
	0.009570200422756294
	0.009642957403125114
	0.009750092366520517
	0.009887209312718925
	0.01004591532343683
	0.0102155259330883
	0.01038650388678004
	0.01055232096754313
	0.0107082356408453
	0.01085105067665269
	0.01097507125861201
	0.01107204491343327
	0.01113926846318542
	0.01117464162582972
	0.01118383706166966
	0.0111747705962924
	0.011156430236178
	0.01113724762355098
	0.01112400324792978
	0.01112017769526158
	0.0111221480768248
	0.01112755042472484
	0.01113409088132287
	0.01114260400850761
	0.01114880843520686
	0.01115600661476988
	0.01116855597770618
	0.01118709167323847
	0.01120922572513125
	0.01123226067515522
	0.01125202541073674
	0.01126418833342228
	0.01126501741399384
	0.01124864706757274
	0.01120434423043949
	0.01112356978689865
	0.01100961106986749
	0.01086688866282181
	0.01070106391353627
	0.01051911835259518
	0.01032155329255523
	0.01011637544739454
	0.009910051925044416
	0.00970810798185064
	0.009521894361205327
	0.009362457657825252
	0.009236039448005828
	0.009145600208655262
	0.009089479956198725
	0.009065686956047392
	0.009077746623800063
	0.00912835399669348
	0.009216205537870751
	0.009336261358306302
	0.009481009112989694
	0.009639266041065929
	0.009797481831450959
	0.009939685360870806
	0.01004907373210026
	0.01011528962539941
	0.01013411782334901
	0.01010934224852006
	0.01004909789387631
	0.009963045264211668
	0.009861865279289421
	0.009759011592068446
	0.009662707823515051
	0.009575681110282725
	0.009502009958820331
	0.00944644007383736
	0.009414932639085719
	0.009410660927119709
	0.009434866182503582
	0.009486995033065979
	0.009563657178882166
	0.009655806845734331
	0.009754344231180743
	0.009853084780079711
	0.00995028354107143
	0.01004419395497381
	0.01012812532712887
	0.01019600134775559
	0.01024850974240103
	0.01028247570424904
	0.01028767230666547
	0.01025518035433758
	0.01018640056909432
	0.01009079206265209
	0.009979203310181537
	0.009866146252008377
	0.009758290010060114
	0.009664599267982058
	0.009586470167884935
	0.009527336823816417
	0.009488096558354161
	0.009473300050731222
	0.009479355732974131
	0.009504371087809623
	0.00954944180442319
	0.009614783803070931
	0.009700703032461917
	0.009808632687101674
	0.009934900117167885
	0.01007441065968425
	0.01022122693572654
	0.01037115016109245
	0.01052118822153229
	0.01066717150795431
	0.01080467298507804
	0.01092420314843113
	0.01101634070244925
	0.01107682390187737
	0.01110181015810702
	0.01108581878454186
	0.01102369042403276
	0.01092210356421105
	0.01078410260680835
	0.01061757664906898
	0.01043042444866476
	0.0102318480385885
	0.01003177273426984
	0.009838216021829892
	0.009657855459775178
	0.009502940405708189
	0.00938413408003746
	0.009306479483842448
	0.009270290114590542
	0.009272901024203146
	0.009307799376009637
	0.009368708970179513
	0.009442553290904774
	0.009519532685982731
	0.009594436424079096
	0.00965828803226996
	0.00970019188870015
	0.009710258963788588
	0.009686425017794965
	0.009633896318092685
	0.009558223386152207
	0.009460827053415123
	0.009343025226877095
	0.009210967974524469
	0.00907443888350153
	0.008939547368758915
	0.008809807833806483
	0.008687021479213412
	0.008573220542235672
	0.00846915592826142
	0.008374424616262463
	0.008289546649147791
	0.008216765488740643
	0.008153459635965881
	0.008097421579628917
	0.008046607288832565
	0.007999509858759584
	0.007955362629691588
	0.007911026908546118
	0.007864451254158269
	0.007817432030182954
	0.007772279787041944
	0.007731402598724225
	0.007696268390614094
	0.007668224838286521
	0.007645532283706267
	0.00762569954402302
	0.007605559321927527
	0.007579800829993226
	0.007544280893348871
	0.00749961522035393
	0.007445127603516911
	0.007380473185061232
	0.007310049050586237
	0.007239861622823872
	0.00717331702554224
	0.007116466718648078
	0.007077463731907615
	0.007059469831031527
	0.007064110880953973
	0.007091320888503855
	0.007136845111129185
	0.007197532866633842
	0.007273667490847145
	0.007362129982529262
	0.00745706821506205
	0.007555088446303118
	0.007652084578200918
	0.007741523876792655
	0.007817240317833849
	0.007875425841740709
	0.007912811835494601
	0.007927586767283123
	0.007922024519000459
	0.007899081401538258
	0.007865888478605743
	0.007831326958634647
	0.007805266875472752
	0.007794981947262798
	0.007803951862017543
	0.007832813695190994
	0.007877651034863384
	0.007936729357458155
	0.008007976341115707
	0.008086704181784733
	0.008169714210125609
	0.008259648537956302
	0.008358781638499249
	0.008463295558484277
	0.008568703094765524
	0.008674264632385756
	0.008779295409704254
	0.00888621406419981
	0.008994956039564531
	0.00910171992759201
	0.009202584592793659
	0.009298628834630561
	0.009388280928092487
	0.009467607972361394
	0.009538077997785534
	0.009600259407724954
	0.00965144022380192
	0.009688921909298308
	0.009712785621115751
	0.009720766003863691
	0.009718375729217679
	0.009707094506921489
	0.00968630370411519
	0.009652084502256467
	0.009607734683508029
	0.009562198925714797
	0.009523090426133779
	0.009497961268128814
	0.009492180804464765
	0.009504662292799955
	0.009530887429907545
	0.009563474242650841
	0.009596486111606427
	0.009627052232859694
	0.009651560715589131
	0.009669964238218271
	0.009682091462077793
	0.009685318539385958
	0.009681930912050808
	0.009673320804843481
	0.009663040494753838
	0.009655600805159354
	0.009655289201642662
	0.00966470685433746
	0.009685593439012248
	0.00971587578196126
	0.009753667513172453
	0.009790543155042686
	0.00981745852717297
	0.009825522054063484
	0.009811621510258755
	0.009779798778748662
	0.009739233581771744
	0.009700145561176064
	0.009669670464122355
	0.00965101029809172
	0.009643073884372688
	0.009641944204504793
	0.009643526250745729
	0.009645590547793619
	0.009646064342625573
	0.009646265961623627
	0.009651622164782474
	0.009665947548921373
	0.009693844499298578
	0.009733960787347597
	0.009784647647007028
	0.009844851041453283
	0.009913622645380855
	0.009984552346387877
	0.01005252394511366
	0.01010954766665865
	0.0101432239860233
	0.01014256567836953
	0.01010164504957735
	0.01001733697003616
	0.009892736218685038
	0.009737499430059558
	0.009563401080196371
	0.009381904863928843
	0.009202164125653733
	0.009032583269520588
	0.008879392989762104
	0.008748504773988945
	0.008644041593816727
	0.00857010007891975
	0.008530565107586308
	0.008527904060261594
	0.00855734403947543
	0.008615845207468593
	0.00870084198292408
	0.008804627384176252
	0.008924823652823325
	0.009056927320020626
	0.009196622873891232
	0.009338348670272171
	0.009472812782562075
	0.009593503915060564
	0.009697110746194778
	0.009779823263695593
	0.00983808344279832
	0.009871863297169112
	0.009885105900932818
	0.009883188075435905
	0.009869442347058216
	0.00984349514790717
	0.00980997338297623
	0.00977971905583001
	0.009759046828159833
	0.009748843148111738
	0.009747767507012424
	0.009758363632025632
	0.00978350476024527
	0.009824841219963867
	0.00988698056284538
	0.009982115864021469
	0.01011286034202859
	0.01027922366484077
	0.01047240808361609
	0.01068052219839763
	0.01089408217070423
	0.01110211870552403
	0.011291920587764
	0.01145557486850524
	0.01158097135271181
	0.01166354949889395
	0.01169760061518064
	0.01168872641615494
	0.0116454672825603
	0.01157525745516462
	0.01148080413632103
	0.01136174969691077
	0.01122177010718004
	0.01107036463833035
	0.01091816711446116
	0.01077856104599019
	0.01066113433993302
	0.0105744440479042
	0.01052555166826316
	0.01051452190073366
	0.01053819878077766
	0.01059212906265408
	0.01067165752614618
	0.01076931950618347
	0.01087620014406695
	0.0109819170339931
	0.01108055829361975
	0.01116184084082025
	0.01121956701242133
	0.01124665525040752
	0.01123928249234425
	0.0112003532044824
	0.01113842093630197
	0.01106137910538878
	0.01097373711834347
	0.01088055261458895
	0.01078941733751718
	0.01070903143521394
	0.0106467883594701
	0.0106069474620902
	0.01059400426925666
	0.01060449254583518
	0.01063924490099947
	0.01069814476116822
	0.01078019950278333
	0.01088060065465837
	0.01099432924845516
	0.01111380696076828
	0.01123476819155683
	0.01135243339712452
	0.01146192038856389
	0.0115547056746472
	0.0116259095310608
	0.01167249000364954
	0.01169277702576861
	0.01168014487216834
	0.01162947221537229
	0.01154223864382013
	0.01142419755319092
	0.01128336077828532
	0.01113111471539038
	0.01097281506685337
	0.0108102287062884
	0.01064984942466133
	0.0105014496136657
	0.01037046190817323
	0.01025823133094226
	0.01017107012339751
	0.01010880747010698
	0.01006459412884629
	0.0100331690935342
	0.01000884946470548
	0.009985870425863307
	0.009960660600530497
	0.009925526270440278
	0.009874212367211433
	0.009803218143165721
	0.009711547712750084
	0.00960554016627873
	0.009489979195378572
	0.009366190272950679
	0.009239200589998201
	0.009117030775559847
	0.009006283353880743
	0.008914770446778462
	0.008849856693138012
	0.00881773181616227
	0.008820037998597475
	0.008855992653776942
	0.008918395225971982
	0.009002203660211209
	0.009102618002427919
	0.009212997900634245
	0.009329331282211892
	0.00944781345548357
	0.009562632642565089
	0.00966798194749873
	0.009763586279973752
	0.009844738892342034
	0.009911982815757066
	0.009970706029031624
	0.01002590523029037
	0.01008524439244369
	0.01015908750379531
	0.01025240962035386
	0.01036180922822454
	0.01048340448174402
	0.01060878209470494
	0.01073040712336485
	0.01083994987949045
	0.01093991788102114
	0.01103476284011415
	0.01113033976599819
	0.01123174451953317
	0.0113383504409596
	0.01144921854494667
	0.01156299768340893
	0.01167702975854952
	0.01178417068121359
	0.01187866751132836
	0.01196185141427067
	0.01203462520454308
	0.01208953989352327
	0.01212191393539085
	0.01213564464557251
	0.01213708302510633
	0.01212760669007295
	0.01210705692297429
	0.01207223985584471
	0.01201763198600161
	0.01194139822746535
	0.01184609465257803
	0.01173873700864538
	0.01162510279390092
	0.01151395483333871
	0.01141243265209348
	0.01133188825304411
	0.01128138741868917
	0.0112646976053985
	0.0112779918116715
	0.01131452073144384
	0.011368295687645
	0.01142366572042704
	0.0114614614608002
	0.01146225587954917
	0.01141903101660524
	0.01133233428606697
	0.01121161147947637
	0.01106720515350675
	0.01090574867502073
	0.01073020458466829
	0.01054718000844571
	0.01036026273700109
	0.010175915924105
	0.01000137345030679
	0.009842847532642569
	0.009701849355127934
	0.009580025851976251
	0.00947495287979306
	0.009383626964235302
	0.009307925436947168
	0.00924763354502255
	0.009199639871398244
	0.009159052473796316
	0.009122546506301088
	0.009085690469143624
	0.009045987863617894
	0.009007779757899452
	0.008967443579914944
	0.008922011276726902
	0.008873870080534491
	0.008825301019697314
	0.008779903368232119
	0.008742050412448793
	0.008712749430024969
	0.008690381706385275
	0.008671068536974084
	0.008649979417796399
	0.008623588855082751
	0.008585111881468722
	0.008530785428793815
	0.008460067977387247
	0.008374644815875028
	0.008277822743705969
	0.008175430256676915
	0.008071274047859256
	0.007968506162247901
	0.007870561300813176
	0.007778909840297016
	0.007695848771576365
	0.007625006786800864
	0.007566642462611663
	0.007519900161140893
	0.007487326999490943
	0.007470024559668369
	0.007467098346717303
	0.00747896225647138
	0.007501721888953963
	0.007534423898616517
	0.00757511360897613
	0.007618604945605851
	0.007658944670679942
	0.007689578071174331
	0.007706833250025362
	0.007707868945274312
	0.007691163875076549
	0.007654105143346187
	0.007595308498686517
	0.007518939203010352
	0.00743069664292007
	0.007338275102090158
	0.007249697851134279
	0.007173331105100737
	0.00711221369419992
	0.007067669707785572
	0.007037535379321322
	0.007020571689965435
	0.007015009951559847
	0.007022980806703763
	0.0070472028523544
	0.007089553098263529
	0.007146356968945158
	0.007214858228652291
	0.007291260771119679
	0.007373485189684779
	0.007458168790179208
	0.007545034749812923
	0.007635170160264769
	0.007730057608208081
	0.007831977852845071
	0.007944124084733811
	0.00806863137492528
	0.008206679787951176
	0.008357957717203147
	0.008517519626272967
	0.008676141956476471
	0.008823726472227175
	0.008951241628491181
	0.009046091665852064
	0.009096315634880794
	0.009098529397001091
	0.009058296683500545
	0.00899526691945058
	0.008926949126278569
	0.008863391822562773
	0.008811774517620549
	0.008778793055875214
	0.008772419974634958
	0.008796179137147874
	0.008850571283565379
	0.008936469386713415
	0.009052229828864338
	0.009197403885644957
	0.009366524721191583
	0.009549901119607559
	0.009736019676254953
	0.009912033754571647
	0.0100702589645727
	0.01020041899669477
	0.01029617396754116
	0.01035503249482468
	0.0103784198069745
	0.01036976718586894
	0.01033350842262177
	0.01027699504837701
	0.01021070805556333
	0.01014030665965589
	0.01006794358603243
	0.009993666053955656
	0.009919764446152245
	0.009846350654608467
	0.009772147046500883
	0.009695811784507508
	0.009616673730450165
	0.009533903525549272
	0.009450098397910096
	0.009372396080815368
	0.009306645988828513
	0.009257882548644127
	0.009227988986346646
	0.009219323111579433
	0.009235567935364114
	0.009278258112757235
	0.009349295860357583
	0.009450167571778726
	0.009577364388561551
	0.009723398495918047
	0.009878420272316602
	0.01003171930055258
	0.01016989750730698
	0.01027831199109625
	0.01034390735777073
	0.01036216310153666
	0.01033690333590186
	0.01027814087552797
	0.01019964385706143
	0.01010791953637601
	0.01000795221981138
	0.009904245216831649
	0.009802160359785617
	0.009702102675443112
	0.009598414603270086
	0.00949175505790502
	0.009390224406087444
	0.009298417348682293
	0.009216541749475466
	0.009146598577160445
	0.009089040698452691
	0.009035887755393383
	0.008991228515474724
	0.008956472203451355
	0.008929368310227198
	0.008908121442861525
	0.008890930297630772
	0.008881713346195102
	0.008883211785090763
	0.008892624945364587
	0.008906944306976246
	0.008922990121020706
	0.008939811355267358
	0.008953495742468112
	0.008962583962995287
	0.008965536213231482
	0.008959308298380568
	0.008945226898401869
	0.008922447969291482
	0.008889916039072635
	0.008847276298052946
	0.008796807875546115
	0.008738720886901745
	0.008674849370625437
	0.008609423660177832
	0.008547998037411741
	0.008489840688066616
	0.00843379563283995
	0.008376768399984396
	0.008314974002219587
	0.008247644189574601
	0.008176191144079062
	0.008104311961950841
	0.008034682696983205
	0.00796672596270492
	0.007899945502976626
	0.007835406073523492
	0.007776070510651746
	0.007726320652123028
	0.007688976675527357
	0.007665212253607658
	0.007653642364540972
	0.007655855690813412
	0.007671185698144858
	0.007693739836890511
	0.007720307125736394
	0.007746745057845598
	0.007768286691863312
	0.007778893472117507
	0.007776072173556053
	0.007761980135424971
	0.00773970339238182
	0.007712179097495888
	0.007682716596362897
	0.007653092275026438
	0.007627797911557608
	0.007612697739374205
	0.007612726785160212
	0.007632118698902846
	0.007672783904848177
	0.007736150476639361
	0.007818862212221502
	0.007915300502398238
	0.008022694261981243
	0.008139637827498341
	0.00826285368738656
	0.008388788993620132
	0.008510473296861214
	0.008620524209867983
	0.008713735966582524
	0.008789627659436004
	0.008850995029712132
	0.00889944386878011
	0.008933378041456708
	0.008955039967466855
	0.008971856935995172
	0.008983826462018205
	0.008990993988869409
	0.00899323624439928
	0.008991751662622924
	0.008990123235652995
	0.008988074278154042
	0.00898622905969286
	0.008984404217615653
	0.008981442328712544
	0.00897612094068698
	0.008968901969020735
	0.00896203349026823
	0.008957186102617729
	0.008950717061355695
	0.008940754947913175
	0.008923991098729236
	0.008894722702813143
	0.008850799841924132
	0.008796042462104777
	0.008733889726937177
	0.008669228316534813
	0.008610364763083619
	0.008564830218772957
	0.008535023188934164
	0.008520769391487368
	0.008518426927210703
	0.008522605365877328
	0.008530795221507508
	0.008539651825427808
	0.008546253518264045
	0.008550048642723638
	0.008554610265238577
	0.008564360704686342
	0.008586250959965337
	0.008623233674043461
	0.008676173194740077
	0.008743033409809456
	0.008817014964806576
	0.008892382992079683
	0.008963618698405852
	0.009026575043044237
	0.00907789996148425
	0.009115815444404944
	0.009142090205022603
	0.009159876260848779
	0.009176357883265001
	0.00919657000677496
	0.009224346273514641
	0.009260680544372502
	0.009305927923072464
	0.009363838782088345
	0.009435996605746422
	0.009527132611333937
	0.009638878916572158
	0.009766945848231078
	0.009909113402772854
	0.01006225330484105
	0.01021917749003562
	0.01037396491296791
	0.01051890662232101
	0.01064716950569454
	0.01075017969188959
	0.01082348332979011
	0.0108655380223919
	0.01087792830362583
	0.01086390307065074
	0.01082404383007719
	0.01076290096209465
	0.01069265490604425
	0.01062557179107071
	0.0105702126172555
	0.01053196822727123
	0.01051482942821625
	0.01052104940895404
	0.01055555448239689
	0.01061927337607417
	0.01071203722056463
	0.01083014666840934
	0.01096378682497258
	0.01110069705630846
	0.01123099974907655
	0.011347110431247
	0.01144367579070768
	0.0115131854530397
	0.0115480901083178
	0.0115409252456538
	0.01148827058790527
	0.0113951856394994
	0.01127002807479142
	0.01112724787230534
	0.01098435896681008
	0.01085500092335815
	0.01074728021374716
	0.01066433469873699
	0.01060951892453075
	0.01058645831548774
	0.01059088070019035
	0.01061907059673248
	0.01066275254914865
	0.01071408851236389
	0.01076660824571584
	0.01081630875642954
	0.01086020381192623
	0.01089439346071962
	0.01091283118640463
	0.01091324869457205
	0.01089750888664035
	0.01086570230172763
	0.01081790576561386
	0.01075554441051517
	0.01068330031437542
	0.01060324331661577
	0.01051869798256691
	0.0104298489737296
	0.01033741973212238
	0.01024004748251766
	0.01013349384616926
	0.01001529489113736
	0.009884646986660212
	0.009747140763127611
	0.009613002525402446
	0.009489371255754787
	0.009380689231895238
	0.009290391205914449
	0.009216624717769694
	0.009155001787740782
	0.009104572497413499
	0.009068444720997659
	0.009046523446239499
	0.009033429025412282
	0.009020080721816879
	0.009000632588176032
	0.008971338435846842
	0.008931431786369057
	0.008885031636420444
	0.008840191804940705
	0.008807432486646612
	0.00879544693800337
	0.008807468252488638
	0.008844807781155119
	0.00890377608590512
	0.008975151368977688
	0.009046698664304822
	0.009108108579368508
	0.009150075726325905
	0.009169075756416272
	0.009165722423505407
	0.009135516746768289
	0.009082048777201843
	0.009008496370204903
	0.008919825628899446
	0.008828602827249827
	0.008744657446140053
	0.008672157081022924
	0.008612760616275358
	0.008568378252965213
	0.008544603647142116
	0.008545617416307636
	0.00857309693240023
	0.008623651014267548
	0.008691345112386386
	0.008771940872437553
	0.008865373896091102
	0.008971501754456579
	0.009088601715542571
	0.009213117519740003
	0.009336678811897418
	0.009447385198726281
	0.009536219328451492
	0.009602428016361438
	0.009645714880869259
	0.009672511947272725
	0.009689146627297416
	0.009698010929593884
	0.009698681053498706
	0.009689529659996006
	0.009670460176988202
	0.009648540555688728
	0.009629619065760625
	0.009609936468548907
	0.009587108720682221
	0.009565326384585593
	0.009547613858966072
	0.009534570313925428
	0.009532457539258635
	0.009543409487934669
	0.009565671825093498
	0.009598524528546664
	0.009642578303050564
	0.009697455577962774
	0.009761568079114775
	0.009832662888474857
	0.00990487531322937
	0.009964318233468696
	0.009998632998908956
	0.010003196155023
	0.009979859112018383
	0.009931406877506868
	0.009863142618633868
	0.009777467185666064
	0.009681544216438251
	0.009581868457733431
	0.009482634163328261
	0.00938992597624539
	0.009309118949798589
	0.009243278491957998
	0.009191157021014437
	0.009152293483955394
	0.009124233707383429
	0.009104138751216755
	0.009094016905898904
	0.009098689575187179
	0.009119593486224938
	0.009153250412545859
	0.009197373102115035
	0.009250473070564853
	0.009305632303377059
	0.009355705288250518
	0.009392844096909493
	0.00940883564102416
	0.009398190104133876
	0.009361781932631605
	0.009305157321025027
	0.009237057442375761
	0.009168058155469208
	0.009110941734327707
	0.009071537388309061
	0.009050275341188055
	0.009044469856729924
	0.009051494998254271
	0.009071043362473639
	0.009101579579593381
	0.009142421154586602
	0.009193555217872684
	0.009253292768922164
	0.009318035631850709
	0.009384273816178648
	0.00945065652460896
	0.009523758244690445
	0.009610109018373914
	0.009712255807735231
	0.009833726521258395
	0.009971409738225674
	0.01011468985434976
	0.01024816990864825
	0.01036221776601856
	0.01044880353813631
	0.01050689946845831
	0.01053337938182032
	0.01052606502850986
	0.01048369237599548
	0.01040677618491023
	0.01029953351919068
	0.01017390242461476
	0.01004177210287685
	0.009911967540116376
	0.009790467860272708
	0.009682980903377183
	0.009593203925977034
	0.009522893543834279
	0.009470782824723661
	0.009438632011764496
	0.00942582545327332
	0.009426066492370907
	0.009434135233583539
	0.009445682583895439
	0.009455804448164023
	0.00946150719886454
	0.009457098125790951
	0.00943661212730333
	0.009395024571451499
	0.009338709801320124
	0.009273066313524847
	0.009204376247523261
	0.009135164886005015
	0.009068133610161486
	0.009007755567451469
	0.008956777658076986
	0.008914988281768102
	0.008879890479410533
	0.008844884926179256
	0.008809511655344274
	0.008777439698325465
	0.008752017709016364
	0.008732877947635147
	0.008721095561684008
	0.008716821695042905
	0.008718387185716629
	0.008728679680954541
	0.008747702081081048
	0.008776440623532824
	0.008815388435478492
	0.008858088084007452
	0.008897725303040508
	0.008929078419130114
	0.008947854451114779
	0.008953683919726537
	0.008951496432696042
	0.00894264512901154
	0.008927114230202527
	0.008905182000599201
	0.008873830619012124
	0.008835140361080761
	0.008790789636414624
	0.008742590352796908
	0.008694464723765135
	0.00864722314127807
	0.008606657036756239
	0.008574442380192789
	0.008551495246503974
	0.008538713071488962
	0.008536417741064667
	0.00854582932320086
	0.008565653546379479
	0.008596123354175249
	0.008631670795077673
	0.008667596779386638
	0.008701028327390356
	0.008731080237724041
	0.008756481544871009
	0.00877538130708275
	0.008784675980992416
	0.008782590463945096
	0.008771002884436321
	0.008750759374855139
	0.008723851516298542
	0.008691679350251535
	0.008657737663028135
	0.008622773986646971
	0.008586501774338074
	0.008553435684158065
	0.008531404317659474
	0.008524138036493484
	0.008535824800156362
	0.008572925301205398
	0.008636548770764581
	0.008729006134223361
	0.008850495655315545
	0.009000385840187542
	0.009177810286229875
	0.009380385012747636
	0.009607453764013205
	0.009856056266221904
	0.01012090505901616
	0.01039307416859409
	0.0106584724039056
	0.01089974958854004
	0.01109991999071051
	0.01124397281327971
	0.01132338925789187
	0.01133165925319769
	0.01126908122717978
	0.01114401977976391
	0.01096827562243406
	0.01075889991414346
	0.01054174957504981
	0.010332657838017
	0.01013407028394175
	0.009949911783690658
	0.009790977748122365
	0.009664336110367317
	0.009571987425123935
	0.009518997738453702
	0.009508277659507167
	0.009543012316401828
	0.009620349107476145
	0.00973207865198175
	0.00986861143621294
	0.01001860413352424
	0.01016848868639472
	0.01030673033781414
	0.01042270442986587
	0.01050630932574712
	0.01055511138163408
	0.01057857151158715
	0.01058940327005406
	0.0105981233049848
	0.01061205475542112
	0.01063619598910475
	0.01067451411501095
	0.01072490544265681
	0.01078509942288268
	0.01085107259789988
	0.01092012893863189
	0.01098951268515308
	0.01105104257468656
	0.01109712656835682
	0.01112253444383418
	0.0111269768407585
	0.0111158469754245
	0.01109254967504427
	0.01106039319678502
	0.01102413019606102
	0.01098682818777916
	0.01095213965976982
	0.01091567061076232
	0.01087810672643281
	0.01083731930468679
	0.01078896971000943
	0.01072914896221117
	0.01065136080334176
	0.01055266614223574
	0.01043500624939868
	0.01030378360164383
	0.01016233740402007
	0.01001367615073136
	0.009862873544523407
	0.009718027368473769
	0.009587890961670519
	0.009479515225432651
	0.009401028878655118
	0.009354897639967698
	0.009343259771035391
	0.009363688115209989
	0.009415740317415719
	0.009496098030834803
	0.009598840433391792
	0.009719159018903334
	0.009852614558409068
	0.009992478844686211
	0.01013344884138328
	0.01026972149295007
	0.01039188758904081
	0.0104899053482769
	0.01055555090675874
	0.01058365694375095
	0.01057451911911406
	0.01052665715763972
	0.01044547092953559
	0.01033588953708575
	0.0102082723388988
	0.01006865179612748
	0.009923111459902377
	0.009779851448584512
	0.00964608991043836
	0.009522260287102848
	0.009408473977137391
	0.009304958276069192
	0.00921724868467607
	0.009146070014146825
	0.009093882727251368
	0.00906199639052787
	0.009048249506596148
	0.009046764365256029
	0.009051563337702143
	0.009058106839716857
	0.009061293195176182
	0.009058089300466421
	0.009048663787652317
	0.009031636305486224
	0.009004013063671623
	0.008961557389954265
	0.008899632095479625
	0.008816267062086342
	0.008713063619278401
	0.008597146131981055
	0.008475578926531026
	0.008353289276798022
	0.008235868186848006
	0.008127912739666955
	0.008034712742981754
	0.00795911680915466
	0.007903869571260718
	0.007872399245015005
	0.007866473240795632
	0.007883219434589637
	0.007918958874644066
	0.00797013386522164
	0.008030797139804037
	0.008098605257182846
	0.008166639976037922
	0.008227042574968401
	0.008276677826259573
	0.008310668808193689
	0.008324499817648585
	0.008316404503733813
	0.008292449616926071
	0.008257046698157883
	0.008212549669700425
	0.008161685701070389
	0.008107017692390686
	0.008053087219564568
	0.008005998460471125
	0.007967334119686739
	0.007932056227479771
	0.00789450788193605
	0.007852144758049856
	0.007805318482577652
	0.007751345093946398
	0.007688846184787054
	0.007620353868061297
	0.007548178488237939
	0.007475123802102928
	0.007404473973254062
	0.007341137804864139
	0.007291594173101136
	0.007256105963209525
	0.007232395605109842
	0.007219251350340791
	0.007218084617252872
	0.007224819260045187
	0.007236584807569513
	0.007249587306970119
	0.007258278917479223
	0.007257140191609143
	0.007246536928282899
	0.007225859756796294
	0.007198582104519778
	0.007170205635769177
	0.007143282058399623
	0.007119598460795661
	0.007100146816269355
	0.007085647944668053
	0.007075603892446836
	0.007069532703930913
	0.007064458181229273
	0.007058328306763056
	0.007051234374753239
	0.007040602082538408
	0.007027180888237174
	0.007011571633345022
	0.006996110069861136
	0.006982822463847436
	0.006975598377375189
	0.006980871429794754
	0.007002097111224152
	0.007039177014887934
	0.007087054378590692
	0.007139950095468422
	0.007193499107084778
	0.007246313231511357
	0.007297712387601999
	0.007345656272530682
	0.007389747531169057
	0.007430778448757803
	0.007470630644392059
	0.007510939623721578
	0.007552203092662683
	0.007589121633972536
	0.007615876071683996
	0.007627262453501501
	0.007620395880173191
	0.007596270485026113
	0.007559992120927395
	0.007517364951280066
	0.007475894113398425
	0.007441616049879599
	0.007418837530162065
	0.007411303733408499
	0.007423254790608652
	0.007452307227682023
	0.007495363187611456
	0.007548581690943756
	0.007608155709548639
	0.007670315767747789
	0.007732477297544657
	0.007792096103475851
	0.007849667107291536
	0.007908003802201519
	0.007968217769147204
	0.008031269054836369
	0.00809716577671348
	0.008164203459210108
	0.008232953741829259
	0.008300074263974229
	0.008360219865678286
	0.008407360719254889
	0.008437799385701938
	0.008449396480703789
	0.008441760427050863
	0.008416793874566519
	0.008380305148314171
	0.008337501418031589
	0.00829599734576467
	0.008262387439575932
	0.00823640857343947
	0.008215706977172884
	0.008198936733261298
	0.00818784623737903
	0.008187637318199234
	0.00820060736264135
	0.008223964108973157
	0.008253532937371027
	0.008279921238938693
	0.008294338947658702
	0.008293874859390813
	0.008278589671994749
	0.008248665954506993
	0.008206792697289977
	0.0081592263010959
	0.008111128147468985
	0.008064846174268725
	0.008023626509490307
	0.007991149399202688
	0.007969028073251562
	0.007956020069237985
	0.007951814980983919
	0.007954815083737243
	0.007962517436539385
	0.007976479052829773
	0.008000651636454323
	0.008038537300830347
	0.008091947878902613
	0.008160315980788292
	0.008244103421802838
	0.008339925558003192
	0.008441911799870893
	0.00854411115591637
	0.008645707667650115
	0.008743527429119635
	0.008836272254661515
	0.008921280646208321
	0.008994534236922494
	0.009061306025975397
	0.009128650596128659
	0.009198619317316605
	0.009268379139665875
	0.009335190416018511
	0.00939941585114408
	0.009462469889808027
	0.009527262410546694
	0.009603117962366564
	0.00969455024735922
	0.009798350248884521
	0.00991291756484231
	0.01003675602306489
	0.01016792146042698
	0.01030612772187554
	0.01045242301436442
	0.01060706946732044
	0.01076748068170125
	0.01092596974201728
	0.01106978413677461
	0.01118655243973518
	0.01127038153837786
	0.01133071529810807
	0.0113810282221068
	0.01142856415295359
	0.01147370638970135
	0.01150578336726263
	0.0115207859575949
	0.01151282337510636
	0.01148109384483285
	0.01143342954317654
	0.01137397183474844
	0.0113052836320953
	0.01123029629504225
	0.01114974840114886
	0.011062648742504
	0.0109682233302805
	0.01086720630747727
	0.01075977006194169
	0.01064956664647205
	0.01054581203610355
	0.01045303074780324
	0.01037518184381081
	0.01031496075954247
