	0.02440210483917384
	0.01304841866457686
	0.007262876702540649
	0.004404150458051458
	0.003198211373562404
	0.002707691674464372
	0.002420021436734236
	0.002082204194644896
	0.001757161534713483
	0.001536805128804615
	0.001409549361019948
	0.001294645539190249
	0.001190342262975433
	0.001109636139386931
	0.001050388314957231
	0.001006472053522177
	0.0009749068856912368
	0.0009539042714710327
	0.0009446197999859013
	0.0009330197732942713
	0.0009241648214610448
	0.0009148568343297389
	0.0009075716497747471
	0.0009040831676570773
	0.0009061473564075079
	0.0009127528779616816
	0.0009193587989946618
	0.0009218558873425427
	0.0009218362337564622
	0.0009205185473425327
	0.0009169487951670202
	0.0009109596431685125
	0.0009053059195267513
	0.0009002135339039226
	0.0008958301513902103
	0.0008935318805372127
	0.0008935393998853327
	0.0008948303311620724
	0.0008962898481903105
	0.0008964560008455713
	0.0008966121262142941
	0.0008974714314259818
	0.0009006617541763669
	0.0009052025580913359
	0.0009100466207694577
	0.0009141100957841931
	0.0009159938403187128
	0.0009145479635179735
	0.000911881549853677
	0.0009131627790192515
	0.0009211166295292554
	0.0009388845713907673
	0.0009685967519908569
	0.001010520556019432
	0.001064249692319363
	0.001126064754535024
	0.001193079533736002
	0.001259580887150025
	0.001317276724354846
	0.001365580135631054
	0.001404457930199851
	0.001434247920337318
	0.001458373783192633
	0.001478310563171448
	0.001494142864440557
	0.001506342189211814
	0.001517680794681671
	0.001528634607011943
	0.001539111574664957
	0.001552012549930085
	0.001568573429653822
	0.001588445032499896
	0.001611081150079735
	0.001638856079944936
	0.001670498239665432
	0.001702436480067248
	0.001731895153228483
	0.001758273758290076
	0.00178150163148439
	0.001804146971137121
	0.001824868834047082
	0.00184619962796903
	0.00187380119383329
	0.001910415541801312
	0.001947369389294567
	0.001978139016012564
	0.001999759602692947
	0.002014252962095656
	0.00202516561745144
	0.002032599198069399
	0.002035107913340203
	0.0020325066400389
	0.00202640505727199
	0.002019351697235837
	0.00201109612812965
	0.002001875151696343
	0.00199075000646226
	0.001980010779715368
	0.001971772044696691
	0.001967635113983463
	0.001969517101726247
	0.001975343662099178
	0.001982520212422847
	0.001988039064043083
	0.001986933769870095
	0.001978066409250469
	0.001963517348520152
	0.001947643885785446
	0.001930077161806048
	0.001914430695204859
	0.001904667025141724
	0.001895200079977005
	0.001882975846362373
	0.001869411160095679
	0.001857500171831918
	0.001845566786916067
	0.00183517423773839
	0.001827161311918769
	0.001822231546432756
	0.001817317642137232
	0.001810529119301981
	0.001802107062346225
	0.001789479875952341
	0.001769974652697243
	0.001744702524954281
	0.001716046192767579
	0.001687553282815616
	0.001662501713462443
	0.001643028460800251
	0.001628746666317742
	0.001618546110068147
	0.001610878414391338
	0.001602566907279788
	0.001590550569007126
	0.001574597283559044
	0.001558056307372324
	0.001545076308732415
	0.001536971480932987
	0.001532315920846402
	0.001528475243181082
	0.001523813264335124
	0.001518028215509848
	0.001510893947774281
	0.001503706828956565
	0.001495879240646926
	0.001487796437390852
	0.001478766633057628
	0.00146868024973748
	0.001457363141301083
	0.001444240635176628
	0.001429875722260739
	0.001414046372644308
	0.00139667836747365
	0.001378378191250088
	0.001359990776237901
	0.001341613770270132
	0.00132217286592632
	0.001300849629712644
	0.001278141494813574
	0.00125286532357889
	0.001225478068736772
	0.001196519103341433
	0.001167436498969663
	0.001141303385891186
	0.001117976146209242
	0.001097149805993209
	0.001078878462849652
	0.001062747968228642
	0.001047718782673223
	0.001035021614467947
	0.001026526792426224
	0.001022627371790316
	0.001023237741653079
	0.001028532610651018
	0.001038826125933701
	0.001054443495959687
	0.001074134578021887
	0.001096493952601182
	0.001122110153176735
	0.001149774088121972
	0.001177282039734375
	0.001202886536193428
	0.001226699948900299
	0.00124840256330621
	0.001268462972829789
	0.001287771500514666
	0.001306567140158651
	0.001324080036122947
	0.001338673203499338
	0.001348938425844234
	0.00135551172292008
	0.001360748014578499
	0.001363668329969162
	0.001364732725283543
	0.001365225486090634
	0.001365271919150849
	0.001365313623591783
	0.00136510500434188
	0.001365094652699481
	0.001365780735268435
	0.001366537383153489
	0.001366053295014729
	0.001362959066667445
	0.001356735486613816
	0.001347325102636297
	0.001335419990777001
	0.001320922528667622
	0.001305419414688183
	0.001289005459220599
	0.001271777646304825
	0.00125410663818754
	0.001235766911871967
	0.001217970957208853
	0.001201630771823276
	0.001187509785494163
	0.001175385605606314
	0.001164967167035351
	0.001155777629514944
	0.00114796869878535
	0.001142462837465616
	0.001140074670875529
	0.00114140758878245
	0.001146948279719341
	0.001155125646063671
	0.001163561246709159
	0.001170755739651236
	0.001176264357688091
	0.00117973172321938
	0.001181904447993191
	0.001183546024855674
	0.001184406511997282
	0.00118555655313498
	0.001186449709580985
	0.001187110105873004
	0.001188248049180969
	0.001190548514694053
	0.001195193632518969
	0.001203336307831952
	0.001215388651277999
	0.001230643644049357
	0.001248609871338554
	0.001267720399102286
	0.001285445508729678
	0.001299938292484956
	0.001309368866656292
	0.001313361502829174
	0.001314581617189482
	0.001315164830919979
	0.001315183157746685
	0.001314407291946058
	0.001313665770134546
	0.001312177373241437
	0.001310059672071564
	0.001307346017697524
	0.001302340420390281
	0.001295300447262087
	0.001289282520116121
	0.001285574791756103
	0.001284427446507143
	0.00128499843842212
	0.0012861726893198
	0.001287085252327419
	0.001286340545961545
	0.001283038343123055
	0.001277123457571084
	0.00126892933014318
	0.001257065032855055
	0.001240913780997414
	0.00121953221928752
	0.001194625000539111
	0.001167657568368545
	0.001140730786539148
	0.001114878377343525
	0.001091870275531464
	0.001071498349920863
	0.001052997846983075
	0.001036819730866634
	0.001022792486477966
	0.001010403451199592
	0.0009993624864051791
	0.0009891444587111478
	0.0009789448776885688
	0.0009682559282306538
	0.000957884854632258
	0.0009478972475545231
	0.0009391727954019199
	0.0009323089597587903
	0.0009272088383324613
	0.0009236048108925286
	0.0009213377925137219
	0.0009203035618026629
	0.0009204446040406234
	0.000922261413283187
	0.0009260390649938814
	0.0009310587437176692
	0.000936558177281319
	0.0009425866240079537
	0.0009487315154144331
	0.0009542765228907613
	0.0009586877385314793
	0.0009621103188943756
	0.0009646265408295606
	0.0009654465214405151
	0.0009643005720520729
	0.0009609969712466723
	0.0009558263452796843
	0.0009507826969049015
	0.0009464486295279761
	0.000943855196014621
	0.0009432570210827069
	0.000943869258803368
	0.0009448457939451927
	0.0009458214224113645
	0.0009467167306227321
	0.0009473614215822926
	0.000948180961279561
	0.0009497566295371868
	0.0009523189347717548
	0.0009555022926845246
	0.000959076981507243
	0.0009625559079883346
	0.0009655604125329253
	0.0009681143858619077
	0.0009699608406075113
	0.0009704907925864558
	0.0009697614466162519
	0.0009683803967785018
	0.0009669919402575835
	0.0009658264483100994
	0.0009650281383282006
	0.0009646029510196655
	0.000964658259138621
	0.000965608040247654
	0.0009666779945796216
	0.0009671321704094723
	0.0009670104269859506
	0.0009655806393651656
	0.0009633299763649745
	0.0009608680421525709
	0.0009586588220996588
	0.0009569691872064196
	0.0009562307158182126
	0.0009569965490850046
	0.0009604390842251993
	0.0009667471437789115
	0.0009759650164399552
	0.0009874442657620197
	0.001000484143072725
	0.001014756966091525
	0.001030108392495839
	0.001046141126801144
	0.001062627845850663
	0.001079243150077384
	0.00109596625253392
	0.001112966010752543
	0.001129870254986391
	0.001147221868808349
	0.001165155314389738
	0.001182940494268064
	0.001200586863266568
	0.00121829717790741
	0.001236811059896043
	0.001256761610311934
	0.001277994521511108
	0.001299510007115393
	0.001319768715487011
	0.001338481156207901
	0.001355356659981249
	0.001370154561216393
	0.001383231176482161
	0.001393971111604826
	0.001401916781812142
	0.001405917184206582
	0.001405632262911715
	0.001400295829928333
	0.001390978999356205
	0.001378208148006705
	0.001362381142498622
	0.001343527303442857
	0.001322593730591937
	0.001300931046831367
	0.001279503307556654
	0.00125880393498593
	0.001240128700363254
	0.001224344388228837
	0.001211316104999043
	0.001200226024925109
	0.00119049337790325
	0.001181930318127823
	0.001175688730796964
	0.001173124644646698
	0.0011746243341171
	0.001179875129018538
	0.001189655732170894
	0.00120368685027449
	0.001220430185359059
	0.001239115394302127
	0.001259650485486195
	0.001281450894483422
	0.001303730600364189
	0.001325848645261835
	0.001347329291835348
	0.001368319200208243
	0.001389023690117041
	0.001408587923876871
	0.001425300919087664
	0.001436558855194536
	0.001440852703818515
	0.001438393564970208
	0.00143128159991942
	0.001422197860916751
	0.001413134881534595
	0.001404910612766839
	0.001398607566024464
	0.001395280719807065
	0.001396450277159874
	0.001401740068447158
	0.001410493960040575
	0.001421617486837405
	0.001432183126762857
	0.0014404872738983
	0.001445433619413352
	0.001448031422493783
	0.001449029133400152
	0.001448980418473162
	0.001448341614141838
	0.001446043683089718
	0.001442400899897389
	0.001437077412543593
	0.001430576045424587
	0.001423931535951943
	0.001417673762851677
	0.001412949483624734
	0.001410153649040724
	0.001407503748756304
	0.001404628114658125
	0.001401148517513178
	0.001397441927113716
	0.001392989880234839
	0.001388000666267654
	0.001382267419630676
	0.001374305005213854
	0.001362992582870599
	0.00134887596751263
	0.001332516271145226
	0.001314558464340301
	0.001294726015559047
	0.001273330609424853
	0.001251584904954261
	0.001230836976939755
	0.001210585448794449
	0.001190691025835674
	0.001171944203298066
	0.001154155358882667
	0.001137116220691636
	0.001120567893940976
	0.001104465318142358
	0.001089369240011106
	0.001076164675252159
	0.001065349033742815
	0.001057336510438637
	0.001051245977799565
	0.001045923958462557
	0.001040434428733556
	0.001033582615586764
	0.001025068621395152
	0.001014430870386828
	0.001001780263948755
	0.0009877465039313535
	0.000972741397079484
	0.00095763203506953
	0.0009436340276520747
	0.000931641519325523
	0.0009213521762995245
	0.0009118962661831184
	0.0009022897795935991
	0.0008929219859499286
	0.000883779573897113
	0.0008755140448716451
	0.0008678101190798889
	0.0008608926013618579
	0.0008546313256133549
	0.0008496671312139905
	0.0008460731098404451
	0.0008439541725210624
	0.0008428950714022892
	0.0008420140936468681
	0.0008408320427804239
	0.0008392847963097756
	0.0008372962259224839
	0.0008350981300830811
	0.0008325564945223398
	0.0008291332682305974
	0.0008253862712323289
	0.0008221955140311462
	0.0008199025030510478
	0.0008185692514113903
	0.0008181872655125523
	0.0008183643883330385
	0.0008179413050979737
	0.0008169608890005823
	0.00081584576060768
	0.0008146795098989937
	0.0008131305084004403
	0.0008108122744833964
	0.0008077418585253393
	0.0008037080993262131
	0.0007992133011417894
	0.0007946728398312237
	0.0007907353086815559
	0.0007873864253758057
	0.0007843464005358797
	0.0007817404192733304
	0.0007798029824554235
	0.0007786481106583546
	0.0007785375201478809
	0.0007796493230095488
	0.0007820117237045381
	0.0007853187589449304
	0.0007893012591838918
	0.0007934968831157794
	0.0007983737722496105
	0.0008041085126683694
	0.0008113499964785642
	0.0008206691668071847
	0.0008314788207299097
	0.0008427149961152784
	0.0008536587894359123
	0.0008639559306005751
	0.0008738370386935252
	0.0008834582346593726
	0.0008927659445403966
	0.0009020868438914963
	0.0009118820654934668
	0.0009225539364282945
	0.0009342458925064841
	0.0009464238769683634
	0.0009595153515790486
	0.0009738380457777635
	0.0009894267115391361
	0.001005804603548504
	0.001022937003245085
	0.001041138596702794
	0.001060828973952448
	0.001082679069353721
	0.001105941228445131
	0.001128365052989567
	0.001147807321628735
	0.001162434861089571
	0.001171417689853107
	0.001173978724657053
	0.00116993106818039
	0.001160426783918024
	0.001146768886061609
	0.001129992565598178
	0.001111991257735552
	0.001094510998465063
	0.00107889037455259
	0.001065138725692643
	0.001053827462672697
	0.001045842257995499
	0.001041392527448179
	0.001040797974183964
	0.001044203317539449
	0.001050913052715081
	0.001060095933042324
	0.001070639778736958
	0.001081343979152094
	0.001090762154587222
	0.001095222929491865
	0.001082277566135015
	0.001063574844393894
	0.001046648608143146
	0.001034040904614584
	0.00102578767291603
	0.001022438936900699
	0.001023662301426344
	0.001027838394642363
	0.001032247360793063
	0.001029316548333279
	0.001016094349129236
	0.001001356415891662
	0.000987351108002837
	0.0009751937259997088
	0.0009653379449309759
	0.0009576421912539536
	0.0009517952312644249
	0.000947703886736807
	0.0009459677405750582
	0.0009464836446252427
	0.0009489422951923664
	0.0009528525843868507
	0.0009576466759837646
	0.0009628532103079704
	0.0009684212744820155
	0.0009740763621445723
	0.0009789234905575289
	0.0009824960587764256
	0.0009840820277971102
	0.0009833362910493647
	0.0009806597604738857
	0.0009769530143595268
	0.0009726818213772528
	0.0009680045129431382
	0.0009629914351720857
	0.0009582270793165816
	0.0009539832023315145
	0.000950700104212027
	0.0009483926645903916
	0.0009465448975268853
	0.0009452141525221661
	0.0009450451454096355
	0.0009461090505425721
	0.000947690459252943
	0.0009498487589621727
	0.000952272561026101
	0.0009548097064927603
	0.0009574222374051691
	0.0009592431809345866
	0.0009600483397984732
	0.0009600622290942722
	0.0009597338290086186
	0.0009582125503457675
	0.0009550426541471175
	0.0009507783778425817
	0.0009455353426448723
	0.0009391165281324828
	0.000930997857785931
	0.0009209495666504001
	0.0009093635697963985
	0.0008971526326078608
	0.0008858609975428691
	0.0008763823052703591
	0.0008686925413685185
	0.0008620951163358775
	0.0008557791292111011
	0.0008494321586506403
	0.0008424351060192868
	0.0008344459384575288
	0.0008259530366739706
	0.0008171933469655185
	0.0008083462447805654
	0.0008000689396426534
	0.0007929229968056512
	0.0007872531955380903
	0.0007833093279519974
	0.0007813819555335542
	0.0007815735228408804
	0.0007829715663047917
	0.0007844952337957341
	0.0007855874040011455
	0.0007860230458325904
	0.0007856064592216492
	0.000784181091321069
	0.0007814561126502249
	0.000777901964651088
	0.0007739633572257967
	0.0007700332966662162
	0.0007662125092290107
	0.0007625664699030377
	0.0007588191338421807
	0.000754783872230259
	0.0007506891154307273
	0.0007468811586707258
	0.000743663801959147
	0.0007418015087362025
	0.0007419140639354728
	0.0007444799168488195
	0.0007496920853592361
	0.0007568729775647148
	0.000765358839707676
	0.0007751459439752798
	0.0007865365467936239
	0.0007994535227805145
	0.0008133885157512634
	0.000827689745945008
	0.0008416677643942512
	0.0008544013391203274
	0.0008650080116228423
	0.0008728534620799139
	0.0008778496999683592
	0.0008801511134350572
	0.0008799728238680582
	0.0008773680763823706
	0.000872750663277131
	0.0008661280516740943
	0.0008578763126816342
	0.0008489581680047157
	0.0008403042168852464
	0.0008324506243068303
	0.0008253652873003038
	0.0008191216744901652
	0.0008138608807061326
	0.0008094347713661703
	0.0008055234054491313
	0.0008020112633702636
	0.0007989018930486833
	0.0007954825660139547
	0.0007917540041170114
	0.0007879612337752355
	0.0007837569743554167
	0.000778740017458413
	0.0007725887561714837
	0.0007655798304550974
	0.0007586195339403785
	0.0007521750289137043
	0.0007462896174033628
	0.0007412362324229014
	0.0007371482416707651
	0.0007339156844434258
	0.0007311902252323695
	0.0007292032874186581
	0.0007282428888590951
	0.0007283335341528054
	0.0007294997421587198
	0.0007314350226198383
	0.0007335376488359019
	0.0007354598634389225
	0.000737335483085421
	0.0007386399545620518
	0.0007394259324372706
	0.0007393080628507222
	0.0007383897845244965
	0.0007367708699700567
	0.0007339918882626759
	0.0007302137604714834
	0.0007253952707034427
	0.0007200645864356803
	0.0007144973859558335
	0.0007089371746113866
	0.0007036641545053843
	0.0006983716981933623
	0.0006930858034593895
	0.0006879855361597336
	0.0006832991706641452
	0.0006800195111231347
	0.0006792116204099415
	0.0006814868950448095
	0.0006865000384328947
	0.0006934731310973253
	0.0007014504877892753
	0.0007097152816982016
	0.0007182415387338728
	0.0007272487643721635
	0.0007365638105896432
	0.0007463279333888668
	0.0007564247082980368
	0.0007669130290222517
	0.0007777537493115236
	0.0007888699258242345
	0.0007999732804717225
	0.0008104455832465538
	0.0008194711212899376
	0.0008259772777650774
	0.0008298730412760125
	0.0008317538729589245
	0.0008315421693674257
	0.0008299891535447067
	0.0008277958534099466
	0.0008250394189240996
	0.0008222554406655652
	0.0008202386910671774
	0.0008194227724892811
	0.0008202154866701808
	0.0008223897337164591
	0.0008256654038501287
	0.000829853475425833
	0.0008345720133517141
	0.0008402061708004896
	0.0008470624833602504
	0.0008550885229717507
	0.0008643143183375911
	0.0008750089142070998
	0.0008870728609201559
	0.000899637626702997
	0.0009110492205511774
	0.0009190821710179031
	0.0009221297376652559
	0.00091940659782852
	0.0009113081016470558
	0.0008995890912895869
	0.0008862160090597037
	0.0008725124682557316
	0.0008589339927052379
	0.0008455999666027231
	0.000832682013879267
	0.0008202789987209201
	0.0008083413977662785
	0.0007971931773031787
	0.0007871872554808552
	0.0007781882749587172
	0.0007702370453884571
	0.0007637673107580861
	0.0007591363665746821
	0.0007564582433438377
	0.0007550107766805463
	0.0007535510573994295
	0.000751460853807932
	0.0007484788378701115
	0.0007448280852354655
	0.0007408535089284557
	0.0007369801162235756
	0.000733125769946564
	0.0007287690777698074
	0.0007234527914698109
	0.0007170085758975607
	0.0007097493079177661
	0.0007017607054823193
	0.0006932921264598184
	0.0006844526476176294
	0.0006749468734264372
	0.0006645662161156911
	0.0006535240317255676
	0.0006422441988337507
	0.0006316766503609787
	0.0006225363229018672
	0.0006146887658021116
	0.0006078573767453342
	0.0006018413157961463
	0.0005962396672052275
	0.0005908853929793376
	0.0005858989473501289
	0.000581580082274549
	0.000578093504613871
	0.0005756879391297777
	0.0005741195050623618
	0.0005729000465825218
	0.0005717051815413103
	0.0005704248344081268
	0.0005691544495119555
	0.0005681886312909104
	0.0005680526947143446
	0.0005692321168636465
	0.0005721041014411693
	0.0005771059344394709
	0.0005841006629024201
	0.000592673590532588
	0.0006021407214981278
	0.0006115822432806817
	0.0006205573705315951
	0.000628727980000337
	0.0006353568053338203
	0.0006399854519349621
	0.0006418548701088037
	0.0006405343092468789
	0.0006356776473554228
	0.000627345765964255
	0.0006161350685167644
	0.0006030483855919414
	0.0005893412605040896
	0.0005760863672432364
	0.0005643644463153028
	0.0005547718480150153
	0.0005472548497119244
	0.0005418479769070608
	0.000538133783653989
	0.0005362857827291778
	0.0005364581135708488
	0.000538393172076321
	0.0005416526499945423
	0.0005456470893115152
	0.0005501576064628322
	0.0005552447764816514
	0.0005605920964378594
	0.0005656274353935482
	0.0005699434489012744
	0.0005735205570145899
	0.0005766648567446752
	0.0005794506148526706
	0.0005823641571622865
	0.0005858230537915214
	0.0005897330793272126
	0.0005936801646001152
	0.000597653896455285
	0.0006021809496420497
	0.0006075500741512791
	0.0006132371455052365
	0.0006184061355478619
	0.0006221561167418645
	0.0006235091489990478
	0.0006224187493424616
	0.0006200100439091687
	0.0006173438038475141
	0.0006151951464035624
	0.0006134640143260246
	0.0006119217430544557
	0.0006109435847275266
	0.0006112431446293843
	0.0006134389693717903
	0.0006171972204077969
	0.0006216957627714775
	0.0006258659897281694
	0.0006289369108048369
	0.0006306735213313139
	0.0006313424035987874
	0.000631833477385047
	0.000632365451668127
	0.0006329135845906869
	0.0006328775860646004
	0.0006319874807505383
	0.0006304963550564063
	0.0006293236352878449
	0.0006298477945123719
	0.0006320833544313251
	0.0006355755342497969
	0.0006396813754696329
	0.0006437097044344307
	0.0006469683708849943
	0.0006490066435645712
	0.0006501654001681437
	0.0006510198552491934
	0.0006517798328993965
	0.0006526364617165293
	0.000653304386661126
	0.0006531555536001697
	0.0006522515888923098
	0.0006511659755279928
	0.0006508705542773039
	0.0006519445242604828
	0.0006543335446291341
	0.0006577458551080198
	0.0006621666572437223
	0.0006674308297848308
	0.0006732833821562038
	0.0006794402105648919
	0.0006859956780262694
	0.0006930830911818777
	0.0007005600403732454
	0.0007083098498568879
	0.000716431162686409
	0.0007243914178773024
	0.000731430406422111
	0.0007375028351491131
	0.0007429497604073178
	0.0007477695771593147
	0.0007514329338477978
	0.0007531002788648508
	0.0007525986357394484
	0.000750504554877741
	0.0007478838114417595
	0.0007452723035830352
	0.0007426128084657751
	0.0007398776516793084
	0.0007371871221538967
	0.0007348061622657931
	0.0007329869957001099
	0.0007316533043024622
	0.0007312691416278976
	0.000732303819926857
	0.0007350934429332502
	0.0007397945793227117
	0.0007452695269235831
	0.0007513975839952155
	0.000757741618219236
	0.0007638593138403712
	0.0007697598727727016
	0.0007760531824127452
	0.0007827016570250692
	0.000788575146911095
	0.0007929517435825003
	0.000795318511271025
	0.0007958845191039396
	0.0007944627144598726
	0.0007907855055812945
	0.0007851065499254716
	0.00077784681664302
	0.0007696285594948408
	0.0007612336579828599
	0.0007534794766887928
	0.0007464018261294295
	0.0007396184904755659
	0.0007334206041973993
	0.0007280502332575558
	0.0007239434866365232
	0.0007207616082072708
	0.0007186235915577257
	0.0007182109828747941
	0.0007200241863870852
	0.0007243148636381025
	0.0007312056722628635
	0.0007403250322477537
	0.0007512334609958599
	0.0007635068018454919
	0.0007763809402267244
	0.000789505520026967
	0.0008031497791626877
	0.0008175102762841527
	0.0008324103683234842
	0.0008474925226721192
	0.0008622293819774048
	0.0008754732551312823
	0.0008866281516654924
	0.0008959799891310133
	0.0009038358484096213
	0.0009101659020913537
	0.0009155434965702299
	0.0009202209204797779
	0.0009239810377141719
	0.0009269537531428252
	0.0009275256402273571
	0.0009163531331581131
	0.0009001516852718182
	0.0008825373217562526
	0.0008643684459261504
	0.0008458081592864314
	0.0008275482102731516
	0.0008107051327114
	0.0007960411709794919
	0.0007842169420890851
	0.0007753839094281798
	0.0007693855703043719
	0.0007660251177649713
	0.0007650239003156397
	0.0007665099062990539
	0.0007706203921096702
	0.0007774059757188393
	0.0007863178695922907
	0.0007966979552763606
	0.0008085903601653049
	0.0008226498958642867
	0.0008383565159595691
	0.0008549338440070465
	0.0008711086408643807
	0.0008818768746856664
	0.0008740812211428174
	0.0008586655586615044
	0.0008432111549847004
	0.0008284078696966541
	0.0008139840173352419
	0.0007995704362064288
	0.0007851746677087722
	0.0007709583222414823
	0.000757187461325056
	0.0007434578279072967
	0.0007291600143765861
	0.0007145320433562883
	0.0006998327490442937
	0.0006853565957174735
	0.0006714862306836733
	0.0006588045128874434
	0.0006473690982501403
	0.0006371054881539718
	0.0006283243664141046
	0.000621327849280358
	0.0006162668389059058
	0.0006134143835461733
	0.0006123047678708952
	0.0006123997545050468
	0.0006134857734770067
	0.0006152060021128339
	0.0006168095666276416
	0.0006181129825462761
	0.0006188785527001595
	0.0006184451393279436
	0.0006165642287111418
	0.0006136664827558444
	0.0006100829085011227
	0.0006060873823142661
	0.0006021438014911588
	0.0005983558712317938
	0.0005948536877279211
	0.0005918652709074872
	0.0005896101151769199
	0.000588259077093506
	0.0005877269333238322
	0.0005873334880617516
	0.0005866118677182076
	0.0005853465204425558
	0.0005839004334590844
	0.000582694463491791
	0.0005821934460650572
	0.0005822050849022876
	0.0005825224068712234
	0.0005826975723109407
	0.0005823367410080398
	0.0005816353553010327
	0.0005810768642501153
	0.0005808817441972346
	0.0005808766136669698
	0.0005811010137642049
	0.0005812366953102915
	0.000581072415302399
	0.0005805831155429326
	0.0005793821578237584
	0.0005768474118863698
	0.0005730006171013815
	0.0005683261759795184
	0.0005636147953805004
	0.0005596369696215512
	0.0005561781166966283
	0.000553079484460641
	0.0005500714619659326
	0.0005473151516357785
	0.0005453189147110614
	0.0005437062984631676
	0.0005422455496008383
	0.0005406149053866734
	0.0005388456314710812
	0.0005372015785066364
	0.0005359886522614112
	0.0005353938310662671
	0.0005355071681032615
	0.0005363245309793127
	0.0005370714119328282
	0.0005373711564582415
	0.0005371113776591571
	0.0005361405149375696
	0.0005348858188444799
	0.0005341219001457541
	0.0005339679280811164
	0.0005338903056323657
	0.0005336571052437837
	0.0005331481214761372
	0.0005320047277447919
	0.0005304439647424264
	0.0005287814482504551
	0.0005272184755111932
	0.0005256374357905949
	0.0005239158544798145
	0.000521901418742959
	0.000519693109569474
	0.0005176743880101677
	0.0005160589801216922
	0.000515064019660709
	0.0005147392210155467
	0.0005150088700864896
	0.000515612545642609
	0.0005166932873843779
	0.0005186193863074689
	0.0005215459430497699
	0.0005250363353683764
	0.0005288600366240042
	0.0005329266388558214
	0.0005374431138074788
	0.0005426642033006209
	0.0005482134692408757
	0.000553851696274263
	0.0005591074505835647
	0.0005633239878213158
	0.0005660518303974081
	0.0005672157234357247
	0.0005667243171397616
	0.000565123886219241
	0.0005627381260553427
	0.0005597381152200029
	0.0005562485162296533
	0.0005525536842783916
	0.0005494229189488615
	0.000546974642661897
	0.0005450634233464723
	0.0005437441450192352
	0.0005428005929392599
	0.0005417274418066363
	0.0005408405594144142
	0.0005406101196380556
	0.0005411821349361682
	0.0005422770012262317
	0.0005434903552572838
	0.0005443268441192875
	0.0005443260711876815
	0.0005436678344735048
	0.0005428711540071672
	0.0005422702949638182
	0.000542304258492631
	0.0005430695093016649
	0.0005441223722493459
	0.000544605423411897
	0.0005438223160656021
	0.0005415417101265035
	0.0005382247278272115
	0.0005343358944503214
	0.0005306253451974047
	0.0005276699901173741
	0.0005254137726276395
	0.0005233056666682722
	0.0005211784983335584
	0.000519244945406507
	0.0005183267932119823
	0.0005192141958521765
	0.0005218163060858428
	0.0005258058850526001
	0.0005312688901049621
	0.0005380001203286839
	0.0005456397361197133
	0.0005536450640732444
	0.0005620456453558065
	0.0005706846027170948
	0.0005788692654467513
	0.0005857372831003037
	0.0005908482100528707
	0.0005937898053025084
	0.000594226495516959
	0.0005923188990764104
	0.0005882807553903316
	0.0005825763443737753
	0.0005761295688224601
	0.0005701796715142022
	0.0005653936443152905
	0.0005619090425484771
	0.0005600349044465292
	0.0005604325167072341
	0.0005636483365954333
	0.0005697980308934566
	0.0005781797348179687
	0.0005876220882535953
	0.0005974226211546498
	0.0006069817036934584
	0.0006156480697452585
	0.0006229537152041909
	0.0006283288056402477
	0.0006315566851297774
	0.0006329717662566867
	0.0006328148842699812
	0.0006309322680481017
	0.0006274756746494277
	0.0006225872517702059
	0.0006164036984101496
	0.0006093945427546131
	0.0006023691252421215
	0.0005959305328653815
	0.0005903898133123916
	0.0005860762404824408
	0.0005830946750050141
	0.0005818873171403665
	0.0005834435237931544
	0.0005883170783866305
	0.0005964374068420447
	0.0006073815440707863
	0.0006199764549328263
	0.0006327324029435723
	0.0006451583642480187
	0.0006567737631556098
	0.0006673309683335425
	0.0006766663905649618
	0.0006846137097087896
	0.0006907274185409337
	0.0006944652156274121
	0.0006959346748779944
	0.0006960666438712046
	0.0006961350738062682
	0.0006967286209398797
	0.0006978237880550065
	0.0006991388809497103
	0.0007006780779260625
	0.000701976091804354
	0.000702764219422907
	0.0007030852810896806
	0.0007031501981382677
	0.0007032885965252516
	0.0007039557574566053
	0.000704978984656811
	0.0007055473169368485
	0.0007055127512202434
	0.0007050214823044389
	0.0007042510853970496
	0.0007033568731474545
	0.0007022296415239416
	0.0007006025544981081
	0.0006975501302974046
	0.0006919209943930696
	0.0006835973368622425
	0.0006733700808492852
	0.000662448804306339
	0.0006517504312331985
	0.0006406167883613314
	0.0006284254500797601
	0.000615400083987244
	0.0006022048415795092
	0.0005896408972399544
	0.0005781903786752171
	0.0005685211617071051
	0.0005613598875946005
	0.0005570248799377536
	0.0005556003331027484
	0.0005569385959208217
	0.0005606854706736612
	0.0005664184837711146
	0.0005737097256979026
	0.000582394759548768
	0.000592238469288243
	0.0006025234716612995
	0.000612150560881968
	0.0006202573258739192
	0.0006261614271435586
	0.0006296594973026424
	0.0006308760608811688
	0.000629929027148664
	0.0006272384373759691
	0.0006229154719485602
	0.000617507260611258
	0.0006118677506531946
	0.0006066796514614499
	0.0006023078607114621
	0.0005989641078308495
	0.0005972434246612828
	0.0005972994864705723
	0.0005991500761031558
	0.0006029660834874644
	0.0006082010752594407
	0.0006140048677976149
	0.000619628759620087
	0.0006249551812563028
	0.0006300993134667668
	0.000635343697757883
	0.0006404736783768951
	0.0006449940543996989
	0.0006483804651730266
	0.0006500936394508299
	0.0006494579460031921
	0.0006460773954788738
	0.0006404046491582644
	0.000633444251548764
	0.0006261361982173376
	0.0006190165448967325
	0.0006126954573595789
	0.000607618892290305
	0.0006036988959378367
	0.0006008391340551966
	0.0005990068155720768
	0.0005987173725875474
	0.0005996540932485607
	0.0006013931478810172
	0.0006037049119666975
	0.0006065748293568424
	0.0006105495181264409
	0.0006162515774597859
	0.0006234680496942027
	0.0006320272687451305
	0.00064133289677536
	0.0006506182584795595
	0.0006594613351629154
	0.0006680014440130709
	0.0006766705908924425
	0.0006854099175513546
	0.0006936179533292876
	0.0007001729414548725
	0.0007042007573325746
	0.0007051794681130202
	0.0007027692209256078
	0.0006974377260931168
	0.0006890801628255718
	0.0006786711436485342
	0.0006670112155263198
	0.0006545577663448035
	0.0006416793467720711
	0.0006288560793335859
	0.0006168264812731118
	0.0006063768718445973
	0.0005983513500014942
	0.0005927264680658891
	0.00058905875967895
	0.0005874495587083922
	0.0005875566992750322
	0.0005892996931850449
	0.0005921879102811278
	0.0005958503588106502
	0.0005996387421455543
	0.0006028717700214168
	0.0006050126937867388
	0.0006054693925278093
	0.0006042315801035239
	0.0006018716745638758
	0.000598566277794507
	0.0005938627091654368
	0.0005870492814110191
	0.0005779547718895441
	0.0005674518974593974
	0.0005567090462243035
	0.0005466805158674826
	0.0005378672268305583
	0.0005303619557177507
	0.0005239145645604685
	0.0005183217672153787
	0.0005132060722036086
	0.0005085949636953116
	0.0005043320990603579
	0.0005005827939780997
	0.0004974102527232658
	0.0004949142544859129
	0.0004928316460820366
	0.0004905518884089596
	0.0004880270672730993
	0.0004858833813904332
	0.0004846686718811624
	0.0004842759745196452
	0.0004842742035516997
	0.0004842481267840459
	0.0004837690934647601
	0.0004826922423206269
	0.0004814014052350457
	0.0004801775704070275
	0.0004789762515908022
	0.0004774425045123117
	0.0004752251585411786
	0.0004719976007488142
	0.0004681409182351412
	0.0004638868373831179
	0.0004596216590509383
	0.0004562846587899968
	0.0004544101115408739
	0.0004541918324330097
	0.0004556069091129869
	0.0004585113389191838
	0.0004621139989332095
	0.0004661260972932031
	0.0004709020237252802
	0.0004769280044283638
	0.0004839738972368005
	0.000491476448503423
	0.0004987054049697147
	0.0005046209183346885
	0.0005086810381267371
	0.000510790244085982
	0.0005111288284585818
	0.0005099001215430253
	0.0005073263373980587
	0.000503790298925851
	0.0004995694250826881
	0.000495046147478366
	0.000490956922375704
	0.0004880453065030481
	0.0004870494691051496
	0.0004881286931432639
	0.0004904380864407035
	0.0004931204543333737
	0.0004959331878456497
	0.0004991231682642232
	0.0005031955854496029
	0.0005084937365520343
	0.0005149972883609172
	0.0005220791404325219
	0.0005291211403695932
	0.0005361243689912985
	0.000542982487252681
	0.0005498212961249096
	0.000556627762993231
	0.0005631245532729238
	0.0005686225299831538
	0.0005732005380518686
	0.0005775661965354532
	0.0005818461231145988
	0.0005860853755826885
	0.0005898171972158831
	0.0005926270847450624
	0.0005943618989776591
	0.0005952098802571974
	0.0005946527727689571
	0.000592870155747736
	0.0005906663186179996
	0.0005885743185739034
	0.0005865928520066857
	0.0005851778928364898
	0.0005843209335302397
	0.0005836039193409004
	0.0005829631222326433
	0.0005824143024327644
	0.0005824224939065449
	0.0005829782350409709
	0.000583355408031347
	0.0005830580953784528
	0.0005824573773138776
	0.0005818624832343721
	0.0005815317366420424
	0.0005814564542927741
	0.0005807522119760628
	0.0005795242260164536
	0.000578111694924285
	0.0005769662055814129
	0.0005758863339374367
	0.000574768297324428
	0.0005739643945640255
	0.0005738779851956485
	0.00057486068368391
	0.000576811704928508
	0.0005791586751754705
	0.000581175558011323
	0.0005821642484079169
	0.0005818226453548738
	0.0005802239505210791
	0.0005779166255167283
	0.0005759070366168356
	0.0005750639805381504
	0.0005754532341844188
	0.0005766804731148293
	0.0005784612539688539
	0.0005807206512206275
	0.0005827457697365347
	0.0005841548720462417
	0.0005851525047148482
	0.0005863072318182198
	0.0005877394651453299
	0.0005893864105957815
	0.0005908000565033705
	0.000591684902658419
	0.0005923565071869534
	0.0005931705588480304
	0.0005940766619753978
	0.0005954398443094033
	0.000596669264742471
	0.0005966827773410461
	0.0005944374242605996
	0.0005894472065888596
	0.0005817196934747197
	0.0005719946648394145
	0.0005609270591660996
	0.000549067289722088
	0.0005369821930378799
	0.0005252315924926849
	0.00051425607138317
	0.0005044218911593336
	0.0004961309097309937
	0.0004898553264748148
	0.0004859200145117137
	0.0004845110309805811
	0.0004856256909653456
	0.0004887967326288543
	0.0004938624983996324
	0.0005008579247893772
	0.0005094092257081898
	0.0005191206858110609
	0.0005295767211363397
	0.0005406176340259253
	0.0005517858495450875
	0.0005626244977972804
	0.0005727504480422061
	0.0005817910789783792
	0.0005896450267717061
	0.0005960271113361844
	0.000600690718826959
	0.0006037673645617676
	0.0006052661428439798
	0.0006052128673506128
	0.0006037213366040642
	0.0006018591432820754
	0.0006011286803284195
	0.0006020014506383193
	0.0006039437396205188
	0.0006064266133740075
	0.0006090660382750813
	0.0006117910861708147
	0.0006149198534290818
	0.0006190101391745701
	0.0006249373454987923
	0.0006326702380157968
	0.0006421445909015799
	0.0006530430159025888
	0.0006649953177256132
	0.0006778262558294665
	0.0006905164825983698
	0.0007023592123251937
	0.0007128903057812974
	0.0007211445013070143
	0.0007268650071631841
	0.0007300060132801149
	0.0007307925418443646
	0.0007296644931083506
	0.0007265132190266365
	0.0007214146036006833
	0.0007146074128939372
	0.0007073233706932678
	0.0007003631074982266
	0.0006941092863000469
	0.0006887975617970827
	0.0006845148973456004
	0.0006817473605736015
	0.0006811975459797762
	0.0006829621969079314
	0.0006871355195012232
	0.0006933227012061172
	0.0007005640908280323
	0.0007079215348544104
	0.0007145802227039134
	0.0007199613475042309
	0.0007243384466775948
	0.0007278114378169921
	0.0007301469068887803
	0.0007306164670385425
	0.0007284512496498896
	0.0007235127440277165
	0.00071629760799458
	0.0007080261176354004
	0.0006994498069085619
	0.0006908112253014817
	0.0006826035635314205
	0.0006754291216380572
	0.0006699023108374926
	0.0006663807658147277
	0.0006649567417706616
	0.0006653766211524464
	0.0006674282435904882
	0.0006711667049706039
	0.0006765882176143537
	0.0006836218709217069
	0.0006919866043451157
	0.0007009207182154627
	0.0007097471183678067
	0.0007180323908984256
	0.0007256580363684248
	0.00073246992722237
	0.0007381882728403513
	0.0007425947821308548
	0.0007450537447355463
	0.0007448450003121295
	0.0007412247265444128
	0.0007345539849806216
	0.0007256841594541621
	0.0007155270502413642
	0.000704585192824872
	0.0006934659122394056
	0.0006830910066341678
	0.0006736466451130096
	0.0006652287712852976
	0.000657567310789736
	0.0006507322682400735
	0.000645514961451125
	0.0006422724622084797
	0.0006407985552496326
	0.0006402522725498999
	0.000639748009132618
	0.0006388521486847275
	0.0006375885733854113
	0.00063595134476703
	0.0006336848201552736
	0.0006304745592455974
	0.0006262054884725458
	0.0006209288318424011
	0.0006144038233098024
	0.0006067848447303546
	0.0005982607334414342
	0.0005893633387083564
	0.0005808652754155095
	0.0005734440801653947
	0.0005676231591326134
	0.0005639245399041246
	0.000562581965804514
	0.000563738392079388
	0.0005674236751323609
	0.000573000157075426
	0.0005797927477588114
	0.0005872656497547982
	0.0005950427169686158
	0.0006030449663056307
	0.000611018126486963
	0.0006182773746910715
	0.0006242445147925489
	0.0006283391443296138
	0.000630661523396714
	0.0006321663037653603
	0.0006340028635790631
	0.0006371119753661179
	0.0006417608066569915
	0.0006476634197551457
	0.0006539511192352572
	0.0006604939110323466
	0.0006669612863800367
	0.0006733438456935897
	0.0006791304591032036
	0.0006842278503723374
	0.0006885615360525341
	0.0006927606791152912
	0.0006969557340197179
	0.0007012300730176702
	0.0007055849201275884
	0.0007106314020916744
	0.0007166376581263915
	0.0007227531682321894
	0.0007280555157089908
	0.0007322526617462418
	0.0007350546473322665
	0.0007364924748832435
	0.0007372534495943638
	0.0007378521679294479
	0.0007386100464618627
	0.0007394807385038349
	0.0007402794104680823
	0.0007402086214585467
	0.0007388160901416665
	0.0007358801270131207
	0.0007313749144594406
	0.0007258221822866583
	0.0007197256516549454
	0.000713381438962116
	0.0007071608650284825
	0.0007019700855732056
	0.0006986230237695269
	0.0006973064760414537
	0.000697922590311628
	0.0007002060488113288
	0.0007038672917788031
	0.0007079416184020503
	0.0007111490384021156
	0.0007120655570944012
	0.0007103531536207111
	0.0007061591708556699
	0.000699998652010244
	0.0006925865972073688
	0.0006841438256758363
	0.0006744307358736446
	0.0006636428981938602
	0.000651868191891217
	0.0006398260623396276
	0.0006289728003870362
	0.0006192777636641095
	0.0006107330439669668
	0.0006033983145663977
	0.0005969975083054358
	0.0005911248612518624
	0.000585994826254351
	0.0005814871351246837
	0.0005772297006193931
	0.0005732029830695167
	0.0005696091511730227
	0.0005665500562521283
	0.0005639900226468523
	0.0005618304254940372
	0.0005594253660723178
	0.0005564866763615551
	0.0005532293088886704
	0.0005496885075247562
	0.0005461033626952707
	0.0005427860348758202
	0.0005397789040596365
	0.0005369386551372375
	0.000534343927231909
	0.0005322761121497557
	0.0005306878659316022
	0.000528969966023134
	0.0005265015231088556
	0.0005229835849065234
	0.000518500485995496
	0.0005131637942267855
	0.0005072949257290155
	0.0005011995292534654
	0.0004951624811981691
	0.0004893554370601881
	0.0004837731690817834
	0.0004784240761561165
	0.0004736461267373419
	0.0004696113657536844
	0.000466555525403439
	0.0004647258387345071
	0.0004637942115027597
	0.0004636170845314361
	0.0004643674521448838
	0.0004663928733816336
	0.0004693880064355052
	0.000473002231775051
	0.0004768164462571011
	0.0004803273868971213
	0.0004830087282516637
	0.000484526363342634
	0.0004844817303908277
	0.0004826421284537447
	0.000479042894435019
	0.0004738980057762797
	0.0004678623116152621
	0.0004613529963749387
	0.000454781423651901
	0.0004485116905692243
	0.0004430009201682684
	0.0004386074637450657
	0.0004354897804542901
	0.0004334351816220701
	0.0004326377387146631
	0.0004329175515759591
	0.0004340865940421269
	0.0004362955452114698
	0.0004396320503778329
	0.0004436293822714395
	0.0004480524491010411
	0.00045279986004476
	0.0004578086653518589
	0.0004628962566199021
	0.0004678935692926877
	0.0004727014326159815
	0.0004773717934202057
	0.0004823380690085021
	0.0004880514463679836
	0.000494714805483005
	0.000502480267749394
	0.0005114958429019904
	0.0005215123856897409
	0.0005315509254181256
	0.0005406490108977996
	0.0005481232254195005
	0.0005533284495130217
	0.0005556941215278797
	0.0005550077421921029
	0.0005513409070093466
	0.0005458605534439069
	0.0005397540085094833
	0.0005340682562254681
	0.0005295936428544094
	0.0005269990655851192
	0.0005265269405079538
	0.0005281704406688744
	0.000531807208777025
	0.000537188671765648
	0.0005441248239823388
	0.0005525031542127718
	0.000561882633294646
	0.0005720057358559384
	0.000582376680956048
	0.0005924125216349173
	0.0006018030063071097
	0.0006099277149694843
	0.0006163611185552878
	0.0006212474950454237
	0.0006245458409733351
	0.0006259626246892703
	0.0006246902936274331
	0.0006209934868095412
	0.0006157695570220464
	0.0006100524011408901
	0.0006045270633095296
	0.0005992903679025085
	0.0005944346064943819
	0.0005897710693640262
	0.0005851603209939376
	0.000580612787448917
	0.000575722767025784
	0.0005698707771787908
	0.0005636880144816759
	0.000557827271162251
	0.0005530309995118325
	0.0005499507580734463
	0.0005486206272487677
	0.0005487492604055583
	0.0005503189475856521
	0.0005533236295840076
	0.000557796160330117
	0.0005638491140257008
	0.0005714864595561585
	0.0005806313545435063
	0.0005909906512496927
	0.0006014968958288419
	0.00061142153850771
	0.0006196278918363147
	0.0006252402801172994
	0.0006282568471246268
	0.0006290448930619358
	0.000627746981589073
	0.0006249350967224193
	0.0006213062025413886
	0.0006168547375404689
	0.0006116874235254946
	0.0006062600808351902
	0.0006004784767462139
	0.0005938529332285641
	0.0005863130174912772
	0.0005784564010737729
	0.0005709939149789232
	0.0005640277762174834
	0.0005579527207370379
	0.0005534968624109815
	0.000550333461319134
	0.0005486423711297902
	0.0005478259217598208
	0.000547182231597586
	0.0005464848866686745
	0.0005457682595525942
	0.0005452977558659231
	0.0005452249262812539
	0.0005456581191299903
	0.0005463633890004681
	0.000546990515925115
	0.0005477150185798957
	0.0005483909128746457
	0.0005487896987712683
	0.0005492426016223305
	0.0005501456418064169
	0.0005514402533426732
	0.0005521906536958434
	0.0005515806355999346
	0.0005495345258246179
	0.0005462276257577938
	0.0005424028717227011
	0.0005382966369123894
	0.0005344636459581153
	0.0005310458118920811
	0.0005276419794415508
	0.0005241040329270046
	0.0005204531359035354
	0.000516686764523182
	0.0005128525767063546
	0.0005086639905130686
	0.0005042310380813867
	0.0004996721778083398
	0.0004950808949114145
	0.0004907424800605753
	0.0004869364397369101
	0.0004839390673121269
	0.0004818078224955418
	0.0004802933285229272
	0.0004793235211744754
	0.0004790466450360601
	0.0004794372076906442
	0.0004805586460294636
	0.0004819555348584226
	0.0004833386301257382
	0.000484475517729074
	0.0004853491871668522
	0.0004858786873540601
	0.0004859604795780422
	0.0004854839683738059
	0.0004846233735782446
	0.0004833987241186322
	0.0004819353791834435
	0.0004801056485770886
	0.0004780813343995813
	0.0004761405417143088
	0.0004749473040399391
	0.0004749456607579212
	0.0004765638610814617
	0.0004799859020792744
	0.0004852049092970937
	0.000491542736952711
	0.0004984104247224209
	0.0005057118335892478
	0.0005130101277960092
	0.0005202050798110921
	0.000527601477740504
	0.0005345122089760678
	0.0005400884149295401
	0.0005442232985725737
	0.0005469690014024158
	0.0005483901407440189
	0.0005482526849359977
	0.0005470430849511183
	0.0005454736502510363
	0.0005440175580916186
	0.0005431696645366786
	0.0005429287593253131
	0.0005433376552737471
	0.0005445191463624796
	0.0005462308004486175
	0.0005478448994659239
	0.0005486329428370212
	0.0005487193832202309
	0.0005482587171327216
	0.000547384038838942
	0.0005463217242549505
	0.0005451538750071512
	0.0005436594492958648
	0.0005417801835463876
	0.000539416124348898
	0.0005364025991867499
	0.000532679482377462
	0.00052833999547649
	0.0005235169689055199
	0.0005186289251931687
	0.0005143308866269136
	0.0005115021988923294
	0.0005101440265211835
	0.0005100520367693171
	0.00051091522547416
	0.0005123472908958148
	0.0005144701250149146
	0.0005168384710053446
	0.0005189040325796044
	0.0005204196584538933
	0.0005212415787906048
	0.0005219079201599148
	0.0005233743137703632
	0.000526082658503437
	0.0005299802045036123
	0.0005344594349121044
	0.0005388031125520726
	0.0005426339728977752
	0.0005459046296303123
	0.0005485476320629927
	0.000550641829591007
	0.0005525304461169619
	0.0005542659789863571
	0.0005559090429278268
	0.0005575494393793583
	0.0005589213432237675
	0.0005603421791594047
	0.0005626122367987917
	0.000566289100538415
	0.0005716971208007944
	0.0005784939423795857
	0.000586154663030214
	0.0005948021952764624
	0.000604187968197359
	0.0006140270834765138
	0.0006236467733271074
	0.0006327323255780153
	0.0006414175061242213
	0.0006497098738731058
	0.0006573764516895483
	0.0006638211520984402
	0.0006685140447006735
	0.000671464060597731
	0.0006726723251111123
	0.0006722344175833612
	0.0006701325394009441
	0.0006665063154056714
	0.0006622776965978914
	0.0006582050898803785
	0.0006547681457521903
	0.0006524020092759824
	0.0006514196105812522
	0.0006520122039027277
	0.000654764733707384
	0.0006595646336882172
	0.0006663288786707156
	0.0006751281941008813
	0.0006852478698890012
	0.0006959113582617924
	0.000706124291605672
	0.0007146244641613084
	0.0007203583190889449
	0.000723488425924923
	0.0007243000646347805
	0.0007225185215314377
	0.0007184501636556284
	0.0007128096061198562
	0.00070589961049546
	0.0006976373611591992
	0.0006883006554850098
	0.0006787085069809719
	0.0006701753848048681
	0.0006635182590161013
	0.0006589256953099962
	0.0006566096709969391
	0.0006564811316047094
	0.0006582376086481564
	0.0006615646507171088
	0.0006660201463462457
	0.000671310918501799
	0.0006771336690222217
	0.0006825375890556411
	0.0006864889227774795
	0.0006884805842366367
	0.0006889185639155235
	0.0006882342342447758
	0.0006864316365723695
	0.0006836075543845835
	0.0006796011057793855
	0.0006743759673424023
	0.0006683534249722732
	0.0006622131269787698
	0.0006566249476252855
	0.0006518862909369441
	0.0006474515425395937
	0.0006423014557567071
	0.0006354749037291709
	0.0006266154923350815
	0.0006164414250097547
	0.0006065231680952532
	0.0005977264289758358
	0.0005901042334861945
	0.0005835366731422932
	0.0005774591052440816
	0.0005717322250554275
	0.0005667133363369868
	0.0005626914184965737
	0.00055967117245896
	0.0005569730054590539
	0.0005538923715503121
	0.0005499843940517287
	0.0005455980840721264
	0.00054130379604398
	0.000537523733650016
	0.0005348272884381416
	0.000533408070596742
	0.0005335009754381908
	0.0005352614224290316
	0.0005385942795333831
	0.000542860998749157
	0.0005472870822514335
	0.0005514707146365685
	0.0005553208591164555
	0.0005582392505981611
	0.0005598156948476787
	0.0005596587680209093
	0.0005576338610481485
	0.0005539253265432678
	0.0005490365013051014
	0.0005434160719669315
	0.0005376205565550427
	0.0005323490783046698
	0.0005278610115501076
	0.0005240944691736054
	0.0005210897797947576
	0.0005193853619110759
	0.0005196424831665215
	0.0005218543960038175
	0.0005253287887728461
	0.0005295697240397741
	0.0005344585490821527
	0.0005396492623618769
	0.0005449981801777601
	0.0005506599738921015
	0.0005570491110977326
	0.0005641834994223497
	0.0005715239450191368
	0.0005781452744279383
	0.0005834787831294377
	0.0005869784070945702
	0.0005889542907211432
	0.0005897022532487908
	0.0005893235492079584
	0.0005880346184217763
	0.0005859899660449097
	0.0005836104921230957
	0.0005813581933422208
	0.0005794551187794341
	0.0005779260399640733
	0.0005767237507118933
	0.0005756890818577674
	0.0005746351108837014
	0.0005734498484113244
	0.0005726782928779515
	0.0005727445551469917
	0.0005739886039754743
	0.0005764245003052155
	0.0005797191369341561
	0.0005836717326224895
	0.0005879578166944942
	0.0005923473140370719
	0.0005965181178919203
	0.0005999458321479334
	0.0006020142738627271
	0.0006023385593039297
	0.000601307713401129
	0.0005996144059689417
	0.0005975433722068064
	0.0005949050727828695
	0.0005918618967047006
	0.0005886165550553029
	0.0005851905833946994
	0.0005815168715778559
	0.0005777389449387225
	0.0005737102326090394
	0.0005698494945129818
	0.0005666394347903549
	0.0005644301644623171
	0.0005632492572232541
	0.0005631286544281039
	0.0005637868795185972
	0.0005651143875958988
	0.000567026310921772
	0.0005696981552553622
	0.0005734146820950458
	0.0005773383588908831
	0.0005809897369839455
	0.0005834364481413785
	0.0005838863053466373
	0.0005815574738833856
	0.0005765090912255561
	0.0005698976973550672
	0.0005632536016743188
	0.0005577110679631626
	0.0005536330410733545
	0.0005508379076923299
	0.0005489119273917714
	0.0005475062416968872
	0.0005465230684411481
	0.000546517343247221
	0.0005478843686397376
	0.0005503883359586209
	0.0005543881500860433
	0.0005590589473111431
	0.0005634041138107988
	0.0005670814234664223
	0.000570524736781792
	0.0005744430086091939
	0.0005795685014052999
	0.0005859700961655332
	0.0005936099151078437
	0.0006019014550759335
	0.0006096836191900924
	0.0006158243010714991
	0.0006199472918527276
	0.0006222297278602666
	0.0006239243882674283
	0.0006254213322234568
	0.0006258237018200759
	0.000624041672916997
	0.0006194182823762715
	0.0006122116680261779
	0.0006038293581401137
	0.0005954298207501179
	0.0005879919814808487
	0.0005816485768725235
	0.0005759724094557553
	0.0005711332459399029
	0.0005676272079955539
	0.0005654132569906322
	0.0005642725263533115
	0.0005639465766329691
	0.0005636915152848784
	0.0005633449636151817
	0.0005629173015143417
	0.0005619086960227035
	0.0005603887788120724
	0.0005581970745040087
	0.0005548214197202565
	0.0005498474795903157
	0.0005433608353876658
	0.0005360789569234521
	0.0005291275611005801
	0.0005234018872182235
	0.000518574168918244
	0.0005143892504438853
	0.0005108943561987493
	0.0005081311052853233
	0.000506084450010989
	0.0005040801418278983
	0.0005020361706803472
	0.0005003382664305039
	0.0004992204554721927
	0.0004986843223036149
	0.0004988530260516255
	0.0004994888546568443
	0.0005004076235032371
	0.0005020880693233878
	0.0005045185211712687
	0.0005076098679215166
	0.0005107858248554028
	0.0005134700323201762
	0.0005152684851946535
	0.0005160053131819184
	0.0005157605610520559
	0.0005149399165378123
	0.0005143924310086104
	0.0005137607606960328
	0.0005124657955432287
	0.0005102774157048099
	0.0005073222398832901
	0.0005044285314366381
	0.0005019867717394194
	0.0004998895439673218
	0.0004977129787338551
	0.0004952101487495295
	0.0004929402187279695
	0.0004912614627348069
	0.0004903915983161578
	0.0004905289119545355
	0.000491594935137253
	0.0004936258321647844
	0.0004960664661923293
	0.0004984752536880975
	0.0005004655810307289
	0.0005018593044564964
	0.0005029298477576478
	0.0005039405568875598
	0.0005048248216344173
	0.0005053093008938822
	0.0005054831910913357
	0.0005055034721344026
	0.0005055690616546123
	0.0005058820043086947
	0.0005062536506509735
	0.0005061173702663581
	0.0005051349896619354
	0.0005033525675196103
	0.0005009818759786783
	0.0004985021472393906
	0.0004965957431677398
	0.0004956575538592172
	0.0004963501253966138
	0.0004990046330745174
	0.0005034296050957339
	0.0005092793645996143
	0.0005165328578306625
	0.0005253165618543788
	0.000535715586387309
	0.0005476217609259944
	0.000561009316204348
	0.0005754769300864504
	0.0005904361935372738
	0.0006053862018436124
	0.0006196898037406518
	0.0006324318577370104
	0.0006430801069661495
	0.0006510746889742713
	0.0006557457925637516
	0.0006563705480750972
	0.0006526095850804312
	0.0006451829457866724
	0.0006349326106026097
	0.0006235537614141477
	0.0006125196992977345
	0.000602432799988388
	0.0005929781579435911
	0.0005844023929158438
	0.0005774338655988013
	0.0005722732223052615
	0.000569096578821398
	0.000567986048080288
	0.0005688172467165981
	0.000571821289286128
	0.0005764741460143312
	0.0005822755855307059
	0.000589036033633616
	0.0005965794351776219
	0.0006045351194204983
	0.0006122956114387681
	0.0006191306859381562
	0.0006245902489712575
	0.0006285580864019611
	0.0006312594573014335
	0.0006328978724209539
	0.0006337956254340666
	0.0006339087209035838
	0.0006338167313430075
	0.000634682932448035
	0.0006368389439740393
	0.0006403055671176564
	0.0006452242487293133
	0.0006508405300216154
	0.0006565028542471671
	0.0006618561724852114
	0.0006660981785907329
	0.0006686703985953362
	0.0006696973842519738
	0.0006693312489478946
	0.0006678455735647113
	0.0006656209506418543
	0.0006622102267934449
	0.0006576739911427428
	0.0006527052060791819
	0.0006476229009922301
	0.000643174150278296
	0.0006395964221593219
	0.00063633409822876
	0.0006326840477923162
	0.0006286537894008865
	0.0006235928356365892
	0.0006174397325338213
	0.0006101636562145627
	0.000601971626567663
	0.0005934047799340218
	0.0005856691314467101
	0.0005794774393208294
	0.0005745042610250067
	0.000570655142970782
	0.0005681801466359011
	0.0005671387311938866
	0.0005674544217183734
	0.0005689674265809355
	0.0005717990358048095
	0.0005763487900419406
	0.0005824823630282758
	0.0005898346648846437
	0.0005977606773644445
	0.0006055846231137453
	0.0006130763690604894
	0.0006203598950268921
	0.0006269560178218184
	0.0006318096076361842
	0.000634298275909647
	0.0006342629962342826
	0.0006316516937313413
	0.0006261925977448646
	0.0006182101326616305
	0.000608907040343371
	0.000599448232509034
	0.0005902498696134173
	0.0005814585741548971
	0.0005732562189517739
	0.0005653982560286547
	0.0005578710484929007
	0.0005510608956431678
	0.0005448746073256315
	0.0005395008191584858
	0.0005350047497071414
	0.0005314356904235264
	0.0005295159946388853
	0.0005290882084887273
	0.0005295629333004683
	0.0005302023773629834
	0.0005304236179059999
	0.0005300039811238817
	0.0005294096381871565
	0.000529039557361081
	0.0005286973866092988
	0.0005277741707328108
	0.0005257806333921137
	0.0005224548460247031
	0.0005176634705129713
	0.0005115686926751461
	0.0005046940052317091
	0.000497463461460004
	0.0004904467593318291
	0.0004839873102555066
	0.0004778840849293182
	0.0004721487624075845
	0.0004671556112416942
	0.0004633271634313132
	0.0004611839514887087
	0.0004608578549595788
	0.0004620939852694313
	0.0004648430472869603
	0.00046906586413232
	0.0004743359735239583
	0.0004799518614380442
	0.0004853651383132016
	0.0004903103487634432
	0.000494840654657534
	0.0004989748349393618
	0.0005019802479239701
	0.0005031566186856296
	0.0005027210500946959
	0.0005010615519595548
	0.0004985089402151718
	0.0004955468093739058
	0.0004926536244480134
	0.0004899203882183533
	0.0004871997438102536
	0.0004843646805805516
	0.0004812454477344228
	0.0004777998668584105
	0.0004738953817000646
	0.0004698494072850086
	0.0004656789569997355
	0.0004609764551607636
	0.0004556855221421409
	0.0004498912711899865
	0.0004439680803609946
	0.0004383787828156747
	0.0004338791412931007
	0.0004306852627346788
	0.0004285812068502104
	0.0004269509807306035
	0.0004258736524233028
	0.0004258493263750838
	0.0004265033470035481
	0.0004275376622572277
	0.0004286626562298758
	0.0004295577492606947
	0.0004299156647813794
	0.0004298154678518194
	0.0004291532317511496
	0.0004282263402695336
	0.0004274467770010734
	0.0004268797306503916
	0.0004262586900618617
	0.000425555533631958
	0.0004247507832457616
	0.0004239308993373025
	0.000423561629498375
	0.000423246497688835
	0.000422469655651886
	0.0004213055930053135
	0.0004199676138209797
	0.0004184857794249106
	0.0004171272885136563
	0.0004159448208189866
	0.0004148922515404481
	0.0004138807551893735
	0.0004131570407894703
	0.0004133001808275509
	0.0004146375162775328
	0.0004171077539288477
	0.000420155329003487
	0.0004234105480024762
	0.0004264659729825943
	0.0004292615071795912
	0.0004318190175676646
	0.0004341298660997382
	0.0004362298672298044
	0.0004384464796133924
	0.0004408042006602351
	0.0004433569796556717
	0.0004455262778803063
	0.0004468579653051653
	0.0004470616776223788
	0.000446115739347976
	0.0004445242350960787
	0.0004425965965248778
	0.0004407078727010127
	0.0004392052322589036
	0.0004385422026218825
	0.000439024730982031
	0.0004405775339522879
	0.0004429317850402315
	0.0004456514668291116
	0.0004485233869684945
	0.0004517419493331262
	0.0004553627934782015
	0.000458938529318986
	0.0004621686948302874
	0.0004648587486140685
	0.0004672036504430491
	0.0004693446653121136
	0.0004715755680284754
	0.0004741173807810085
	0.0004769838183630616
	0.0004801396141822208
	0.0004836855797507532
	0.0004875511400521493
	0.0004912343635442824
	0.0004940531502095324
	0.0004955295428688972
	0.0004956237242335105
	0.0004945635826409519
	0.0004927162369668955
	0.0004904325999154921
	0.0004877472272983816
	0.0004854189465690561
	0.0004840180361357606
	0.0004834460264789183
	0.0004834636721290599
	0.0004838552864823851
	0.0004847533398091298
	0.0004862421254300589
	0.0004881037272685975
	0.000490266717232211
	0.0004924803898990523
	0.0004941944096467202
	0.0004949924324518975
	0.0004947454738255768
	0.0004936465209248109
	0.0004921140832052441
	0.0004902925206061059
	0.0004886149433315147
	0.0004871822218920075
	0.0004856134611535909
	0.0004838223032760603
	0.0004821001957774346
	0.0004807583695523686
	0.0004800206387671116
	0.0004800964921632744
	0.0004806432731229799
	0.0004814974428903768
	0.000482848984155182
	0.0004847238318353293
	0.0004874867119896751
	0.0004911497626993111
	0.0004956075225157807
	0.0005010021414536107
	0.0005071624126642701
	0.000513818083846322
	0.0005205615562286222
	0.0005274737854306273
	0.000534432570781717
	0.0005410826094016942
	0.0005471763287666256
	0.0005527614242918575
	0.0005580448421987896
	0.0005634408579729991
	0.0005690503815007223
	0.0005743928394682042
	0.000579146915748917
	0.000583335935518517
	0.0005874448939492962
	0.0005918233995284305
	0.0005967777722350336
	0.000602706769510717
	0.0006096369424318313
	0.0006170047877477108
	0.0006243063989339073
	0.0006316999222380096
	0.0006394576017455845
	0.0006478423016578241
	0.0006567362419988836
	0.0006663016848095016
	0.0006758604215769004
	0.0006842120811181203
	0.0006905809435347021
	0.0006946866049840863
	0.0006975166395821713
	0.0006998632653921659
	0.0007021682242503871
	0.0007042233971278864
	0.0007052627278266192
	0.0007052033433397257
	0.0007041559022825173
	0.0007025432614164211
	0.0007010594386779509
	0.000699685472094034
	0.0006977565119254969
	0.0006949619687226432
	0.0006912153859996247
	0.0006861402230476121
	0.0006798459062717227
	0.0006726522793978803
	0.0006647931056722698
	0.000656994890799202
	0.0006499195721046808
	0.0006440909588858367
	0.0006399488031736917
	0.0006373826543130863
