	0.144173702924688
	0.05288718187121881
	0.02355730491661241
	0.01250632443553235
	0.008462037008068041
	0.006952363000642055
	0.006120015663596186
	0.005522311302263417
	0.005190100526824769
	0.005296832953435152
	0.005532737144787959
	0.005429409751762106
	0.005316061319598827
	0.005303525583622128
	0.005348419969851248
	0.005442669584924933
	0.005583900117713148
	0.005761200641012571
	0.005970533278691673
	0.006173807924762974
	0.006396195179885423
	0.006639895474794333
	0.006911517966076157
	0.007224095786571298
	0.007569979983238901
	0.007942622902836642
	0.008333579686114931
	0.008708668747986306
	0.009034930299842982
	0.009312726678991558
	0.009541262285891128
	0.009747646631518489
	0.009943490941556579
	0.01015607899280567
	0.01041378515181419
	0.01073105185671384
	0.01112902247120132
	0.01165891152457052
	0.01235165729394803
	0.01319283386889585
	0.01412021946049374
	0.01504000273080776
	0.01590467214009527
	0.01668615299713143
	0.01736315262818226
	0.01796995056240321
	0.01856613908270952
	0.01915775924125264
	0.01977496234518672
	0.02045514127746458
	0.02124112491605458
	0.02209323876484982
	0.0229407748706447
	0.02376571385224903
	0.02463404607723829
	0.02563264941062432
	0.0267990386672042
	0.02808284833413266
	0.02943107226163366
	0.03079699256461102
	0.03220963026682555
	0.03346073015754539
	0.03416876858718094
	0.03459487198464388
	0.0347968252550239
	0.03477014670197014
	0.03448053115345418
	0.03391448814187768
	0.03317654806107004
	0.0325295140169054
	0.03208273620086882
	0.03180688653500964
	0.03158294300473427
	0.03126010281648558
	0.03083913762445337
	0.03038111013653567
	0.0299152884801656
	0.0294642963515949
	0.02908933829617803
	0.02880501473191445
	0.02855328128546987
	0.02830116417222797
	0.02803578909822001
	0.02776450102928458
	0.02749340166789326
	0.02721491586661819
	0.02689972969541238
	0.02648775336790364
	0.02592742975248509
	0.02523831715907409
	0.02449333617812461
	0.02372249396632185
	0.02297344253307301
	0.02227484999127419
	0.02163051619302559
	0.02102597357313686
	0.02046308709028388
	0.01991631118650929
	0.01937238692989075
	0.01883772782919928
	0.01832427641090835
	0.01782108788907401
	0.01732715076138935
	0.01685377054725138
	0.01641783071553067
	0.01604994160468984
	0.01574884582979367
	0.01549784521210764
	0.01526222233185266
	0.01503493932432697
	0.0148129875680958
	0.01458856058974604
	0.01436301947633942
	0.01413409046945951
	0.01391291986702848
	0.01369180769966352
	0.01346756471723729
	0.013237937392346
	0.01301154633997707
	0.01279448117274041
	0.01258474041120055
	0.01237576814272294
	0.01217786298675902
	0.01197829638652495
	0.01177699086080528
	0.01157590873167025
	0.01137753487335158
	0.01118717929145531
	0.01100675761304202
	0.01083416969557467
	0.01067401298124939
	0.01052826463249032
	0.01039625661957831
	0.01027786038644069
	0.01016777457901071
	0.01006400674485468
	0.009968933087605297
	0.009878777569512876
	0.009797404700275491
	0.009726915119128744
	0.009667475501091009
	0.009616421401510311
	0.009573046668713517
	0.009538109202480698
	0.00950972025905562
	0.00949227119127558
	0.00948332577229612
	0.009475846422499505
	0.009464702488947164
	0.00944278590792892
	0.009402675245319595
	0.009339093563007869
	0.009250484457643265
	0.009139258234616273
	0.009011900058624775
	0.0088770471369629
	0.008743264639870818
	0.008612757248345917
	0.008484910109149937
	0.008361678648008318
	0.008242297115468641
	0.00812427955705145
	0.008007119075583002
	0.007891574507800571
	0.007779259188067166
	0.007666872564245778
	0.007556614302719271
	0.00744777324723618
	0.007344455650835045
	0.007248396944482149
	0.007158673820754261
	0.007076342596039168
	0.006997284881249469
	0.006924579707159462
	0.006852906899031306
	0.006784677449793551
	0.006719323274126918
	0.00666111763350841
	0.00661293053600478
	0.006576670591155352
	0.006552103323660045
	0.006535634805969011
	0.006521126784262418
	0.006504530348238119
	0.006485156912004675
	0.006459339107918326
	0.006426109687104516
	0.006389519025969299
	0.006350894882571298
	0.006312478433829534
	0.0062725995671865
	0.00623337547476285
	0.006194007871602884
	0.006155191850647122
	0.006113391562695624
	0.006069326503735109
	0.006024699913292773
	0.005982539431666286
	0.005941787422431297
	0.005902237547617186
	0.005864610333782068
	0.005827002071768298
	0.005791276143631371
	0.005758806447789916
	0.005731640297818009
	0.005710957031696715
	0.005696380891369859
	0.005684559865737906
	0.005673420551684002
	0.005661272218345561
	0.005646274859293879
	0.00562668563437217
	0.005604377621743604
	0.005580472144617179
	0.005558398444567966
	0.005541647830964292
	0.00553207732372323
	0.005530368929493609
	0.005534851048835138
	0.005545031590794255
	0.005557508662289249
	0.005570861155416071
	0.005584470842437653
	0.005598697453984559
	0.005611867292683542
	0.005619785489856619
	0.005623745701676746
	0.005625284332619053
	0.00562503013779041
	0.005621221728256036
	0.005612815408357888
	0.005599139738909653
	0.005581603613492674
	0.005560938396398537
	0.005537104632931967
	0.00550954730927136
	0.005477897657587741
	0.005441527385333868
	0.005400980184488468
	0.005356861086753118
	0.005309386934421317
	0.005261947602588957
	0.005216444178533521
	0.005173027239701044
	0.005131967421392655
	0.005092629054878454
	0.005053915887008388
	0.005016451093142159
	0.004979304738288633
	0.004944545182815042
	0.004915299878807463
	0.004889056151822793
	0.004862962960485074
	0.004836635740918391
	0.004810409977958897
	0.00478061947766104
	0.004746174569982181
	0.004708634132164134
	0.004667719755229216
	0.004624443472096559
	0.004577160263350829
	0.004528476625323903
	0.004478268316342112
	0.004427853354642268
	0.00438034467498613
	0.004335909268869786
	0.004295254678415626
	0.004257764161405893
	0.004225003360418068
	0.004195778915523233
	0.004172067601251232
	0.004151805414763323
	0.004136329261729383
	0.004122628088287741
	0.004109017984137224
	0.004095077342103852
	0.004082633780897163
	0.004072171969772386
	0.004063167217911458
	0.004056087589864778
	0.004052183398714286
	0.004050555516504276
	0.004049770405182211
	0.004052246390344761
	0.004057609401306514
	0.004070157868216211
	0.004087400656744352
	0.004108460739945721
	0.00413274263164043
	0.004159268530358634
	0.004185473335446208
	0.004207642377804108
	0.004224192615656995
	0.004236098075590716
	0.004244610184422074
	0.004250260898045002
	0.004253962344022478
	0.004256957209621371
	0.004260222274521497
	0.004263573331909388
	0.004266355040446161
	0.004267668596780632
	0.00426796913564602
	0.004265888881875844
	0.00426255111521591
	0.00425689585359136
	0.004248698253757719
	0.004236221615076026
	0.004220995924129113
	0.00420329422397116
	0.004184390511196952
	0.004164413695968898
	0.004144527416836092
	0.004126160098305467
	0.004108992945966631
	0.004093812196990013
	0.004079812065060394
	0.004064933787641037
	0.004049571775767496
	0.004033188925485488
	0.004015714831634984
	0.003997236795888167
	0.003978663107802081
	0.003960105085696154
	0.003942956626685014
	0.003927756856509246
	0.00391554005004478
	0.00390615650724093
	0.003899263188521834
	0.003894696175337887
	0.003889325095409358
	0.003883559793572739
	0.003876812230671817
	0.003869691038095614
	0.003861864687942131
	0.00385427169111426
	0.003846068826785567
	0.003838439658503522
	0.003831765226500562
	0.003826861604598235
	0.003823358734428531
	0.003822584249026597
	0.00382468222728608
	0.003831953886636061
	0.003843934652694963
	0.003860866135088552
	0.003882060850493742
	0.003905370207364068
	0.003928770591418992
	0.003950103464142524
	0.003967127683087071
	0.003980598739822678
	0.003991259099158125
	0.003999433120020865
	0.004006275517387935
	0.004011985686016345
	0.004016167422713433
	0.004018787033321537
	0.004020543344627973
	0.004021497915741562
	0.004020509461204059
	0.004017211661955545
	0.004011882661763461
	0.004005005614024584
	0.003997829098019433
	0.003991345745265814
	0.003985752989962951
	0.003981750524603885
	0.003979451402629962
	0.003977945640764374
	0.003978189702456334
	0.003980522654540425
	0.003986024423441877
	0.003994404499549982
	0.004006191246810995
	0.004021902598640049
	0.004041518856199677
	0.004063682513160849
	0.004087274728727989
	0.004111402427239947
	0.004136628105401517
	0.004164391111395928
	0.004194417597988714
	0.004227581661334526
	0.004263989372611007
	0.004303973775296116
	0.004345026464819914
	0.004386765369986877
	0.004430053177038677
	0.00447399560263096
	0.004519031753231698
	0.004564967071381161
	0.004611240829887402
	0.004655958851120646
	0.004698301564059217
	0.00473639934041035
	0.004770682974268402
	0.004801278925469036
	0.004827452078702374
	0.004847579420803804
	0.004861736815706317
	0.004869970357156054
	0.004873485038772393
	0.004874870952678513
	0.004873709688148172
	0.004873602308760343
	0.004874026263921804
	0.004874451773494013
	0.00487649734478912
	0.004879216587998492
	0.004884146537465012
	0.004889585846263521
	0.004894817642436222
	0.004901039995852929
	0.004908990446652225
	0.004919700069878814
	0.004931946235664297
	0.004942630499576996
	0.004951577268281817
	0.004956654864605141
	0.004958188620865404
	0.004957801366388816
	0.004955654923817662
	0.004953087665983898
	0.004952458147887416
	0.004953803963514756
	0.00495560723791494
	0.004959602820975728
	0.004966069392215573
	0.004972820308269689
	0.00498035434224586
	0.004989053816301491
	0.004997168187199448
	0.005002531857867006
	0.005006864089519588
	0.005010209507634706
	0.005013104564276156
	0.005016016227833296
	0.00501840570301269
	0.00501992229130832
	0.005018587298806641
	0.005014549116805556
	0.005005363751269564
	0.004989897352249668
	0.004968200040457683
	0.004941842874902687
	0.004912727794220139
	0.004881353590717233
	0.004851271190885392
	0.004820975653879472
	0.004791368481640799
	0.004762386944195521
	0.004734900011234124
	0.004709743766460552
	0.004688304075751181
	0.004670412903186346
	0.004655235292353906
	0.004642380267251129
	0.004631192946523465
	0.004620720451103204
	0.004609751444605056
	0.004597696016935914
	0.004583190930550934
	0.004565087418282259
	0.004544908870325028
	0.004524125551661404
	0.004503660503056355
	0.004484160545128956
	0.004466630996088824
	0.004452599487239979
	0.004440397542539133
	0.004430074793186897
	0.004421482876758093
	0.004413676420371346
	0.004406393683025035
	0.004398761650597422
	0.004389151203172848
	0.004379102971665196
	0.00436772197599325
	0.004352943363166884
	0.004335931633989607
	0.004317445534228349
	0.004298650101020913
	0.00428040200554902
	0.00425883821138752
	0.004233076180387446
	0.004204770651025223
	0.00417284296451222
	0.004134753658202964
	0.004093375771623237
	0.004050118816936734
	0.004005150753738559
	0.003960034030253185
	0.003914775144297895
	0.003873783095189393
	0.003835969916844107
	0.003798980261320471
	0.003764470947022895
	0.003731553950644369
	0.003701526435450988
	0.003674773556780877
	0.003651990351748716
	0.003631699788876579
	0.003612681511219902
	0.003596852781460714
	0.003584378769347289
	0.003572069681206184
	0.003560602268067612
	0.003547380387152925
	0.003532701406444765
	0.003516385647380018
	0.003498888093785348
	0.003479672137084257
	0.003460236017596067
	0.00344016477510056
	0.003421571805194374
	0.003405314818871009
	0.003390781095076019
	0.003379118552866657
	0.003369990679678935
	0.003362807406699082
	0.003356836722460621
	0.003352486335463509
	0.003348882703756684
	0.003345557702150934
	0.003342474024603082
	0.003338980024066871
	0.003334765039460727
	0.003330243092094107
	0.00332610152430656
	0.003322416715464801
	0.003319860603314533
	0.003318059354590647
	0.003316918080339641
	0.00331501872211187
	0.003315269232222901
	0.003316758391358906
	0.003319317421118279
	0.00332365606217543
	0.003327379551714363
	0.003330340595991531
	0.003332966192661779
	0.003335430453140687
	0.003337746984194387
	0.00333940102676633
	0.003340326324447525
	0.00333893954697047
	0.003337055736698533
	0.003334952798781383
	0.003333704149241767
	0.003333463112641874
	0.003333532681714471
	0.003332473992906552
	0.003330102834528902
	0.003328150978713094
	0.003328273005438445
	0.003331551000287522
	0.003336956667511924
	0.003343085032169196
	0.003348826983978497
	0.003353264049489147
	0.003357202570050158
	0.003361294217508109
	0.003365267805288231
	0.003369461038821309
	0.003374821497813896
	0.003380850385949239
	0.003385858630831277
	0.003389457291342156
	0.003391049198937956
	0.003391263372379048
	0.003390818513029201
	0.003389665847583969
	0.003387947772198118
	0.003386568019935144
	0.003384997598784432
	0.00338399277584017
	0.003384862986263487
	0.003388295841243128
	0.003392364896898396
	0.003395747083105756
	0.003398891092392486
	0.003401726875286985
	0.003403241283010019
	0.003402671423105541
	0.003399583832002392
	0.003394341112603581
	0.003387171518413706
	0.003377945349466992
	0.003367989301318203
	0.003358753705993252
	0.003351516559227807
	0.003347648583906981
	0.003348334319546448
	0.003353545844102774
	0.003361620534406497
	0.003372050752348999
	0.003383868287056046
	0.003396053204091431
	0.003407907150553559
	0.003418622087442864
	0.003428106653990058
	0.003436588920543663
	0.003444021285675801
	0.003449805059212045
	0.003452584266543344
	0.003451751441948071
	0.003449675014783868
	0.003447618794413892
	0.003447006455033442
	0.003449082567840892
	0.003454022211841836
	0.003460583452777368
	0.003467397689996539
	0.003474427823865154
	0.003482348128579474
	0.003490728906114967
	0.003498272037727189
	0.003504712802892738
	0.003510703066849441
	0.003515963886683541
	0.003519666502130875
	0.003521269205276855
	0.00352043534940083
	0.003516896527117016
	0.003510274599465223
	0.003499286232094888
	0.003483722929740534
	0.003464661638891773
	0.003444684160079879
	0.003425526583024436
	0.003407745589196579
	0.00339163334436767
	0.003377354874836687
	0.003365133355163751
	0.003354979546470959
	0.003346095246075156
	0.003337545004436426
	0.003328115324927255
	0.003317206161397352
	0.00330505354261198
	0.003292015839097261
	0.003279230088161389
	0.003268152173801034
	0.003259097893458619
	0.00325247470237643
	0.003247548941063744
	0.003244596816012739
	0.003244014632279678
	0.003246055057308439
	0.00325055627332546
	0.003257236565144828
	0.003266042148022029
	0.003278198208272818
	0.003293606309861423
	0.003311251901949994
	0.003330165006996276
	0.003348845797660411
	0.0033677990751621
	0.003387232262877948
	0.003407203049559955
	0.003428037333095157
	0.003451084958808835
	0.003476937812205665
	0.003505771730965862
	0.003536482950153262
	0.003568181639401603
	0.003600392808915561
	0.003633055224020359
	0.003666785543603832
	0.003701429103333975
	0.003737237766111024
	0.003774249254829152
	0.003811981522288623
	0.00385051284481191
	0.00388947723878631
	0.003927925677147775
	0.003964364608196374
	0.003996818282345689
	0.00402398003467849
	0.00404552049366068
	0.004061660645796119
	0.004072577569014366
	0.004079039207767956
	0.004080741441933526
	0.004077326579335673
	0.004069588702294707
	0.004059315092234219
	0.004047483886152858
	0.00403350483860939
	0.004016998009565779
	0.003997646981712413
	0.003975883437508378
	0.003953940199205559
	0.003933740379340594
	0.003914541741251331
	0.003896659003405248
	0.003880774520424195
	0.003866735526791478
	0.003853766302932421
	0.003840923083762719
	0.003827468601183925
	0.003812594476657489
	0.00379575371320281
	0.003777548246347782
	0.003758445135145194
	0.003737653504976767
	0.003715489057798599
	0.003692251813344919
	0.003668060638359223
	0.003643017298838872
	0.003616771640979258
	0.003590289890925864
	0.003564484268180182
	0.00354065964679718
	0.003519894335065577
	0.00350153288244117
	0.003484807567711425
	0.003469094535512292
	0.003452546357022875
	0.003434768171841014
	0.003417289174272405
	0.003398148350340342
	0.003377223378557771
	0.003354677910781929
	0.003331816877722701
	0.003309542003870092
	0.003288954062827264
	0.003270384792883473
	0.00325353026842655
	0.003238822966173898
	0.003226833779167979
	0.003217654747586963
	0.003210619305041005
	0.003203838598007191
	0.003196424040172837
	0.003189576123985053
	0.003182661066899635
	0.003175257276056898
	0.00316847042332104
	0.003162896690180194
	0.003157720318915624
	0.003152652316683944
	0.003147603059781708
	0.003142105418157369
	0.003136567895259682
	0.003130984269970861
	0.003125897381588513
	0.003120791666532889
	0.003116040151473505
	0.003112146112114626
	0.003108253226288887
	0.003105079344394104
	0.003102647482545274
	0.003100802441806655
	0.003100104169209517
	0.003100454420158632
	0.003102072003874003
	0.003104725542407216
	0.003108453903453377
	0.003112098902252194
	0.003113785727410258
	0.003113260427490789
	0.003110812652721182
	0.003106998770207406
	0.003102861242109776
	0.003099423541823902
	0.003096959689712487
	0.003095907537992481
	0.003095693679232879
	0.003095180740652091
	0.0030931484716793
	0.003090437485530197
	0.003087773217195637
	0.003085393138228595
	0.003083083308167271
	0.00307997606614635
	0.003075137982946756
	0.003068266166759307
	0.003059298658189072
	0.003049492099873223
	0.003039382504112364
	0.003030118561195126
	0.003022046302523439
	0.003015385285011508
	0.003009707257864613
	0.003004923592190663
	0.003000921438446948
	0.002997997231104513
	0.002996085489565986
	0.002994148595435665
	0.002991458870309375
	0.00298826166114453
	0.002984340863574804
	0.002979874793261531
	0.002974341123158403
	0.002967936841222981
	0.002959666282837962
	0.002949878814521983
	0.002939410043170755
	0.002929185448848728
	0.002920307667469232
	0.002911851854095878
	0.002902978769321603
	0.00289361054499242
	0.002883390713313805
	0.002871874492917808
	0.002859085511746289
	0.002844901098581564
	0.002829467408589781
	0.00281388310222192
	0.002798936774321637
	0.002785474873074812
	0.002774692464995296
	0.002766962343970744
	0.002762670631519865
	0.002761390878058358
	0.002763086590438774
	0.002766738476409394
	0.002771493174596015
	0.002776882493712234
	0.002783086274053667
	0.002789844716644276
	0.002796377256171826
	0.002802778154016216
	0.002808011958295377
	0.002810949036773289
	0.002811970083917991
	0.002811630474402824
	0.002810238070832217
	0.002808567222255258
	0.002807653878674512
	0.002807493772899607
	0.002807927476387704
	0.00280912088660319
	0.002811191357763276
	0.002814342438769254
	0.002818147298538581
	0.00282175513399655
	0.002824708529115523
	0.002826507784541156
	0.0028276530623984
	0.002829445750180763
	0.002832593732544644
	0.00283623434584642
	0.002839731196365552
	0.002842721736972826
	0.002844720921903674
	0.002845009882922577
	0.002843214074284408
	0.002839425236576743
	0.002835150171419085
	0.002830394593543182
	0.002824429538530067
	0.002817356084052511
	0.002810312434698004
	0.00280419182207994
	0.002799298823340969
	0.002795281014901974
	0.002791498429245699
	0.002787765598387231
	0.002782973074750163
	0.002776267971947361
	0.002767816275014324
	0.002758332046005636
	0.002748139244576272
	0.0027368710424967
	0.00272497334573123
	0.002713524501282615
	0.002702698200291769
	0.00269328932527627
	0.002685642388295171
	0.002678592210300686
	0.0026717374054578
	0.002664476458836357
	0.002656856008755636
	0.002649133774618753
	0.002641976721772356
	0.002634649245291772
	0.002627123584571117
	0.002619806415406444
	0.002613006832134884
	0.002606388984910669
	0.002599205183522932
	0.002591116599271314
	0.002582784583441398
	0.00257472500010127
	0.002567481060096987
	0.002561217152510435
	0.002555474797579281
	0.002550277920547613
	0.002545510174593601
	0.00254067059105536
	0.00253595411862066
	0.002531685927377152
	0.002528337917006729
	0.002526008661320343
	0.002524784294626462
	0.002525357666714487
	0.002528396076865179
	0.002533806796392278
	0.002541958766608691
	0.002552735412350369
	0.00256632397110216
	0.002582087599551334
	0.002598865786898886
	0.002616482748440415
	0.002634780764412445
	0.002653761960873165
	0.002673407888441034
	0.002694505250893557
	0.002717559705879623
	0.002742196909768943
	0.002767548794677518
	0.002793002331888885
	0.002817539735211039
	0.002841001040396715
	0.00286305669684332
	0.002884334987572801
	0.002904974893460113
	0.002925518543574625
	0.002945700135246574
	0.002965104074726243
	0.00298312685922962
	0.003000094210014122
	0.003016203881207535
	0.003031893357308727
	0.003047703130961863
	0.003063787925208617
	0.003080925562335184
	0.003099262147385575
	0.003118516956435833
	0.003138690519860667
	0.003159225592515792
	0.003179370669218716
	0.003198606051866861
	0.003216704330938819
	0.003234507536274876
	0.003251501678883075
	0.003267327510708154
	0.003282814442402749
	0.003297928196587695
	0.003312838633440379
	0.00332739705079484
	0.003341744630770736
	0.003355872542788174
	0.003369525430301263
	0.003381933306899299
	0.003391718599037126
	0.003398081037137991
	0.003401802585193838
	0.003403615095044263
	0.003404342034840585
	0.003404384915429009
	0.003403517893115943
	0.003401891868230879
	0.00340065658512372
	0.003399546290323169
	0.00339772095836446
	0.003394504986554915
	0.003388642499782372
	0.003379677457364375
	0.003368382490205566
	0.003353807374821698
	0.003336147775791085
	0.00331508982152123
	0.00329242673298793
	0.003269198255495793
	0.003246782506044673
	0.003224149276701006
	0.003201350554799391
	0.003178425840597269
	0.003155594022833079
	0.003133165445753077
	0.003111214367636127
	0.003089738110357411
	0.003069206266616943
	0.003049363003026796
	0.003030560329033783
	0.003013802704145567
	0.002998973392821083
	0.002986883223710457
	0.002977451765798969
	0.002970595424456289
	0.002966284082874371
	0.002964555552114033
	0.002964889907861442
	0.002965988665254935
	0.002967532363354232
	0.002970405675473364
	0.002975765692085144
	0.002982433243546228
	0.002989667470305898
	0.002997233155086116
	0.003004722514749098
	0.003012810110395584
	0.003021489296907754
	0.003030925657561134
	0.003041100169472472
	0.003052075812027473
	0.003063856587875218
	0.003076631888290447
	0.003090154478599005
	0.003103766647988168
	0.003116592565098372
	0.003127986896753308
	0.003137731648017364
	0.003145973180726601
	0.003151832841605423
	0.003155215627311282
	0.003156821153642326
	0.003157234549636868
	0.003157219782512784
	0.003156934440225492
	0.003155707180215613
	0.00315324459879634
	0.003149976394393184
	0.003146493684342678
	0.003143370849328839
	0.003140102431662847
	0.003136203881867186
	0.003132043397067219
	0.003128156439454139
	0.003124988059269684
	0.003122979811186459
	0.00312283425294871
	0.003125181933570981
	0.003130188785092068
	0.003136366942356073
	0.003141856816376578
	0.003144814976392872
	0.00314441970939853
	0.003141114545394629
	0.003134712427533408
	0.003125303826157974
	0.003113371569821672
	0.003098746355920123
	0.003082205468309891
	0.003064596469352125
	0.003046354633929183
	0.003027543370045195
	0.003008411120865128
	0.002989304806457602
	0.002970990488949948
	0.002954119688021082
	0.002939115858130812
	0.002926072334898011
	0.002914891062522697
	0.002905750941897121
	0.002899010622547956
	0.002894002393745797
	0.00289040635291417
	0.002887622141260494
	0.002884463679478627
	0.002879912156093769
	0.002873701720439202
	0.002866238925262012
	0.002858432548353392
	0.002850419089571929
	0.002843080923139815
	0.002836468412004133
	0.002830402794482496
	0.002823781848192984
	0.002816431937889919
	0.002807961072409978
	0.002798072390765055
	0.002786255906927121
	0.00277203263730547
	0.002756054682074221
	0.002738992378262471
	0.002722436696666245
	0.002707517649436652
	0.002694494601113759
	0.002683400866672606
	0.002674384638106019
	0.002667615584949166
	0.002663985137537729
	0.002663311590033564
	0.002664658202164532
	0.002668018368072025
	0.002672785981887887
	0.002677850735499083
	0.002682817364698149
	0.002687884425728084
	0.002691779475226809
	0.002694096481893301
	0.002695319838178487
	0.002695921620255717
	0.002696409710651848
	0.002697292188555121
	0.002698509101833048
	0.002700297713122459
	0.002702572367002546
	0.00270655394346462
	0.002713347870000506
	0.002722549846156379
	0.002733507518892822
	0.002745826727712712
	0.002759190201017034
	0.00277322305499849
	0.002788359281784163
	0.002804784193920216
	0.002821237265116658
	0.002836316004249358
	0.002849580746572819
	0.002861357309304663
	0.002872430273561464
	0.002883073397373071
	0.002894615738191637
	0.00290849268574841
	0.002925381833168684
	0.002944525201103355
	0.002965154660941988
	0.002986183447460856
	0.003005325533182717
	0.003021547812917382
	0.003033608026359052
	0.003041382217884149
	0.003044750587852833
	0.0030444390437791
	0.003041064503167923
	0.003034756158536168
	0.003026029259471967
	0.003015430481057324
	0.003004221581155223
	0.002992836078932204
	0.002981488659000298
	0.002970890384674471
	0.002961717851520555
	0.002953328202465407
	0.002944334119564762
	0.002934075015179719
	0.002922930475208718
	0.002912048218494456
	0.002901395886947572
	0.002890929742579019
	0.002880086707417785
	0.00286877813758538
	0.002857669083850644
	0.002847421134676121
	0.002838413643018316
	0.002830566435468274
	0.002823572120105665
	0.00281630005232304
	0.002808607607353351
	0.002800654580082006
	0.002793477802396401
	0.002787854874895887
	0.002783740634066421
	0.002781783550606841
	0.002781692501921192
	0.002782936928126287
	0.002785167193304033
	0.002788957555283732
	0.002794505079918292
	0.002801867069780906
	0.002810021164677266
	0.002818074119856466
	0.002825258458787276
	0.002830495466389831
	0.002833596175607098
	0.002835238257739497
	0.002836260515801274
	0.002836394329536637
	0.002836139101110193
	0.002836852485274902
	0.002838399383915619
	0.002840548777135994
	0.002842673364574897
	0.002844570000035592
	0.002846076115749999
	0.00284696476414115
	0.002847048362921114
	0.002846510475283403
	0.002845516959649293
	0.002843405227864569
	0.002839286455140843
	0.002833629241649034
	0.002827262489326526
	0.002821041353128193
	0.00281457198137704
	0.002808298683724494
	0.00280253252480133
	0.002797315205222721
	0.00279230888047708
	0.002787372963109914
	0.002782521660104544
	0.002777139544463452
	0.002771106690910085
	0.00276331311224899
	0.002753537886740301
	0.002742261545653762
	0.00273020805758417
	0.002718158553185158
	0.002706574327448087
	0.002696298178656964
	0.002686939045493923
	0.002677881201574455
	0.002668341314397691
	0.002658487091836878
	0.002648323509834967
	0.002637033512034058
	0.00262455678710859
	0.002611955694940526
	0.002600279534905901
	0.002589851991635655
	0.002581547216554618
	0.002576414579944859
	0.002575287670003807
	0.002577299818877334
	0.002581224239705684
	0.002586483506212308
	0.002592196489206003
	0.002596938707370496
	0.002599712234152414
	0.002600400597652511
	0.002599311488524811
	0.002597387926544767
	0.002594965713064157
	0.002591919885568859
	0.002587867049449568
	0.002583231403758493
	0.00257905043935985
	0.002576135938324071
	0.002574379728883457
	0.002573781487285133
	0.002574556986114582
	0.002577272956348868
	0.002582279560006562
	0.002588879099523178
	0.002596074630456965
	0.002603631019313906
	0.002611251427040048
	0.002618390411293739
	0.002624963823007152
	0.00263003668144176
	0.002633170649797084
	0.002634518070974918
	0.002634485865389475
	0.002633732531403367
	0.002632721650490528
	0.0026319930742484
	0.00263231022104809
	0.002634232873473866
	0.002636848945295368
	0.002640240036623393
	0.002644804127906516
	0.00265048376730429
	0.002657424555586001
	0.002665363024863245
	0.002674073855841697
	0.002683008433345842
	0.002691129940730826
	0.002698164863523562
	0.002703891338833522
	0.00270809811925429
	0.002711718660779189
	0.002715251178784691
	0.00271918597709198
	0.002723083728075064
	0.002726377990569244
	0.00272914016465225
	0.002731672979261764
	0.002734132311510294
	0.002735689008224441
	0.002736773687154436
	0.002737439274822537
	0.002738076645915768
	0.002739177540110165
	0.002740786248245988
	0.002742680406230478
	0.002744344470832144
	0.002745230257764244
	0.002745253650545705
	0.002745030602394577
	0.002745254647887281
	0.002746766783752814
	0.002750271709596673
	0.00275588120605104
	0.002764265715318082
	0.002774828595992586
	0.002786953686002411
	0.002799644727459268
	0.002812579254512661
	0.002825230098601899
	0.002838097436764536
	0.00285131226693095
	0.002864636898613356
	0.002878106545463471
	0.002892401132968032
	0.002907677781863018
	0.002923431673959058
	0.002938832636374132
	0.002953036054279452
	0.002964623915682046
	0.002972877673020083
	0.002978143416217543
	0.002981192452047373
	0.00298252448416078
	0.00298248375035448
	0.002980869877371938
	0.002978572874420902
	0.002976575987432316
	0.002976461494046507
	0.002978152834564695
	0.002980916453904785
	0.002983366383633198
	0.002984583511131879
	0.002983828210692148
	0.002981124628954832
	0.002976773080603167
	0.002970527003316877
	0.002961924512999421
	0.002951291524627992
	0.002939064855589887
	0.002926250227221402
	0.002912824081463765
	0.002900128922735662
	0.002888626591143193
	0.00287884312539109
	0.002870457496189683
	0.002863152016652808
	0.002856782927348945
	0.002851145163322955
	0.002846379058302572
	0.00284288781635246
	0.00284037937646884
	0.002839128736911189
	0.002838735501205969
	0.002838530532344105
	0.002838210695639798
	0.002838474390448061
	0.002840558395743678
	0.002844781217702569
	0.002850038671093127
	0.00285602199458303
	0.00286246469739352
	0.002869411324962101
	0.002876698200104498
	0.002884530285972805
	0.002893205949546229
	0.002902384562417694
	0.002911663449372137
	0.002920802786968311
	0.002929655472414772
	0.002937477331977313
	0.00294444667260084
	0.00295101306702598
	0.002958053163722911
	0.002965855358267194
	0.002973391009784294
	0.002980263199470945
	0.002986275704817529
	0.002991025053278177
	0.002993499745614849
	0.00299280914371135
	0.002988476661302559
	0.002980237347823791
	0.002967099123110614
	0.002949472013832277
	0.002927988861747373
	0.002904205551742498
	0.00288077497803527
	0.002859997463333318
	0.002843008393854768
	0.002830267854085049
	0.002821534000228516
	0.002816783415053171
	0.002814426006936993
	0.002813242399952569
	0.002811735936571638
	0.002808673005491008
	0.002803263796984279
	0.002795682982809958
	0.002786007597621402
	0.002774635455957003
	0.002762316401414588
	0.002750021665665786
	0.002737550846765039
	0.002725092616686772
	0.002712307583775166
	0.00269801882779861
	0.002682640119682733
	0.002666493134311587
	0.002650079596448278
	0.002633511015736752
	0.002617197483169093
	0.002600871605304113
	0.002585087654338087
	0.002570429925252029
	0.002557247688408721
	0.002545110194640616
	0.002533929163758588
	0.002523613140833241
	0.002513921555323072
	0.002504551999980754
	0.002495395021658867
	0.002486198098561429
	0.002476935666626456
	0.002467406670282148
	0.002458177490737635
	0.002448769670898512
	0.002438825583658762
	0.002428152551095093
	0.002416596044467701
	0.002404241630849346
	0.002391837346726264
	0.002379895953662678
	0.002368331551357127
	0.002356478693200999
	0.002344507835309437
	0.002333062696057177
	0.002323133523945618
	0.002315184682842465
	0.002309045741617728
	0.002304425272899999
	0.002301015582932187
	0.002298334700448314
	0.002295582879540408
	0.002292471106977251
	0.002289182252780369
	0.002285983470890869
	0.002283281749325362
	0.002281284631335213
	0.002280234263812579
	0.002280334001943557
	0.002281758751081186
	0.002284398286134535
	0.00228831650776378
	0.002293661325511393
	0.002300472229264428
	0.002308272965626548
	0.002316953524580566
	0.002326046421792502
	0.00233597308302637
	0.002346872617397698
	0.002358933984619731
	0.002372652083801973
	0.002387841420292482
	0.002403958075638997
	0.002421158564249204
	0.002438875468402626
	0.002456874271792254
	0.002474689465549143
	0.002492190583444825
	0.002508994412461505
	0.002524286669233024
	0.002537807663756438
	0.002548910648004053
	0.002557133275663325
	0.002562157049790132
	0.002564245283433154
	0.00256390934658401
	0.00256188667806693
	0.002559002934724245
	0.002556057094062636
	0.002553723676563715
	0.002553368735288252
	0.002554311754961396
	0.002555769862474062
	0.00255784418861314
	0.00256078650154512
	0.002564340944095621
	0.002567831627516011
	0.002569986532393558
	0.002570188641975874
	0.002568345977329911
	0.002564424839528856
	0.002560257679087918
	0.002557019544559639
	0.002555181590904313
	0.002555497960124068
	0.002558142600557099
	0.002562895859177778
	0.00256983021394109
	0.002578608287430903
	0.002588244094489806
	0.00259848400024659
	0.002609101005808479
	0.002618708712968196
	0.00262676881361483
	0.002632770463156752
	0.002636448671011483
	0.002638809221231138
	0.002641079771342909
	0.002643575254708306
	0.002645841822796266
	0.002647337868279291
	0.002647312109206615
	0.002646530405722396
	0.002645518926678483
	0.002644445050171576
	0.002643793671908856
	0.002643232696655695
	0.002642871019873375
	0.002643433600964324
	0.002645038795166777
	0.002648057735314905
	0.002651360135232888
	0.002654662461208635
	0.002658096055198473
	0.002662077906707083
	0.002667565152039772
	0.002674743049330516
	0.002683370388524983
	0.002692967257607371
	0.002703052629933361
	0.002713569195155178
	0.002724144065051776
	0.002734045043418858
	0.002742953002107497
	0.002751085897037596
	0.002758323697127449
	0.002764332765059077
	0.002768410176394224
	0.00277020409244083
	0.002770130544424668
	0.002768578109997227
	0.002766145489435843
	0.002763789196385603
	0.002762244288974998
	0.002761289616687493
	0.002760987404963642
	0.00276130481370287
	0.002762155620072241
	0.002764135985494235
	0.00276669615950742
	0.002768443437104408
	0.002768842024578358
	0.002767592535000896
	0.002765075216489377
	0.002761880952163229
	0.002758230864631807
	0.002754929816740611
	0.002753241536678345
	0.002753756740592271
	0.002756605804114172
	0.002760968442000931
	0.002765429113669324
	0.002768803365068963
	0.002769921407032671
	0.002768699115089614
	0.002766174004100581
	0.002762670357697968
	0.002757044471746263
	0.002749945905629714
	0.002742574499661413
	0.002736516627367052
	0.002732128060942981
	0.002728581004798023
	0.002726607047039716
	0.002725343634565291
	0.002725008263485963
	0.002725440076802082
	0.002727108300871649
	0.002729834805113984
	0.00273278084062112
	0.0027350119839911
	0.002736293020168409
	0.002737101312638863
	0.002737947425140441
	0.002739171924578271
	0.002740901862505318
	0.002743410045217992
	0.002746390989836736
	0.002749936765844229
	0.002754553492029687
	0.002760017946093705
	0.002766900306858612
	0.002775387668918718
	0.002784240492266468
	0.002793095658944302
	0.002800734348106495
	0.002806364309209352
	0.002810070757538842
	0.002812464425037961
	0.002814770752433396
	0.002817928780670013
	0.002822063980548389
	0.002828306884015304
	0.002836943318073691
	0.002846510986549749
	0.002857158048453165
	0.002869260612552356
	0.002881578965925303
	0.002893364196832306
	0.002904715222263968
	0.002916014972390765
	0.002926769793109321
	0.002936320293168119
	0.00294364010619956
	0.002948770045132919
	0.002951288842726143
	0.002951655019637389
	0.002951260454468818
	0.002949900841406157
	0.002948163622800685
	0.002945398091825373
	0.002940866929745856
	0.002935320188871524
	0.002929547271310759
	0.002924343728650248
	0.002919739606509949
	0.00291538210306672
	0.002911580881528361
	0.002908964875003952
	0.002907860559106418
	0.002908245766626142
	0.00291019428740317
	0.002914351110368624
	0.002920537699752943
	0.002927733025235319
	0.002934822817856391
	0.002940662196753727
	0.002945433424921724
	0.002949064615294586
	0.002951839469131781
	0.002954733115175539
	0.002957185985121818
	0.00295824136140941
	0.002958201494506871
	0.002957397109073656
	0.002955207416830689
	0.002951448155642316
	0.002946733708603209
	0.002942198302026961
	0.002937740057803327
	0.002933529697369307
	0.002929845772640308
	0.002926188547925561
	0.002921416542146717
	0.002915236631033
	0.002908012716204081
	0.002900177887815365
	0.002892290156800818
	0.002884749002919707
	0.002877555506317795
	0.002871052197604993
	0.002865492477505131
	0.002860763790165114
	0.00285739378349942
	0.002856003642049573
	0.002856077217542935
	0.002857647471010715
	0.002860744354241638
	0.002865357969913439
	0.002871007260071325
	0.002878513090530363
	0.002887896935850905
	0.002897871879760041
	0.002907098055816782
	0.002915397381419745
	0.002922351203859101
	0.002927385152645332
	0.002930538811787959
	0.002931857047017638
	0.002931520023606693
	0.002929803024226417
	0.002926587281298353
	0.002921458234744573
	0.002913990661621247
	0.002903714461845722
	0.002889943748924263
	0.002873853555517405
	0.002856348513552945
	0.002838038441708131
	0.002819743293356114
	0.002802520968715549
	0.002786770500596829
	0.002773487914399154
	0.00276281953402109
	0.002754364339994583
	0.002748167398246826
	0.00274364764896073
	0.002740465218848747
	0.002739106613281053
	0.002739784560100648
	0.002742133448930833
	0.002745695220519256
	0.002750144245453899
	0.002755803019233214
	0.002762488864903342
	0.002769790502460391
	0.002777823996918191
	0.002786606665232839
	0.002795794245631512
	0.002804354296113766
	0.002811756647684824
	0.002818115890881879
	0.002823562200431852
	0.002828786618491219
	0.002833457991377822
	0.002837732524526225
	0.002841495755567369
	0.002844520603347022
	0.002846690496366882
	0.002848605332420496
	0.002850668274050805
	0.002852531114920592
	0.002854774447467774
	0.002857288545863345
	0.002860137519829279
	0.002862689540974912
	0.002864085827293869
	0.002863445078830786
	0.00286064071928609
	0.002855540301411823
	0.002849332679801784
	0.002843347278926809
	0.002837513138315698
	0.002830894017177838
	0.002822959326416579
	0.002813388249615542
	0.002803197435148113
	0.00279289369628089
	0.002782072661075683
	0.002770591047082431
	0.002759319014008767
	0.002748236875337075
	0.002737710646905821
	0.002728787836059872
	0.00272078092261307
	0.002712703129540479
	0.002703413393001045
	0.002693261294698024
	0.002682959716039595
	0.002672507905048761
	0.002661846491834379
	0.002651044583307767
	0.00264096826954281
	0.002631351473711225
	0.002621504558830175
	0.002611199313574682
	0.002600323333234845
	0.002589436505605136
	0.002579089672487841
	0.002569458577871695
	0.002561172315091402
	0.002554615874956046
	0.002549914072499866
	0.002547108737855212
	0.002545899769343394
	0.002546166684283184
	0.002547949685078561
	0.00255087729835038
	0.00255449181378546
	0.002558831897731035
	0.002563675317730681
	0.002569508289534859
	0.002576499879519625
	0.002584449395840692
	0.002592825633629167
	0.002600162191302927
	0.002604497358039906
	0.002605446877338164
	0.002603164967341934
	0.002597357763216545
	0.002588278011659062
	0.002575912525680005
	0.002561769102401417
	0.00254648196190913
	0.002531401848877933
	0.002517222836164031
	0.002504207695450564
	0.002492493997336574
	0.002482478306903529
	0.002474425834850231
	0.002468286022577145
	0.002464379983778161
	0.002462357322494872
	0.00246219355349927
	0.002464116981900779
	0.002467050818027424
	0.002471111824140276
	0.002476562850818642
	0.002483477151747512
	0.002491998945969225
	0.002501624366803092
	0.002512061986112109
	0.002523822662790357
	0.002537635216883135
	0.002553976037998491
	0.002572678959973884
	0.002592643963849774
	0.002612827811822255
	0.002632836061320803
	0.00265248635396003
	0.002671251029953898
	0.002689083740802067
	0.002706331363023512
	0.002722728772305841
	0.002737942192994664
	0.002750792861352133
	0.002760674115458842
	0.002768044622556363
	0.002773705438453134
	0.002778349101268159
	0.002782713060218916
	0.002787385979168305
	0.00279275111813004
	0.002799188305959962
	0.002806903742869293
	0.00281491669838243
	0.002822996284912098
	0.002831619006233327
	0.002841197425550416
	0.002850516939118009
	0.002858242803363877
	0.002864086641358822
	0.002868019288286032
	0.002869776356745205
	0.002868573146218416
	0.002864720220011188
	0.002858677682575865
	0.002851903809854004
	0.002844878382784426
	0.002838577104749143
	0.002834581369987264
	0.002833012643689748
	0.002833417937567133
	0.002834800573373406
	0.002836259800081817
	0.0028379328717955
	0.002839857022345186
	0.002841860414316842
	0.002843904396698429
	0.002845984033946426
	0.002848737503722665
	0.002853064265222784
	0.002860447405236185
	0.002871606583617504
	0.002886493634039702
	0.002904221575056
	0.002922863973878192
	0.002940983287448743
	0.002957459600314678
	0.002971216390920037
	0.002980707093283928
	0.002985314149223349
	0.002984788535789706
	0.00298016964589071
	0.002972896491713915
	0.002964692513860816
	0.002956562945431709
	0.002948137980621951
	0.002938619517890204
	0.002927883028691363
	0.002916169411118366
	0.002904195681728182
	0.002893774110341911
	0.002885000734751465
	0.002877807147753689
	0.002872303371286631
	0.002867964301365904
	0.002864974402469725
	0.002861645113699551
	0.002856916649071743
	0.002850273512463424
	0.002842498676089014
	0.002832640433217468
	0.002820689072123198
	0.002807313368403085
	0.002792607518705203
	0.002777340449221385
	0.002761820245009951
	0.00274680579383436
	0.00273221149403432
	0.002718415337937851
	0.002705639538319879
	0.002693788391367065
	0.002683001922891355
	0.002673411919785612
	0.002665465562104358
	0.002659327270630358
	0.002655279626009895
	0.00265319839720785
	0.002652991958763028
	0.002653802072077307
	0.002654789577238973
	0.002655686125308439
	0.002656995486900732
	0.002659116115298738
	0.002662278641030295
	0.002666233500825565
	0.002670000146262779
	0.00267338073895184
	0.002676002706844425
	0.002677200498963661
	0.002677161170131326
	0.002676056483220899
	0.002674220455995213
	0.00267221004737066
	0.002669907691183817
	0.002667611688013405
	0.002665287965887618
	0.002663102831098533
	0.002660878276585069
	0.002657996722551039
	0.002654191878009126
	0.002649613970906734
	0.002644103712241315
	0.00263770607512023
	0.002630752581809329
	0.00262336052423663
	0.002616102151083749
	0.002609416718668655
	0.002603737708881244
	0.00259899671326823
	0.002594970199149505
	0.002591012440653327
	0.002587170324166937
	0.002583557865039524
	0.002580063941880562
	0.002576813820675993
	0.002574052724388087
	0.002571978623543909
	0.002571016421352574
	0.002571200061243185
	0.002572159966516821
	0.002573823550570784
	0.002576544160830014
	0.002580248646455395
	0.002584376273262103
	0.002588651185484066
	0.002592101487589826
	0.00259458924685297
	0.002595983605656656
	0.002596427117192037
	0.002595686900089434
	0.002593169827955762
	0.002588639397509644
	0.002582265454540344
	0.002574453149875625
	0.002565371886891779
	0.00255551553606619
	0.002545270750699526
	0.002536251636534809
	0.002529085287343884
	0.002523664156481023
	0.002519877341555138
	0.002517700978485628
	0.002516800249316149
	0.002516809149967254
	0.002517444380090632
	0.00251801007114934
	0.002518643656880575
	0.002519462768978887
	0.002520290937763132
	0.002520445484374613
	0.002519122538122781
	0.002516291588901623
	0.002512145744256385
	0.002507345338378174
	0.00250213670313531
	0.002496854317096149
	0.002491523054451353
	0.002485953257529204
	0.002480698693284403
	0.002476258296690569
	0.002473515208436732
	0.002472328988963545
	0.002471872964440078
	0.00247152254240432
	0.00247085291882957
	0.002470169716866834
	0.002470025826719878
	0.002471025543131206
	0.002472863522893895
	0.002475055387047041
	0.002477066461863898
	0.002478762753623155
	0.002480038959264364
	0.002480436988615574
	0.002480578863431323
	0.002480136536967867
	0.002478321493075981
	0.002475482486059616
	0.002472086425601839
	0.002468239613695185
	0.00246348226456469
	0.002457771330051432
	0.002451564615359713
	0.00244563603876041
	0.002440687105176168
	0.002437090014901946
	0.002434734984471824
	0.002433204444568693
	0.002432157994013529
	0.002431259950412079
	0.002430124911254024
	0.002429007955949818
	0.002427525802330995
	0.002425904185754757
	0.002424679144147366
	0.00242384284708862
	0.002423789716380809
	0.002424595467914205
	0.002425723010165533
	0.002427000946496274
	0.002428951521780941
	0.0024324907426095
	0.002437748864355365
	0.002444738792436764
	0.002452365888495201
	0.002459961177489528
	0.002467219050554599
	0.00247378277899886
	0.002479570528797838
	0.0024848935680272
	0.002490398212938383
	0.002496682460587437
	0.002504167216405922
	0.002512966251068129
	0.002522637377719224
	0.002532972713861558
	0.002543734526081059
	0.002554230018996524
	0.002563259188632777
	0.002570187535761051
	0.00257462711847031
	0.002576232463044509
	0.002574946370345761
	0.002570799389362855
	0.002564087960920538
	0.002555366676485743
	0.002545248190334574
	0.002533936099631063
	0.002522581882990003
	0.002512340840680186
	0.002504335668395603
	0.00249915494139196
	0.002496229980218429
	0.002494272689559128
	0.002493478517607697
	0.002493438780848869
	0.002493391712945383
	0.002492624156354295
	0.002490609599878741
	0.002487399511213576
	0.002482863007358571
	0.002477031810941453
	0.002470484102229521
	0.002464207738941614
	0.002458627490922649
	0.002454067056120363
	0.002449943817300239
	0.0024455341751835
	0.002441151034051494
	0.002436624552051537
	0.002432096386890264
	0.002427317103617066
	0.002421353215194873
	0.0024137579929507
	0.002404881191974045
	0.002395336900532378
	0.002385904580779541
	0.002377492947191669
	0.002370965101931841
	0.00236658774272047
	0.002364416363905103
	0.002364854403949211
	0.00236778477094401
	0.002372827509101
	0.002379360333955655
	0.002386654653132436
	0.002393793722492555
	0.002400501145674574
	0.00240720323412056
	0.002414465459051251
	0.002422681163527519
	0.002432046843769493
	0.002442079426257937
	0.002452430086742389
	0.002463597828134244
	0.002476900418680842
	0.002493478439269109
	0.002513188820622895
	0.00253497117225914
	0.002557518886013287
	0.002578383901945545
	0.002596169842624586
	0.00261134127290724
	0.00262422337641668
	0.00263527199402826
	0.002645596619320895
	0.002654649012515391
	0.002661626290615514
	0.002666447908291265
	0.00266869278771838
	0.002669491180617618
	0.002670312251511566
	0.00267331064884966
	0.002679017070329101
	0.002687512243547092
	0.00269780507519375
	0.00270910921797233
	0.00272141687236743
	0.00273419028992133
	0.002745627847334999
	0.002755650466074879
	0.002764982476450993
	0.002774042434546317
	0.002783589955548272
	0.002793998449287436
	0.002805574051314913
	0.00281830701295635
	0.00283206627572739
	0.002845626778310936
	0.002858254246536724
	0.002869299495307199
	0.00287857271989336
	0.002884992521774791
	0.002888219056714708
	0.002888308567173705
	0.002886340213911622
	0.002883274213742583
	0.002879416744107847
	0.002875003025801297
	0.002869700566037147
	0.002864688426826317
	0.002860308868399419
	0.002857390979678474
	0.002856653974334075
	0.002857595205754042
	0.00285980825759917
	0.002862976879062916
	0.002867401428858342
	0.002872119844335147
	0.002875904818244737
	0.002876883536635154
	0.002874903776455054
	0.002870341085603936
	0.002863783169781966
	0.002855822385067997
	0.002846218519866018
	0.0028346997255833
	0.002822058974096984
	0.002809219198833087
	0.00279632505706665
	0.002783203330016346
	0.002769991193125098
	0.002757086580456022
	0.00274422618531882
	0.002731049211525237
	0.002717401927274647
	0.002703102251475862
	0.002687736274252834
	0.002670759056046812
	0.002652103530943093
	0.002631769911507579
	0.002610224871684715
	0.002588116221025151
	0.002566526930535332
	0.002546736341337432
	0.002529512563121665
	0.002515339185676126
	0.002503888969741213
	0.002494398400213107
	0.002485487044115831
	0.00247683590862798
	0.002469341649364923
	0.002463825210092959
	0.002460981653034114
	0.002460724558047879
	0.002462674036942019
	0.002465650310320725
	0.002468437559041105
	0.002470474230500345
	0.002471515202233128
	0.002471886767426771
	0.00247210797392287
	0.002472581585055414
	0.002472712219063578
	0.002472203225501822
	0.002471439061663236
	0.002470511102017453
	0.00246917280581595
	0.00246706230344997
	0.002463911041128733
	0.00246035221316833
	0.002456369562526769
	0.002453028934392122
	0.00245104773547722
	0.002450390377007095
	0.002451097518605166
	0.002453052601406144
	0.002456188135698961
	0.002459273465354186
	0.002461347099130592
	0.002461834622378679
	0.002460054564075368
	0.002456246624498474
	0.002451719586893881
	0.002447102058539733
	0.002442036339008035
	0.002437075076914835
	0.002432977570979939
	0.002430437326988036
	0.002428981901024801
	0.002427116110603944
	0.002424318072091533
	0.002421644630901332
	0.002419887831556931
	0.002419043621776337
	0.0024184479495485
	0.002417745466561276
	0.002416630299014215
	0.002414404213500934
	0.002411077551735993
	0.002406561129744169
	0.002400638232228049
	0.002393460942034117
	0.002385533724088702
	0.002377416235530074
	0.002369814532298431
	0.002363000526263029
	0.0023573872115455
	0.002353445044007841
	0.002350636091963517
	0.002348453226919711
	0.002346388495736017
	0.00234408993888576
	0.002341304941718646
	0.002338547984254266
	0.002336222211516182
	0.002334603674959795
	0.002333892606436412
	0.002334413397673564
	0.002336611641072348
	0.002340373010753568
	0.002345052174926097
	0.002349990515263453
	0.002355430856489403
	0.00236071232109662
	0.002365349365795564
	0.00236956282886509
	0.002373595783013069
	0.002377667515650139
	0.002382233484498817
	0.002388080489530632
	0.002394981930479967
	0.002402336965823891
	0.002409369179966046
	0.002416019573734061
	0.002422648574007494
	0.002429193337144891
	0.002435946966967719
	0.002443329440468094
	0.002451843378991308
	0.002461031318284733
	0.002470337916770811
	0.002479447689780922
	0.00248801162279304
	0.002496259388016259
	0.002504353551222757
	0.002511915442835853
	0.002518435061884565
	0.002523428863657091
	0.002527103262304786
	0.002530172943577166
	0.002533202024300039
	0.002536034803319349
	0.002538365630295582
	0.002539232009148678
	0.002538080727437464
	0.002535100380957412
	0.002530804889876831
	0.002525835659162466
	0.002521058204826668
	0.002516548539560396
	0.002512404923785406
	0.00250999447016021
	0.0025105521160506
	0.002514439038017547
	0.00252173824231427
	0.002532687311042438
	0.00254725625335365
	0.002564884416865171
	0.002584393254982981
	0.002604489173059852
	0.002624198700419619
	0.002642400273726375
	0.00265808933659646
	0.002670978236150185
	0.002681522954293269
	0.00269042060719587
	0.002698273872502964
	0.002705406719997543
	0.002711579418203276
	0.002716313946218715
	0.002719076565486899
	0.002719702550426363
	0.002718829839164536
	0.002717510109533603
	0.002716120971582222
	0.002713962937125644
	0.002710783006792791
	0.002706682253047589
	0.002702706293032658
	0.002698564322675963
	0.002692781939945657
	0.002684622443626463
	0.002674134831379933
	0.002662152427558666
	0.00264967051852657
	0.002636880371471536
	0.002623544055986713
	0.002609575648179851
	0.002595042326079176
	0.002580447314949271
	0.002565548973163018
	0.002550311248761242
	0.002535846769154156
	0.002523591340487433
	0.002513100070349021
	0.002503752698773484
	0.002495340227432842
	0.002487530169162995
	0.002479498222638996
	0.002471438961786743
	0.002463947776583553
	0.002457089233969924
	0.00245090445378946
	0.002445162998191999
	0.002440169819758304
	0.0024348078552248
	0.002428166189037105
	0.002420526652751452
	0.002412268246135134
	0.002403629155465408
	0.002394519358039219
	0.002385376875791422
	0.002375895516857915
	0.002366033164567546
	0.002356348812855152
	0.002348160173176327
	0.002342236885721378
	0.002338307667813522
	0.002335327115659828
	0.002332451767788177
	0.002329769222464096
	0.002327349593383179
	0.00232494315309478
	0.002322346175731284
	0.00232027172593365
	0.002319617506934475
	0.002320113926668633
	0.002321703086403664
	0.002323951177955788
	0.002325859022022167
	0.002327086367593102
	0.002327883943546818
	0.002328308634384594
	0.002328640722065315
	0.002329323481780542
	0.002330314379861822
	0.002331767904406906
	0.002333541184401224
	0.002336048067418685
	0.002339031191111176
	0.002342146142168709
	0.002344781292609284
	0.002346559013247742
	0.002347710776758735
	0.002350197384178937
	0.002354194264494721
	0.002359269287471153
	0.002364956563614082
	0.002371381794317499
	0.00237884155002981
	0.002387252668780949
	0.002397969512116673
	0.002411126908722612
	0.002425966507251192
	0.002441875072172825
	0.002458766526498206
	0.002476353992779456
	0.002494136377399069
	0.002511854962184461
	0.002529584036050068
	0.002547299406355142
	0.002564892858767024
	0.002582094009598564
	0.002599151566453701
	0.002615543210442526
	0.002630645169198276
	0.002644331288577505
	0.002656002240808268
	0.002665107858595943
	0.00267141550174385
	0.002674685252773113
	0.002675563598176212
	0.002675246595733012
	0.002674574633543257
	0.002673605469837049
	0.002672631051672727
	0.002671443350415136
	0.002669910447876553
	0.002668472764743582
	0.002667208788875828
	0.00266713417430257
	0.002668987302977353
	0.002672882777797572
	0.002678637255823138
	0.002686290524399563
	0.002694954316500626
	0.002704434535093921
	0.002714114015716348
	0.002723766543467603
	0.002733504280923109
	0.002743132729163105
	0.002752256187494355
	0.0027608244464636
	0.002768151118191681
	0.002774694419387651
	0.002781821098528008
	0.002789928815885791
	0.002799405109014394
	0.002809821402543454
	0.002820434597567034
	0.002830221373810045
	0.002838437584838499
	0.002844793622098305
	0.002849796528591565
	0.002853684517917758
	0.002857184112073365
	0.002860537486577163
	0.002863273868324797
	0.002864881775716459
	0.002865001085305042
	0.002863682714807531
	0.002861312410240474
	0.002858031984011059
	0.002853822765097412
	0.002848377991831938
	0.002841144408119375
	0.002831016120882351
	0.00281819669339623
	0.002803304593230548
	0.00278672812350562
	0.002769175102781909
	0.002751055579371084
	0.002733126038779974
	0.002716457094487
	0.002701512711736887
	0.002687771813183503
	0.002674435464036954
	0.002661968533379324
	0.002650769974834656
	0.002640360599747805
	0.002630333876799107
	0.002620907720550314
	0.002612291417232381
	0.00260546466806044
	0.002600508752010911
	0.002597870685918847
	0.002597882789903345
	0.002600249618442601
	0.00260462230602796
	0.002610297190154185
	0.002617031919672377
	0.002624218864794075
	0.002631507331811258
	0.002638698827773717
	0.002645720871862059
	0.002652732016356103
	0.002660151968464595
	0.002668075469249253
	0.00267637219018175
	0.0026845827822836
	0.002692056519346857
	0.002698558314039465
	0.002703990608652367
	0.002708480360851082
	0.002711967297685432
	0.002713909864600671
	0.002714083237887388
	0.002712476440239916
	0.00270893857601949
	0.002704227019155638
	0.002699044077657124
	0.002694042581631854
	0.002688617810882428
	0.002682410537322449
	0.002675557526163454
	0.002667915760345752
	0.002659621747728225
	0.002650118189029134
	0.002639885495619855
	0.002629421952606265
	0.002619181781546056
	0.002609879150117832
	0.002601956426155637
	0.002595071475172628
	0.002588949386955045
	0.002583519165371672
	0.002578740034126699
	0.002574659371974328
	0.00257165677722978
	0.002569248950996297
	0.00256668655815092
	0.002563412563369345
	0.002559437401506187
	0.002555402559393522
	0.002552073284958587
	0.002549779450091441
	0.002547676114773104
	0.002545769424031299
	0.002543999335457674
	0.002542657421352825
	0.002541486622642807
	0.002540361375839409
	0.002540405319788068
	0.002542098289202244
	0.002545029565305323
	0.00254846251088094
	0.002551507661115797
	0.002553643372682357
	0.002555252350274445
	0.002556490106057094
	0.002557273299748345
	0.002556442036134708
	0.002554096332406264
	0.002550784933952949
	0.002547658205277597
	0.002545030299769211
	0.002543606716772038
	0.002544062382568789
	0.002546924578454584
	0.002551966217767893
	0.00255893223656387
	0.002568035656912412
	0.00257878552297823
	0.002590663332177254
	0.002603788439778688
	0.002617345106265282
	0.002630847365111492
	0.002642998652596275
	0.002653683416267647
	0.002664340678172341
	0.002676127031200137
	0.002688719613863051
	0.002700935498838217
	0.00271221961529979
	0.002722305451071207
	0.002730925941319659
	0.00273805785310277
	0.002744670481393415
	0.002751476376740016
	0.002758616399784477
	0.002765517791291652
	0.002771404244480738
	0.002776148784952328
	0.00277972716833758
	0.002781797855783635
	0.002782111081183617
	0.002780195355534833
	0.00277598711785964
	0.002770110300340876
	0.00276325513235814
	0.002756339434680933
	0.002750468485379578
	0.002747083997976984
	0.002746380507674878
	0.002748027320260937
	0.002751854125480594
	0.002757697089114807
	0.002765779749560797
	0.002775010041184947
	0.002784381969279538
	0.002793260001608173
	0.002801079766077773
	0.002808294468219228
	0.002815685400965402
	0.00282363866913007
	0.00283166412175808
	0.002840157142194503
	0.002848632013076552
	0.002856974127259894
	0.00286475616076686
	0.002872109065864205
	0.002879439796024979
	0.002887409582043953
	0.002896346249428356
	0.002906293923483432
	0.002917614725645116
	0.002929610250561866
