	0.01130318997533043
	0.004933202105480073
	0.002156347983206692
	0.001114461808316853
	0.0007219812955520681
	0.0005760465580223359
	0.0004968458120130937
	0.0004378495835055466
	0.0003976305359603128
	0.0004037244248184974
	0.0004265316483095377
	0.0004107506341140265
	0.0003870566658457384
	0.0003701615594659961
	0.0003577664154187203
	0.0003505766482879508
	0.000349011078466231
	0.000351461278950325
	0.0003574716595157645
	0.0003635537838781619
	0.000370867282430759
	0.0003795398251851662
	0.0003897249764975727
	0.0004027154244992033
	0.0004188965875920148
	0.0004377826463996357
	0.000457082951271297
	0.0004740238141248123
	0.0004865547109016576
	0.0004958318335232116
	0.0005029095083494201
	0.0005104262693720053
	0.0005191006071603829
	0.0005296189141184393
	0.0005430144433995907
	0.0005604066199956261
	0.0005818935145746948
	0.0006102319121269546
	0.0006470551772156148
	0.0006916273998163085
	0.0007395261812459243
	0.0007870728712259642
	0.0008320488689469413
	0.0008731876619247859
	0.0009079996506611547
	0.0009384072509880443
	0.0009683367379813051
	0.0009978563694594625
	0.001027305158745665
	0.001060378404717856
	0.001102798351508791
	0.001151294683372844
	0.001200444697993446
	0.001250117601996549
	0.001304056225701662
	0.001366799859681675
	0.001435712841452195
	0.001508183703247942
	0.001583364179929258
	0.001663170681886929
	0.001754147845772693
	0.001846798112207668
	0.001916467503245831
	0.001969910876491572
	0.002005000568573033
	0.002020933491912674
	0.002020036018823092
	0.002002409029746433
	0.001971552042708222
	0.001943841744242273
	0.001927177330337489
	0.001916567403865405
	0.001903283443793355
	0.001882041826597944
	0.001857754018902707
	0.00183238696686392
	0.001807866779697631
	0.001782034249569363
	0.001756057100863352
	0.001733241532087378
	0.001713486516575521
	0.001699845688950594
	0.00169459487975185
	0.001697437851125083
	0.001704410402682686
	0.001712405256052605
	0.001715127118963061
	0.001707957447381837
	0.001686187402012284
	0.001651016505892148
	0.001608267044158027
	0.00156304546769396
	0.001518296775106257
	0.001474354364886556
	0.001428647112495369
	0.001381352883514472
	0.001337188220635221
	0.001299027384825396
	0.001268068013477199
	0.001243823516375088
	0.001222174066166644
	0.001197299919104312
	0.001169582416914189
	0.001143324855576271
	0.001119964344309496
	0.00109900953133148
	0.001079567136676433
	0.001060296732869763
	0.001041291989581719
	0.001022903235317752
	0.001006338949679049
	0.0009909178511299205
	0.0009761477408935734
	0.0009630819580262207
	0.0009502014035525618
	0.0009367157652034529
	0.0009219840849768703
	0.0009072114713613161
	0.0008920734399287293
	0.0008770592995396301
	0.0008625570565199779
	0.0008482892463070064
	0.0008349076039738852
	0.0008213589517834549
	0.0008081249606635669
	0.0007948122121187067
	0.0007820283496489633
	0.0007695249211969084
	0.0007572583211875683
	0.0007442623684621203
	0.0007316656920073212
	0.0007206765964464524
	0.0007122940745304464
	0.0007062117143170716
	0.0007017072656118783
	0.0006976983576132437
	0.0006940744560143656
	0.0006909765255189083
	0.0006881403438453493
	0.0006857217773658496
	0.0006830013308529795
	0.0006792183982864077
	0.0006739391341874681
	0.0006677582255676262
	0.0006611790412487079
	0.0006549815298925516
	0.0006498968291291667
	0.0006455440672141426
	0.0006412614137864774
	0.0006365097286898302
	0.0006317825193782982
	0.000626930151794068
	0.0006213828924514455
	0.0006150847360387471
	0.0006082805578376929
	0.0006009470692052143
	0.0005935707059681858
	0.0005864054614611712
	0.0005797205880053475
	0.0005731680909800372
	0.0005661598458132999
	0.0005578966854321479
	0.0005481856084951676
	0.0005380317972759589
	0.0005284871696154903
	0.0005194575443988874
	0.0005117682885278913
	0.0005055455027288868
	0.0004998961203787462
	0.0004951740037771828
	0.000491141321223025
	0.0004870499379145391
	0.0004825387584396766
	0.0004781987102974321
	0.0004741896776834538
	0.000470410861201047
	0.0004669408459564862
	0.0004641390569500105
	0.0004617366989930766
	0.0004598750982311384
	0.0004583643205291908
	0.0004564767442000069
	0.0004540240160370504
	0.0004509175380024695
	0.0004473008447767577
	0.0004432358352939353
	0.0004388148776735704
	0.0004342677813550131
	0.0004301076246845299
	0.000426438535825339
	0.0004228814482197975
	0.0004193662336369876
	0.0004159798903199677
	0.0004127703292330204
	0.0004096762911089934
	0.0004068468975918519
	0.0004042228505192243
	0.0004017218478371886
	0.0003991678642010099
	0.0003966005686875787
	0.0003941245240744831
	0.0003918370506217727
	0.000389798584313879
	0.000388229681065762
	0.0003868924651096049
	0.0003857298860506448
	0.0003846634928050854
	0.0003834268538605884
	0.0003819979329231395
	0.0003808154946809578
	0.000379915615590017
	0.0003791323622602235
	0.0003784506429856318
	0.0003777760506088973
	0.0003769531006757589
	0.0003763681282727979
	0.0003760914132891274
	0.0003762921250285513
	0.0003770167827137076
	0.000378004050048228
	0.0003793589911960658
	0.0003810161393268711
	0.0003828102636444168
	0.0003845072692482296
	0.0003857369351085556
	0.0003864866378998543
	0.0003868447925441938
	0.000387198658274067
	0.0003877002755173931
	0.0003884078369412403
	0.0003889883143579143
	0.0003891174891795649
	0.0003887938593383974
	0.0003881141504976861
	0.000387096255934516
	0.0003858123483943296
	0.0003843516104189685
	0.0003827225182575506
	0.0003810780849869887
	0.0003794547326898532
	0.0003776794895131022
	0.0003759852875634481
	0.0003746747655917633
	0.0003734982728656359
	0.0003722626512373339
	0.0003706468953362859
	0.0003683378448253038
	0.0003652419062235271
	0.0003616408614402027
	0.0003579331569002536
	0.0003545657117861585
	0.0003514861797404564
	0.000348388288675003
	0.0003451366671451038
	0.0003419414243482926
	0.0003388175638896768
	0.0003355989080687209
	0.0003327082205694296
	0.0003297793620377854
	0.0003268945766719925
	0.0003239144620571527
	0.0003206707555549318
	0.0003172036595005926
	0.0003137326860995791
	0.0003104913980943015
	0.0003075322770881351
	0.0003048201703951214
	0.0003023807104817036
	0.0003000968174034795
	0.0002979324457458465
	0.0002959764905432776
	0.000294183371089655
	0.000292662680507585
	0.0002912060058803123
	0.000289196582633138
	0.0002867096212068069
	0.0002838857357480181
	0.0002809461604562339
	0.0002780300581573897
	0.0002755106152534137
	0.0002733979931978051
	0.000271652403819675
	0.0002704376864372698
	0.0002697883129007464
	0.0002696971113885918
	0.0002703533744910578
	0.000271531205607667
	0.0002730099500659353
	0.0002745454500817158
	0.0002762196405142228
	0.0002779979480190288
	0.0002794732982702285
	0.0002804637138242366
	0.0002808799062605924
	0.0002809253193242321
	0.000280871509127094
	0.0002809333183613869
	0.000281315309875965
	0.0002821461078370693
	0.0002832746276065977
	0.0002843676990225185
	0.0002854067504299744
	0.0002863140147326339
	0.000286958423346641
	0.0002875073485996575
	0.0002880097736186124
	0.0002883618381023768
	0.0002882845438120954
	0.0002879935374251037
	0.0002874954963425317
	0.0002867202740576463
	0.0002856100029981551
	0.0002843012149662715
	0.0002830008766709166
	0.0002816139193109146
	0.0002802857409064662
	0.0002791116878692797
	0.0002780547536039946
	0.0002770224722740126
	0.0002757824840984811
	0.0002742641405763681
	0.0002724412600255276
	0.0002702992712211438
	0.000267833501512978
	0.0002650444948247758
	0.0002620214632393249
	0.0002589805391252813
	0.0002559845549419724
	0.0002532382051930627
	0.0002509489371579856
	0.000249274468525405
	0.0002482793200832804
	0.0002476801507261379
	0.0002473920417255894
	0.0002473635931753903
	0.0002476539676894181
	0.0002481961451955342
	0.0002489382748926938
	0.0002498164921498077
	0.0002507860259710831
	0.0002518471582095851
	0.0002530834293985748
	0.0002544788408043635
	0.000256249177770363
	0.0002584673745919026
	0.0002612073443422087
	0.0002643641482638955
	0.0002677808057783043
	0.0002710706291961833
	0.0002740068342560612
	0.0002763421244323362
	0.0002779719358680531
	0.0002788390893207716
	0.0002789628591969336
	0.0002786906433376988
	0.0002782953303208782
	0.0002779410171588779
	0.000277610255265919
	0.0002772230075717299
	0.0002767292542427031
	0.0002761540024869803
	0.0002755081410348891
	0.0002748522269455065
	0.0002742583329814219
	0.0002736579406111385
	0.0002730638429396813
	0.0002725010186431961
	0.0002720606217497493
	0.000271857035674007
	0.000271961544629106
	0.0002722743252781567
	0.0002726811587966818
	0.0002731557020883561
	0.0002735884056141934
	0.0002740359058546212
	0.0002744904568688341
	0.0002750005234397791
	0.0002754363565660983
	0.0002759293190895662
	0.0002765602261718637
	0.0002775297813027761
	0.0002791767929305859
	0.0002813703583899312
	0.0002840465543514229
	0.0002871833052230361
	0.0002907662092331587
	0.0002945423500723488
	0.0002981868942541314
	0.0003016090254879778
	0.0003046056248141058
	0.0003072722472812973
	0.000309599158556504
	0.0003115999176846195
	0.000313182124805717
	0.0003145318151873387
	0.0003158938338507711
	0.0003176328278761177
	0.0003198831686357933
	0.0003220808692601812
	0.0003238239310206885
	0.0003251436279360352
	0.0003262024664579802
	0.0003272250009187941
	0.000328282542538301
	0.0003293265455569951
	0.0003303615448831227
	0.0003313629094779814
	0.0003321667055962907
	0.0003327307527383549
	0.0003331494206616091
	0.000333578764944953
	0.0003340585029129659
	0.0003344408812920907
	0.0003347378540636323
	0.0003350788566615048
	0.0003356658725114243
	0.0003365194797401903
	0.0003370039092361317
	0.0003371276574275175
	0.0003366102973895932
	0.0003351914483120549
	0.0003334069061722045
	0.0003315548037309295
	0.0003298086925546898
	0.0003284587021891479
	0.000327420968209028
	0.0003265015665593903
	0.0003260814481054261
	0.000326103011692802
	0.0003264874439293116
	0.0003272374279802873
	0.0003283910909802724
	0.0003297272236632554
	0.0003313519864168683
	0.0003334327233587941
	0.0003359709583740939
	0.0003388248307031187
	0.0003417398557711539
	0.0003445241529493479
	0.000346936102662927
	0.0003488173374654873
	0.0003502535058701052
	0.0003511431776726391
	0.0003515381861650727
	0.0003516654177482445
	0.0003517516845885138
	0.0003518391496012731
	0.0003516230979801224
	0.0003509938530742274
	0.0003497255450722918
	0.0003480362838074126
	0.0003457253620598553
	0.0003429608245625116
	0.0003400225182458427
	0.0003369787277058455
	0.0003339168544155737
	0.0003307996929063991
	0.0003276367077593816
	0.0003245382953429921
	0.0003216826078552738
	0.0003190514995238
	0.0003164643056493989
	0.0003139410677404486
	0.0003116153334071791
	0.0003095490875170263
	0.0003077394446475421
	0.0003060740542704479
	0.0003044315087011705
	0.0003029667945959709
	0.0003018616449637837
	0.0003009082732998451
	0.0003000909899690833
	0.0002994896210406412
	0.0002990006260092475
	0.0002986912198282956
	0.0002983685233368007
	0.0002981612106582828
	0.0002978938840943266
	0.0002972219395611037
	0.0002962032260591523
	0.0002947655703846336
	0.000293202096516669
	0.0002918506466725483
	0.0002906394570215924
	0.0002894434088549809
	0.0002878502869231173
	0.0002857893064278532
	0.0002834768194682866
	0.0002807969339008579
	0.0002781383949467962
	0.0002752988662948728
	0.0002722016360263105
	0.0002689047771984135
	0.0002659415458019967
	0.0002633507555878415
	0.0002605428990029653
	0.0002572061890611974
	0.0002536422031413498
	0.0002499399493645314
	0.0002464348666537547
	0.0002430771615680747
	0.0002401451348848416
	0.0002378896312065879
	0.0002363187084666829
	0.0002351732541948103
	0.0002344208000178069
	0.0002336826276616993
	0.0002329035273087815
	0.0002319918705893605
	0.0002309074567329181
	0.000229570504364218
	0.0002280855318438644
	0.0002264772540285418
	0.0002248732001436362
	0.0002232596331252925
	0.0002218105694867524
	0.0002206712222340141
	0.0002196480233644168
	0.0002188664463572458
	0.0002182492673290669
	0.0002178364241708401
	0.0002176287701335867
	0.0002174809787064124
	0.0002173255512936873
	0.000217185821426127
	0.0002170560731778963
	0.0002168820580879056
	0.0002166343838946845
	0.0002162145529885601
	0.0002156286377779364
	0.0002149288692318678
	0.0002142534239614456
	0.0002135474939432855
	0.0002129532844594582
	0.0002124435767001951
	0.0002120988056884053
	0.0002118579902584744
	0.0002115733601187469
	0.000211303632133367
	0.0002110565051792095
	0.000210847259963868
	0.0002106817041840883
	0.0002104970687189674
	0.0002102000030315622
	0.0002098605899824123
	0.0002094836150596615
	0.0002090397371246838
	0.0002089304232413493
	0.0002091538829460408
	0.0002096458495013474
	0.0002103140196518183
	0.0002109868332240159
	0.000211530473051261
	0.000211983833809904
	0.0002124776055898977
	0.0002131128705834943
	0.0002138902571677813
	0.0002147366506999061
	0.0002155541964287463
	0.0002160981203214918
	0.0002163039992885578
	0.0002161848139057063
	0.0002157864981623973
	0.0002152178356474341
	0.0002144504458688432
	0.0002136368259327402
	0.0002127897965048793
	0.00021185914145714
	0.0002108585603046856
	0.0002097985119922137
	0.000208765968805664
	0.0002078499432947635
	0.0002070885742938751
	0.0002064752872487591
	0.0002060269591161846
	0.0002057741332937062
	0.0002057916270305762
	0.000205995015238014
	0.0002063637381964399
	0.0002068256507361687
	0.0002073073504702176
	0.0002078062978205743
	0.0002082565892097926
	0.000208535313672849
	0.000208640707305496
	0.0002085053590361756
	0.0002080674076980736
	0.0002073766606430734
	0.0002065183601996713
	0.0002055837545543725
	0.0002046627665804589
	0.0002039493225330424
	0.0002034714001149758
	0.0002032530991866085
	0.0002032546186888761
	0.0002034245210782985
	0.0002036703483717312
	0.0002040252821572322
	0.0002044839687985859
	0.0002049427718001944
	0.0002054382554247734
	0.0002060714547037355
	0.0002068854448638454
	0.0002078557081735119
	0.0002088584452050306
	0.000209773215391572
	0.0002104480121136084
	0.0002109557336729757
	0.00021137814399522
	0.0002117445042496401
	0.0002120890923949008
	0.0002124447170317481
	0.0002128191925030811
	0.0002132142826120559
	0.0002136815806470374
	0.0002142421115707709
	0.0002148950943413227
	0.0002156317048919894
	0.0002163131361912502
	0.0002168542891780158
	0.0002171611484032833
	0.0002172261044331829
	0.0002170464343720048
	0.0002166481125666559
	0.0002159309267175433
	0.0002148481318902718
	0.0002133736291434971
	0.0002116122805387857
	0.0002097706778720421
	0.0002080285318621898
	0.0002064703848021249
	0.0002052583230366796
	0.0002044482139163609
	0.0002040175722878868
	0.0002038772136381877
	0.0002039328628450502
	0.0002039790970115051
	0.0002037993623133406
	0.0002033161699386139
	0.0002025768904817484
	0.0002017334292408499
	0.0002008858623567992
	0.0002000633796367001
	0.0001993481774167062
	0.0001988622693345627
	0.0001986344558394655
	0.0001986118593595746
	0.000198780831520886
	0.0001991410666066859
	0.0001995846929536601
	0.0002000661180582619
	0.0002005757806130452
	0.0002011546512355879
	0.0002018262067426452
	0.0002025922904442061
	0.000203427609154508
	0.0002042268399757061
	0.0002050160716111849
	0.0002058622591234102
	0.0002068301702761463
	0.0002079271255814089
	0.0002092066286156144
	0.0002107874420535078
	0.0002125887597464014
	0.0002145761111999896
	0.0002167089132603249
	0.0002189322638128166
	0.0002212889518802887
	0.0002238616520403743
	0.0002266592796479035
	0.0002296248443878715
	0.0002327801982268903
	0.0002360483562802821
	0.0002393768221222658
	0.0002427764306622413
	0.0002462281229146742
	0.0002497812456480039
	0.000253339506398785
	0.0002568033637242506
	0.0002599428452598445
	0.0002626133511296959
	0.0002647744461479036
	0.0002664623902960391
	0.0002676776179874974
	0.0002685335739194492
	0.0002690012716621937
	0.0002690959659732666
	0.0002688347863096123
	0.0002682271927477187
	0.0002672910348108455
	0.0002659525247432427
	0.0002642908703927693
	0.0002623947563678718
	0.0002603029433300375
	0.0002581631300785943
	0.0002560811795987496
	0.0002542228012073573
	0.0002523493158306721
	0.000250499027042584
	0.0002487377094670768
	0.0002470870140654339
	0.0002456892889469344
	0.0002444647862305266
	0.0002433193905627393
	0.0002421894204818567
	0.0002410747155951884
	0.0002398566548673852
	0.0002385200800452586
	0.0002370721483191519
	0.0002355563947308329
	0.0002340071273412255
	0.0002324038874345128
	0.0002307598890258652
	0.0002290336253528738
	0.0002273309349753277
	0.0002257330029131218
	0.0002241167414636063
	0.0002223697455993099
	0.0002204618401167948
	0.0002183856439061356
	0.0002162502462683502
	0.0002142232428180584
	0.0002122362593483239
	0.0002101655177667401
	0.0002082712260274258
	0.0002065205085708284
	0.0002049116967313247
	0.0002034424191933684
	0.0002021363478989379
	0.0002009687725183594
	0.0002001144879402924
	0.0001996887800705197
	0.0001995820934604097
	0.0001996605799090749
	0.0001998823031152814
	0.0002001756331772367
	0.000200467426404649
	0.0002007236866146093
	0.0002008677113421371
	0.0002008848386741531
	0.0002008566904875335
	0.000200695343975732
	0.0002003852346226717
	0.0002000170299969998
	0.0001996339470849569
	0.0001992173203915409
	0.0001987454871384727
	0.0001982500491319063
	0.0001976626844041857
	0.0001970324435322007
	0.0001963545657436402
	0.000195588689352649
	0.0001948439088527582
	0.0001941437186580557
	0.0001934548735668797
	0.0001928632438552461
	0.0001923680366282246
	0.000191998568369267
	0.000191757999907926
	0.0001916105908931784
	0.0001914705227690154
	0.0001912525325154604
	0.0001909107634451814
	0.0001904781322925074
	0.000190084799268987
	0.0001898065746448114
	0.0001896822873616848
	0.0001897044644999228
	0.0001898358926333903
	0.0001899572184064721
	0.0001900719609063917
	0.0001902201961769441
	0.0001903863048230602
	0.0001905477318067372
	0.0001907801433719321
	0.000191100636346371
	0.0001912951179129538
	0.0001912809274600967
	0.0001910012314046087
	0.0001904271171209099
	0.0001897052490980287
	0.0001887627012064531
	0.0001875237269285525
	0.0001860174084320192
	0.0001843501765897346
	0.000182650935167687
	0.0001810228209326729
	0.0001795115020632999
	0.0001781393651302309
	0.0001769145705958148
	0.0001758140902409793
	0.0001748861873440988
	0.0001741335452385237
	0.0001735354821759085
	0.0001731128754444626
	0.0001728521016158876
	0.0001726614191685859
	0.0001724500593176904
	0.0001721884689299661
	0.0001718414529236582
	0.0001715568965904866
	0.0001713699374898267
	0.0001712838666034377
	0.0001712621300802612
	0.0001713207494186408
	0.000171433134493828
	0.0001714784046009203
	0.0001713990507272474
	0.0001711707378115133
	0.0001707400080643388
	0.0001700742970196687
	0.0001693617222735526
	0.0001686806361467239
	0.0001680729649492818
	0.0001676287729383078
	0.0001673721207503534
	0.0001672499219260235
	0.000167227318692541
	0.0001672699831902983
	0.0001673820100260531
	0.0001675493122932712
	0.0001677772158262119
	0.000168059003724897
	0.0001683736021484449
	0.0001686817817417046
	0.000169007457900296
	0.0001693596083698518
	0.0001696295176482032
	0.0001697100450975056
	0.0001695671015475449
	0.0001692827759532733
	0.0001689616346438959
	0.0001685913086926313
	0.0001682357409403026
	0.0001679698172037181
	0.0001678074491901571
	0.000167736749433147
	0.0001677047986288756
	0.0001676264131316563
	0.0001674983370465817
	0.0001673410670599165
	0.0001671653779413366
	0.0001670164573700271
	0.0001669158670361761
	0.0001668472865404538
	0.0001667529859486277
	0.0001665845155728985
	0.0001662963316350686
	0.0001659166381305132
	0.0001654525412734082
	0.0001649133941673468
	0.0001643614345845771
	0.0001638138491333631
	0.0001632904603197847
	0.000162804770082278
	0.0001624346255742607
	0.00016219695524688
	0.0001620747889181143
	0.0001620613032459004
	0.0001621314325678207
	0.0001622046665895995
	0.0001621192453324421
	0.0001617979924037852
	0.0001612910938133411
	0.0001606619994633737
	0.0001599955813761282
	0.0001593374976253454
	0.0001586791184829024
	0.0001580620037897057
	0.0001574570053451366
	0.000156873408875273
	0.0001563101198437702
	0.0001557534041411401
	0.0001552165746569669
	0.0001546783403875742
	0.0001542222649520412
	0.000153929522019565
	0.0001537202733014449
	0.0001535227982629973
	0.0001533184600553307
	0.0001531308539265023
	0.0001529568314048567
	0.0001527388886061149
	0.0001524704290216542
	0.0001521522042810419
	0.0001518017786077433
	0.0001514942858868182
	0.0001513075782711073
	0.0001512798648159702
	0.0001514009695547328
	0.0001515968842959723
	0.0001517894181492868
	0.0001519561969941148
	0.0001521546717574102
	0.0001523808215404358
	0.0001526611284995329
	0.0001529648159059447
	0.0001532694189829663
	0.0001536281477864613
	0.0001540747599036361
	0.0001546046077357015
	0.0001552721996473124
	0.0001560562662141068
	0.0001569547350076075
	0.0001579504670862865
	0.0001589613378257246
	0.0001599843012656519
	0.0001610581926158595
	0.0001622047436806975
	0.0001634140787872011
	0.0001647015949813826
	0.0001660297131348947
	0.0001673453670815904
	0.0001686189393714218
	0.0001698820817139803
	0.0001711358990101524
	0.0001723923746289224
	0.000173635221104752
	0.000174867357594587
	0.0001759921605706675
	0.0001770125276218854
	0.0001779284033468341
	0.0001787571709794015
	0.0001795541071836201
	0.0001803600724239612
	0.0001811491162340577
	0.0001819772225948525
	0.0001829072057268265
	0.0001839574761227777
	0.0001851095961543263
	0.0001863150698857027
	0.0001875530210214273
	0.0001888186248143069
	0.0001900797891052927
	0.0001912328147122943
	0.000192172545753592
	0.0001929319618503193
	0.0001935622858604892
	0.0001940918911898366
	0.0001945716019977627
	0.00019506223345015
	0.0001956499417596489
	0.0001963657279083558
	0.0001971789637718618
	0.0001980326585846167
	0.0001988747935144622
	0.0001997290840735773
	0.0002005537393409207
	0.0002012678796622885
	0.0002018277077527591
	0.0002022535596490331
	0.0002025694778262979
	0.0002028145140380745
	0.0002029869042918898
	0.0002030749142120381
	0.0002031384262335249
	0.0002032552417944273
	0.0002035011282732657
	0.0002037693003026643
	0.000204070549991759
	0.0002042841245615235
	0.0002046532229304375
	0.0002048056050336879
	0.0002045165544009034
	0.0002037693144487666
	0.0002024843506288122
	0.0002008383295365641
	0.0001990837639186484
	0.0001974375682360082
	0.0001957683622837872
	0.0001939922924350173
	0.0001921448649887698
	0.0001902495177288395
	0.0001883268052918431
	0.0001864875321602464
	0.0001847684911872134
	0.0001832059047304593
	0.0001817571847608261
	0.0001804625431709712
	0.0001793810641556638
	0.0001785375527738371
	0.0001779700295693707
	0.0001776146782133228
	0.0001774436923658551
	0.0001773885750223045
	0.0001774607552859742
	0.0001776706892058615
	0.0001779770452095328
	0.0001783339037950783
	0.0001787386285050139
	0.0001792145950121812
	0.0001796913607547902
	0.0001801170794863539
	0.0001804359736998937
	0.0001806073089555064
	0.0001806727754024002
	0.0001806453192707409
	0.0001805980934707994
	0.0001806553879453439
	0.0001808720570792973
	0.0001813089303528814
	0.0001818974201029257
	0.0001825566405137724
	0.0001831555783586041
	0.0001836637273838494
	0.0001841210585115557
	0.0001845660944545727
	0.0001850127992718214
	0.0001853951346198492
	0.0001856591970358488
	0.0001858810564248258
	0.0001861299874025159
	0.0001864309761965222
	0.0001867809444585519
	0.0001871214811836126
	0.0001874172801386736
	0.0001876489846670796
	0.0001878275714269285
	0.0001879914428642076
	0.0001880754891282376
	0.0001880355077052423
	0.0001879001581947703
	0.0001877266648672451
	0.000187555821706746
	0.0001873776325370885
	0.0001872822440157993
	0.0001873356355962532
	0.0001875197238496279
	0.0001877079138757546
	0.0001878664701670974
	0.0001879358424649324
	0.0001878546965953989
	0.0001876472265042368
	0.0001872565104056093
	0.0001866559456882477
	0.0001858785887695199
	0.0001849109704405189
	0.0001838071646344012
	0.0001826067990037673
	0.0001813830307392722
	0.0001801206873040323
	0.0001788415516243694
	0.0001776007346431941
	0.0001764581676387898
	0.0001754766249116802
	0.0001746654019491343
	0.0001739913047162407
	0.0001733642496166393
	0.0001727175117812424
	0.0001720419093306973
	0.0001712990144472976
	0.0001705353548447361
	0.000169764808873668
	0.0001690220481240403
	0.0001682348021691445
	0.0001673707059381014
	0.0001664522668287803
	0.0001655680347153573
	0.0001647594923975154
	0.0001640947486385962
	0.0001635759888465669
	0.0001631198284259678
	0.0001626342502063974
	0.0001620730900280112
	0.0001614186877252296
	0.0001606514548304699
	0.0001597756640729448
	0.0001587453548931728
	0.0001576191966686777
	0.000156431949542014
	0.0001552667366875247
	0.0001541958753546147
	0.000153260148966829
	0.0001524684156218994
	0.0001518334303409781
	0.0001513485516713749
	0.0001510222761751182
	0.0001508401689466047
	0.0001507450498824577
	0.0001507426483383037
	0.0001507554796332676
	0.0001507877042460524
	0.0001508724951005176
	0.0001509578986896197
	0.000150994436567569
	0.0001509506842712063
	0.0001508534580450473
	0.0001508033069025889
	0.0001508963740496075
	0.0001511887470746898
	0.0001516117540868197
	0.0001520722872984738
	0.0001525935587806809
	0.0001532174613846593
	0.0001539573987194466
	0.0001547875926211481
	0.0001556739604696918
	0.0001565743699695327
	0.0001574221831896275
	0.0001582313466009127
	0.0001590308103285512
	0.0001598589422606218
	0.0001606353116784385
	0.0001613355234673051
	0.0001619697081397004
	0.0001625463689884506
	0.0001631436348371846
	0.000163800648272
	0.0001645434576638551
	0.0001654516133435917
	0.0001665234842217255
	0.0001677473138652235
	0.0001691134596906776
	0.0001705784497301464
	0.0001719908395531651
	0.0001733440457354948
	0.0001745848435673048
	0.0001756339576330865
	0.0001764967689262937
	0.0001772511930506683
	0.0001779025882588975
	0.0001784142306481632
	0.0001788157963137613
	0.0001790522031858315
	0.0001791178726182934
	0.0001790713030200999
	0.0001788949782276457
	0.0001785920415721477
	0.0001782098847513862
	0.0001777291148005312
	0.0001771294380128402
	0.0001764287963301755
	0.0001756528956270422
	0.0001748418605840241
	0.0001740064166152066
	0.0001730896182936418
	0.0001720459136559148
	0.0001708928140844278
	0.0001696759489830782
	0.0001684584954077849
	0.0001673017958023675
	0.000166209277335083
	0.0001652080129088207
	0.0001643361325126852
	0.0001635893531677986
	0.0001629274512112583
	0.0001623398233156375
	0.0001618269228568422
	0.0001613935748498635
	0.0001611025687067322
	0.0001609525148874349
	0.0001608855798256047
	0.0001608644365348298
	0.0001609292130764935
	0.0001610673086139175
	0.0001612523209168809
	0.0001614804563059467
	0.0001616820525498297
	0.0001618128826667321
	0.0001618122159899058
	0.0001617049654039102
	0.000161594938750678
	0.0001615365384808344
	0.0001615280032157483
	0.0001616279330016092
	0.0001618869898569896
	0.0001622587873273081
	0.0001627501287930024
	0.0001633212543144275
	0.0001639326650596603
	0.0001644819588421215
	0.0001649077487528457
	0.0001652346792670956
	0.0001654663823657153
	0.000165611525436231
	0.0001656251738716886
	0.0001654311914976891
	0.0001651509556560974
	0.0001648575050654225
	0.0001646024602603403
	0.0001643424826517001
	0.0001641618535481755
	0.0001640362965679455
	0.0001638929487800785
	0.0001636797742199178
	0.0001633385097204331
	0.000162905792979381
	0.0001624033421786529
	0.0001618972261297407
	0.0001613639197465261
	0.0001608189008811732
	0.0001603103518695517
	0.0001598578275844777
	0.0001594715948671685
	0.0001591820265296941
	0.0001590102291430594
	0.0001588930214745142
	0.0001587605812083191
	0.0001585097610930837
	0.000158106115238895
	0.0001575486215598948
	0.0001568349519502188
	0.0001560128384912471
	0.0001551096592134369
	0.0001541977820195196
	0.0001533502815442748
	0.0001526476298825635
	0.000152123632022779
	0.000151760200260553
	0.0001514940359291708
	0.000151279183958086
	0.0001511006056295184
	0.000150957956225337
	0.0001508388652464368
	0.0001507627214803633
	0.0001506986261254289
	0.0001506568939418656
	0.000150621180756097
	0.0001505314581273384
	0.0001503163567171676
	0.0001499760804590932
	0.0001495434216502357
	0.000149107383613283
	0.0001487455976912878
	0.0001485355043863251
	0.0001485061250397741
	0.0001486464589375057
	0.0001489651221532399
	0.0001494320804991299
	0.0001499342940737562
	0.0001503796831519497
	0.0001507097417050904
	0.0001508939901777451
	0.000150962515498196
	0.0001509337526690498
	0.000150868571392725
	0.0001508662572842301
	0.0001509179501906736
	0.0001510285529162376
	0.0001511979937234008
	0.0001514402926970166
	0.0001517790874540969
	0.0001522300889226908
	0.0001527638496965453
	0.0001533211968872193
	0.0001538935591239531
	0.0001545246403751011
	0.0001551803919853782
	0.0001558130862242981
	0.0001564262689782437
	0.0001570243834670259
	0.0001575101751234524
	0.0001578160438563032
	0.0001579369956820309
	0.0001579050678407019
	0.0001577037581911956
	0.0001574048810362515
	0.0001570179715093229
	0.0001565828341879917
	0.0001561426339133652
	0.0001557251479893211
	0.0001553089916384316
	0.0001549474922012618
	0.0001546920927542083
	0.0001544707019662174
	0.0001542664360419527
	0.0001540851853838934
	0.0001539573130760258
	0.0001539339042421982
	0.0001540688191458471
	0.000154316407867155
	0.0001545693696881226
	0.0001547452176397132
	0.0001549106836318227
	0.0001551416569889223
	0.0001554604114683169
	0.0001558771469163712
	0.0001564189919739222
	0.0001570679909082324
	0.0001578466520961225
	0.0001587328795653327
	0.0001597115568776381
	0.0001607466591672919
	0.0001618225081363876
	0.000162932207176064
	0.0001640534139337784
	0.0001652184713561617
	0.0001663981853236119
	0.0001675870801451904
	0.0001688928129402962
	0.000170429535620811
	0.0001720054357606814
	0.0001734900255798729
	0.000174804289127429
	0.0001758505240556656
	0.000176582226998767
	0.0001769880780534205
	0.0001771321042468487
	0.0001771039097084443
	0.0001769338628430567
	0.0001766527330365985
	0.0001763414097645051
	0.0001760297052761878
	0.0001757292078541164
	0.0001754374698251915
	0.0001751146671370467
	0.0001746882867298246
	0.0001741470853200225
	0.0001735434312072286
	0.0001729378583947874
	0.0001723593782777087
	0.0001718056676350152
	0.0001712576860943184
	0.0001707491007908732
	0.0001703609147501784
	0.0001700508015246899
	0.0001696740181028274
	0.0001691903671061864
	0.0001685854171597774
	0.0001679625441171851
	0.0001673618909918865
	0.000166825990622293
	0.000166406459431621
	0.0001661481467759856
	0.0001660715254902415
	0.0001661755977316966
	0.0001664343935814888
	0.0001667794278281049
	0.0001670919721198434
	0.0001673063751636629
	0.0001673942185907577
	0.0001674212274750244
	0.0001674659131094408
	0.0001675424033545823
	0.0001676603393063308
	0.0001677984452597968
	0.0001680034987164722
	0.0001682471642886551
	0.0001685039864275414
	0.0001688606421770414
	0.0001693560304307442
	0.0001699760023572039
	0.0001706385212511921
	0.0001712652466900728
	0.0001717911471044752
	0.0001722393167095052
	0.0001726857781112572
	0.0001730925348619619
	0.0001735110669363278
	0.0001739501199864144
	0.0001743125769721325
	0.0001745780378427193
	0.0001747295969211743
	0.0001748035315426875
	0.0001748652496597767
	0.0001748439775046967
	0.0001746325044995249
	0.0001742037472282036
	0.0001735471202267177
	0.0001726808311346857
	0.0001716222532171038
	0.000170375378304506
	0.0001689249704516972
	0.0001673715766157173
	0.0001658458138500696
	0.0001644185413745682
	0.0001632314480259505
	0.0001623707343831089
	0.0001617372608325871
	0.0001613193109830804
	0.000160964309739995
	0.0001605502604748184
	0.0001599535425741334
	0.0001591210399909551
	0.0001581844166270143
	0.0001572884991796853
	0.0001564886367819253
	0.0001558739146822136
	0.0001555100635043106
	0.0001552657973862825
	0.0001550315980681436
	0.000154712494724162
	0.0001543114062310352
	0.0001538638861899305
	0.0001533263676323592
	0.0001527182901695987
	0.0001520856636161717
	0.0001514390051021485
	0.0001507659676373836
	0.0001501589951929601
	0.0001496325775344981
	0.0001492016072193534
	0.0001487640813879749
	0.0001482114010520682
	0.0001475696988103134
	0.0001468424847322944
	0.0001460637153560294
	0.0001453010124196422
	0.0001445953686737743
	0.0001439279196193549
	0.0001433514674515369
	0.0001428495967451083
	0.0001423628471561016
	0.0001418511462115486
	0.0001413258285581593
	0.0001408435556152267
	0.0001404823489530984
	0.0001402358213090599
	0.0001400702918651161
	0.0001398512426675501
	0.0001395227136701935
	0.0001390838193611595
	0.0001385610292693058
	0.0001380014384984931
	0.0001374181698377218
	0.0001368188276231179
	0.0001361881114149813
	0.0001355046789499234
	0.000134834813627551
	0.0001341895381030817
	0.0001335594922596569
	0.0001329111006126559
	0.0001322163824610117
	0.0001314982618614029
	0.0001308896351677369
	0.0001304648081925106
	0.0001302542186082469
	0.0001302417328458833
	0.0001304316288653735
	0.0001307858892477979
	0.0001312472474652023
	0.0001317640665509694
	0.0001323457009363746
	0.0001329276145840328
	0.0001334660992937646
	0.0001339641215639392
	0.0001344613497172839
	0.0001350315056617128
	0.0001357298512431981
	0.0001365461177944614
	0.00013743469257227
	0.0001383607457196938
	0.0001393102677544377
	0.000140295660887685
	0.0001412607349183937
	0.0001421357482627324
	0.0001428799747286534
	0.0001435238649657014
	0.0001440786836257292
	0.0001445813720479832
	0.0001450342887839963
	0.000145430180602051
	0.0001457411692524244
	0.0001459478308950831
	0.000146041836847126
	0.000146029804449586
	0.0001459421947788105
	0.0001458194838292496
	0.000145622785399144
	0.0001453646414440657
	0.0001451016413450237
	0.0001448835606047743
	0.0001446805186167281
	0.0001444374319785702
	0.0001440476496414152
	0.0001434438858741067
	0.0001426252254097203
	0.0001416931749391077
	0.0001408591364864494
	0.0001402248365777713
	0.0001397690465124437
	0.0001394945005916373
	0.0001394193127833045
	0.0001395879694363834
	0.0001400054004367997
	0.0001406647049980069
	0.0001414956325269078
	0.000142454818068614
	0.0001434549053134877
	0.0001443879417297184
	0.0001452150496851854
	0.0001459359895673047
	0.0001466103714500037
	0.0001472660575834632
	0.0001478879502810579
	0.0001485003464468451
	0.0001490507505502313
	0.0001495038184130797
	0.0001498021422805461
	0.0001499611478369212
	0.000150045808486537
	0.0001501038086537288
	0.0001501305170865742
	0.0001501040319543949
	0.0001500023170351079
	0.0001498224060686139
	0.0001495790102668437
	0.0001493397048303593
	0.0001491242608047341
	0.0001489371288757583
	0.0001487585630650838
	0.0001485799917289316
	0.0001484210593976659
	0.0001483079221771145
	0.0001482949243388609
	0.0001483085660593841
	0.00014834720396366
	0.00014845225625351
	0.0001485785616174873
	0.0001487050971304553
	0.0001488726997997942
	0.000149069643121106
	0.0001493007820151777
	0.0001495775903865919
	0.0001498714693306611
	0.0001502122082552571
	0.0001505549214857914
	0.0001509312215820492
	0.0001513478576013185
	0.000151807854547442
	0.0001523456385659386
	0.0001529303577536899
	0.0001534780619136236
	0.0001539439060170693
	0.0001542991494344404
	0.0001545129306466827
	0.0001546141924552103
	0.0001545607248936033
	0.0001543257607359203
	0.000153953167214209
	0.0001534846724158993
	0.000152953747564364
	0.0001524445035254735
	0.0001521273871769307
	0.0001521075409294154
	0.0001523881718578307
	0.0001529533797809134
	0.0001537000423561625
	0.0001544846160495734
	0.0001551935492854678
	0.0001557460226715501
	0.0001561746377808687
	0.0001566098794908815
	0.0001570133727160491
	0.0001572904246540632
	0.0001573646953079583
	0.0001573688742662117
	0.0001573372690710554
	0.0001572186257179422
	0.0001570480347644498
	0.0001569615238950857
	0.0001570530348894491
	0.0001573875478055486
	0.0001579537855591016
	0.0001587162064943307
	0.0001595779005531313
	0.0001603962202153518
	0.0001610531378066191
	0.0001614887413602671
	0.0001618436682055589
	0.0001621954959512389
	0.0001625884490549568
	0.0001630479068078787
	0.0001635244599115138
	0.0001639867419414671
	0.0001645019228429045
	0.0001651186081701916
	0.0001657494664505246
	0.0001663240658657907
	0.0001669002078616424
	0.0001674076445974325
	0.00016773911175984
	0.0001678282886653843
	0.0001676291845874602
	0.0001670371433180686
	0.0001662686081690089
	0.0001655753662679511
	0.000165105263656452
	0.000164893718651108
	0.0001649029634162211
	0.0001650571836902698
	0.0001652727974264803
	0.0001655706354093974
	0.0001659848167682227
	0.0001664992403161646
	0.0001671653870053578
	0.0001679961628646152
	0.0001688548149590725
	0.0001696145329591839
	0.0001701706314994447
	0.0001705181460514753
	0.0001706649074432383
	0.0001706345840405358
	0.0001705062626891549
	0.0001703505208073887
	0.0001701794341853667
	0.0001700694904645749
	0.0001699958284352299
	0.0001699672716173763
	0.0001700408958401489
	0.0001701839736790035
	0.0001703652718263033
	0.000170555746789361
	0.0001706756256625394
	0.0001706976689692127
	0.000170656037050212
	0.0001705992729601296
	0.0001705813140111383
	0.0001706850930483359
	0.0001709781065183595
	0.0001714606660540932
	0.0001720265265749386
	0.0001725084858581733
	0.0001728780182951298
	0.0001732261806508461
	0.0001736378362972631
	0.0001741761063758982
	0.0001748337799950737
	0.0001755109787311565
	0.0001761269745335116
	0.0001766456671770167
	0.0001770542732171259
	0.0001773075254157432
	0.0001774147253980873
	0.0001773784588404273
	0.0001771946068809214
	0.0001768769125943253
	0.0001764692452056477
	0.0001760053206466438
	0.0001755014261618423
	0.0001748774415561042
	0.0001740985820435119
	0.0001731868881884109
	0.0001722276906790719
	0.0001712847601520265
	0.0001703850814086064
	0.0001696031207435431
	0.000169011623269585
	0.0001685913757630355
	0.000168276067047344
	0.0001680686261164284
	0.0001680160008584732
	0.0001681280937887439
	0.0001683863229901449
	0.0001687553381182262
	0.0001692530773625834
	0.0001698764690941008
	0.0001706705439826747
	0.0001716717411070332
	0.0001727488982316765
	0.0001738138436311929
	0.0001747753799767775
	0.0001756036550322129
	0.0001762389214829204
	0.0001766107077264059
	0.0001766822556773415
	0.000176445328131751
	0.0001759877524842861
	0.0001753217872753843
	0.000174460252283063
	0.000173452994686789
	0.0001723495038653058
	0.0001710968375190808
	0.0001696972915224668
	0.0001681792643285015
	0.0001666064291094883
	0.0001650311131350947
	0.000163537854008772
	0.0001621912663730051
	0.0001611207598031623
	0.0001602822091980876
	0.0001595551171873243
	0.0001589023441019064
	0.0001583365472861671
	0.0001578799721672378
	0.000157612422266322
	0.0001575584950442614
	0.0001576683752945822
	0.0001578849008353276
	0.0001581524060559569
	0.0001585088960795074
	0.0001589061880887498
	0.0001592811264760985
	0.000159632970831739
	0.0001599479600948059
	0.0001602847877627756
	0.0001606053843014863
	0.0001609541200690048
	0.0001613234238945325
	0.0001617354286176976
	0.0001621710960719297
	0.0001626178996004383
	0.0001631291732509683
	0.0001637169112617795
	0.0001643517269428959
	0.0001649968379552037
	0.0001656596334450591
	0.0001663495569359363
	0.0001670639147406898
	0.000167754826207684
	0.0001684750737837107
	0.0001693229927998505
	0.0001701038525715455
	0.0001706895848898558
	0.0001709852735918461
	0.0001709730194830478
	0.0001706597194350898
	0.0001701502504884066
	0.0001695862417892474
	0.000169036328986753
	0.0001685369953540128
	0.0001680172818575692
	0.0001674744913245699
	0.0001668853764948892
	0.0001662278383323692
	0.0001654961695371271
	0.0001647250606995835
	0.0001639085979955843
	0.0001630023457574645
	0.0001620752723249685
	0.0001611750806133493
	0.0001603004572246366
	0.0001594360210547455
	0.0001585508458345223
	0.0001576706612582607
	0.0001568199339587487
	0.0001559831608214755
	0.000155164542113085
	0.0001543704603883524
	0.0001536727244142995
	0.0001530377711917541
	0.0001524193013088601
	0.000151799458515235
	0.000151120673462313
	0.0001504023062400665
	0.0001496928824024545
	0.0001489984228980437
	0.0001483440413963117
	0.0001477696439287813
	0.000147335467607093
	0.0001470867157073651
	0.0001470154831764841
	0.0001470811833241815
	0.0001473597931922551
	0.0001478378187523782
	0.0001484226410357601
	0.0001490445380246697
	0.0001496698550034825
	0.0001502953056119995
	0.0001508881318867485
	0.0001514894305119
	0.0001520719768548214
	0.0001525716001325941
	0.0001529317289900917
	0.0001530938416534656
	0.0001530159587719291
	0.0001527092809423672
	0.0001521689333297425
	0.000151385803185608
	0.0001504166501856848
	0.0001492861493351504
	0.0001480600385606292
	0.0001468485272122212
	0.0001457024199772661
	0.0001446280617546225
	0.0001436664510587249
	0.0001428427303195621
	0.0001421504078960761
	0.0001416061585616634
	0.0001412080949338622
	0.000140951454381403
	0.0001408218996402891
	0.000140774855746602
	0.0001407697830006527
	0.0001408189446013525
	0.0001409747096740716
	0.0001412410446978514
	0.0001415771531764633
	0.0001419844829129438
	0.0001425425832216051
	0.0001432891997380962
	0.0001442492446717874
	0.0001453684907398059
	0.0001466031940336639
	0.000147828018685889
	0.0001489732611855743
	0.0001500453217758417
	0.0001510202433863334
	0.000151873817607841
	0.0001526257570345442
	0.0001532871857410895
	0.0001538477058403668
	0.0001543303280134673
	0.0001548229199975405
	0.0001553131287853163
	0.0001557315245431707
	0.0001561009406984483
	0.0001564790549740278
	0.0001568827102517198
	0.0001573160259733923
	0.0001578148332829478
	0.0001583567022817201
	0.0001588710654029564
	0.000159363304851725
	0.0001598721317267789
	0.0001604864614274786
	0.0001611669556469064
	0.0001617841770645379
	0.0001623037504850228
	0.0001626706322494292
	0.0001628676053992255
	0.0001628863783432866
	0.0001627249633427449
	0.0001624114724766249
	0.0001620011705790332
	0.0001615635515609612
	0.00016120077436198
	0.0001609519409631725
	0.0001608187473014923
	0.0001608114765760819
	0.0001609046956052319
	0.000161045865679471
	0.00016119507465707
	0.0001613284252447296
	0.00016142318373966
	0.0001614456610443779
	0.0001613702582893103
	0.0001612883746602654
	0.0001612504433906749
	0.0001612999900913382
	0.0001614269230023817
	0.0001616634895535356
	0.0001620298280330668
	0.0001625228670212272
	0.0001631080035546721
	0.0001637056678728303
	0.0001642251412335239
	0.0001646210142725188
	0.0001648682978075904
	0.000165052832562074
	0.0001652540647537715
	0.0001654718973934567
	0.0001658432869168709
	0.0001665199598694586
	0.0001671608459242348
	0.0001676633344615201
	0.0001679084974103991
	0.0001678523747387582
	0.000167622864249201
	0.0001673537350113565
	0.0001670612581934184
	0.0001667708076043174
	0.0001664560451835542
	0.0001661036238356678
	0.0001657191834794885
	0.0001652859987191532
	0.0001649545751127094
	0.0001646553870393131
	0.0001644065113625491
	0.0001641003389278136
	0.0001636663326887146
	0.0001630803756635456
	0.0001623081656122791
	0.0001614116018145622
	0.0001604193061668425
	0.0001593540256681991
	0.0001582741972907489
	0.0001572832398386384
	0.000156490925776291
	0.0001559059617972609
	0.0001555127060431487
	0.0001553169971834629
	0.0001552601660541061
	0.0001552515573102914
	0.0001552268724601925
	0.0001551735343095618
	0.0001551649957128258
	0.0001552288656954853
	0.0001553895541559297
	0.0001556754820799844
	0.0001560739529704706
	0.0001564911682797482
	0.0001568560818320002
	0.0001571132371784919
	0.0001572187201054829
	0.0001571647599990002
	0.0001569674902758334
	0.0001566895431692914
	0.0001563566394414518
	0.0001559735804578063
	0.0001555730093518983
	0.0001551926121311186
	0.0001549118810892725
	0.0001548151372176074
	0.0001549192713992961
	0.0001551957838120857
	0.0001555236374730267
	0.0001557554482839086
	0.0001557828014323429
	0.0001555011728154585
	0.0001549240702010507
	0.0001542559995411138
	0.0001536547415517641
	0.0001531352165485487
	0.0001527311527259831
	0.0001524631428622215
	0.0001523045697893996
	0.0001522364646387401
	0.0001521862835780872
	0.000152062412259063
	0.0001518497192762243
	0.0001515712389528582
	0.0001512489230603734
	0.0001509390878418243
	0.0001507324445249746
	0.0001506629072147392
	0.00015075273242188
	0.0001509534287063488
	0.000151193923388602
	0.00015146801885355
	0.0001517754680710915
	0.0001520920617659348
	0.0001523230682963675
	0.0001524289285044894
	0.0001523669208848631
	0.0001520977566162433
	0.000151604425016036
	0.0001509369923193485
	0.0001501404685539249
	0.0001492911587766444
	0.0001484440420445301
	0.0001476114403419732
	0.00014678026378977
	0.0001459503257564913
	0.0001451441782428505
	0.0001443647126699136
	0.0001436390315930855
	0.0001429382511369202
	0.0001422588337196247
	0.0001416874439933088
	0.0001412076052781695
	0.0001408067988532039
	0.0001404813602762059
	0.0001402429008140762
	0.0001401032606890202
	0.0001400562111884658
	0.0001400525421487642
	0.0001400854914244011
	0.00014013191109396
	0.0001401334355765466
	0.0001400753859286673
	0.0001399542774349238
	0.0001398013745954469
	0.0001396483145679585
	0.0001395016157585248
	0.0001393227021719986
	0.0001390950953297255
	0.0001388768447540583
	0.0001386893329908167
	0.0001385624722577299
	0.0001385540107049269
	0.0001386790796654149
	0.0001389136981390979
	0.0001392096146207643
	0.0001395194991190791
	0.0001397896997313301
	0.0001399825576166252
	0.0001400722389930107
	0.0001401637316997076
	0.0001403200618834569
	0.0001405555281660957
	0.0001409288417451766
	0.0001413519611162822
	0.000141764842524747
	0.0001421024328281419
	0.0001423203943359297
	0.0001424179100131495
	0.0001424322035424519
	0.0001424050105979225
	0.0001423833195591204
	0.0001423494547220356
	0.0001422993389449171
	0.0001422534430003143
	0.0001422447732916335
	0.0001421785989568226
	0.0001420038299631502
	0.0001417331925243342
	0.0001414556661779169
	0.0001411656418555595
	0.0001408533780768471
	0.0001405552269082543
	0.0001402704379526323
	0.0001399735191167396
	0.0001396399290886749
	0.0001392942296246384
	0.0001390125048594379
	0.000138823963375855
	0.0001387438459285633
	0.0001387882118624379
	0.0001389100823049986
	0.0001390995135306354
	0.0001393602564575605
	0.0001396991367113564
	0.0001401408476586443
	0.0001406633484239643
	0.0001411959482098987
	0.0001417098764487452
	0.0001421961486391144
	0.000142677181078015
	0.0001432059835759316
	0.0001437738980240349
	0.0001443477842556002
	0.0001448805423375554
	0.0001453645133962685
	0.0001459559255821669
	0.000146637990587021
	0.0001473488743424005
	0.0001480423998182423
	0.0001487083461618229
	0.0001492669590115743
	0.0001496233883912475
	0.0001496965317068975
	0.0001495146104588771
	0.0001491518526574005
	0.0001486363463642157
	0.0001480192561205598
	0.000147363868879584
	0.0001467194924128816
	0.0001461731000060545
	0.0001458630903594023
	0.0001458289399975151
	0.0001461103969377814
	0.0001466036710639118
	0.0001472133450475165
	0.0001478202684633728
	0.000148310752036939
	0.0001486277352350072
	0.0001487419224415594
	0.0001486037598362184
	0.0001481988520090891
	0.0001475834627668473
	0.0001468846487919975
	0.0001462572277346853
	0.000145847953905492
	0.0001456425164718608
	0.0001455316655686827
	0.0001453646263688621
	0.0001450854621933848
	0.0001446761831280087
	0.0001442049323331893
	0.000143705514196441
	0.0001431904428515899
	0.0001425537200107502
	0.0001416977150254641
	0.0001406382741244595
	0.0001394615355064934
	0.0001382347195397032
	0.000137073934755814
	0.0001360416043204232
	0.0001351436284716039
	0.0001344319404538735
	0.000133963363254386
	0.0001337167047373965
	0.0001336611246183827
	0.0001337167337096501
	0.0001338195815377318
	0.0001339297953367887
	0.0001341094999695374
	0.0001343994296788487
	0.0001348086779921446
	0.0001353820278434484
	0.0001361581968423058
	0.0001371642317716142
	0.0001384416857743152
	0.0001399225641346606
	0.0001415534910733532
	0.000143253195855603
	0.0001449509361367758
	0.0001466385040213063
	0.0001482183497980367
	0.0001495672183911866
	0.0001506477455244934
	0.0001514994823072671
	0.0001521676948828418
	0.000152702003420757
	0.0001531799970466246
	0.0001535678690481365
	0.0001538715187427761
	0.0001540795501358104
	0.0001542008141808163
	0.0001542953496720683
	0.0001544741032241532
	0.0001547702216709461
	0.0001551716076531867
	0.0001556806216901249
	0.0001562414382795814
	0.0001568097862935788
	0.0001573853513577035
	0.0001579557835098283
	0.0001585281807464612
	0.0001590697077259019
	0.0001595171125132568
	0.0001599374833285629
	0.0001603117182585134
	0.0001606293560541233
	0.0001609200307909941
	0.0001612131177532993
	0.0001615183955410624
	0.0001618716479236325
	0.0001622327024877576
	0.0001625706922535747
	0.0001628715262579138
	0.0001631268124231056
	0.000163317725447278
	0.0001634327065363393
	0.0001634945623211092
	0.0001634679864939829
	0.0001633273006587777
	0.00016307872781695
	0.0001628100011094689
	0.0001625825366964405
	0.0001624617766654181
	0.0001624392724805924
	0.0001625124014961348
	0.0001627091975953278
	0.0001630334718545015
	0.000163487567874707
	0.0001640108610039118
	0.0001645075733165869
	0.0001648190926105658
	0.0001649125886422061
	0.0001647838844642665
	0.0001644804373923256
	0.0001640188872283125
	0.0001634151882232133
	0.0001627163473416874
	0.0001620219924703604
	0.0001613314538444755
	0.0001606535005295225
	0.0001600481998861857
	0.0001594862195444314
	0.0001589146171553571
	0.0001582866042038664
	0.0001576193348478845
	0.0001569092779729735
	0.000156126104276615
	0.0001552334219573947
	0.0001541799014990888
	0.0001529490019146756
	0.0001515597838613229
	0.0001500699254601161
	0.0001485647552439173
	0.0001471182444370131
	0.000145851682972356
	0.0001448477169130601
	0.000144088752265079
	0.0001434875203590619
	0.0001429354951099431
	0.0001423690108015524
	0.0001418086474272557
	0.0001413521213249157
	0.00014108202616643
	0.0001410375247907843
	0.0001412099238765094
	0.0001415628525531647
	0.0001420324491957077
	0.0001425416362133912
	0.0001429824669270675
	0.0001432777059222081
	0.0001434720380953532
	0.0001435861522284134
	0.000143613378876911
	0.0001434216272769865
	0.0001429703281817176
	0.0001422979733086506
	0.0001414602618681564
	0.0001405243181957526
	0.0001396080606513999
	0.0001388240824596793
	0.0001381898279251316
	0.0001377291870805217
	0.0001374056601025019
	0.0001372057916300096
	0.0001371292798501975
	0.000137176774584162
	0.0001373113490375026
	0.0001374610722794158
	0.0001375487010120267
	0.0001375851759253759
	0.0001376218990844695
	0.0001376658694058583
	0.000137719623318963
	0.0001377745897502639
	0.0001377619792024371
	0.0001376773799352072
	0.0001375222208392702
	0.000137325976435732
	0.0001371448809772404
	0.0001369651105505465
	0.0001367400438276953
	0.0001364305013604736
	0.000136030426416995
	0.0001356090707970318
	0.0001352316372743767
	0.0001349380794859028
	0.0001347244011739652
	0.0001345749560231793
	0.0001344390775415049
	0.0001342547825524501
	0.0001340437186322464
	0.0001338158808321115
	0.0001335707156882339
	0.0001333107639583071
	0.0001330583193067089
	0.0001328050008652749
	0.0001325239684681583
	0.0001322043951466379
	0.0001318805829713307
	0.0001316046274627655
	0.0001313884708374888
	0.0001311461628836465
	0.0001308091731091827
	0.0001304208112050942
	0.0001300143464408429
	0.0001295932163398373
	0.0001292051908711823
	0.0001289110548166509
	0.0001287625960738127
	0.0001287070355198459
	0.0001287239254961916
	0.0001287599928760446
	0.000128805636119779
	0.0001289115297634297
	0.000129043701135059
	0.0001291666329635192
	0.0001292957492005902
	0.0001294833888944238
	0.0001297575020731164
	0.0001301732569982981
	0.0001307303876241103
	0.0001314136551748577
	0.0001322046478570419
	0.0001330402647072109
	0.0001339104399388537
	0.0001348129145863089
	0.0001356608675908727
	0.0001364340448273247
	0.0001371913183353733
	0.0001379147968437191
	0.0001386030934996451
	0.0001392438099467395
	0.0001397922905530797
	0.0001402278117575663
	0.0001405987203503243
	0.0001409409785762682
	0.000141209747378325
	0.0001413316571056982
	0.0001413325754195014
	0.0001412736905560026
	0.000141165074434151
	0.0001410049520185477
	0.0001408431766531954
	0.000140628194447403
	0.0001403179435711078
	0.0001399270826369982
	0.0001395183818753446
	0.0001391078750994669
	0.0001386929756169894
	0.0001383088448517287
	0.0001379643332619937
	0.0001377317684728571
	0.0001377177411529626
	0.0001379361957160644
	0.0001383685441922383
	0.0001389880436380215
	0.0001397590681357698
	0.0001406021738529483
	0.0001415011996633963
	0.0001424322754842963
	0.0001433790550590688
	0.000144252969373769
	0.0001450295707308969
	0.0001457482863615507
	0.0001464351064095425
	0.0001471174678284396
	0.000147799299892365
	0.0001484929867130224
	0.0001491593259665652
	0.0001497654789339335
	0.0001503091339286691
	0.0001507779172262792
	0.0001511714911302033
	0.0001515161792651806
	0.000151798299850864
	0.0001520642941987791
	0.0001522864077738883
	0.000152403352359746
	0.000152476490645996
	0.0001525598285527485
	0.0001525836948434529
	0.0001524759852330249
	0.000152229341574395
	0.000151786690303843
	0.0001511370893591007
	0.0001503088162640468
	0.0001492935106617129
	0.0001480895957987686
	0.000146784260020766
	0.0001454790885452031
	0.0001442787379970543
	0.0001431675807128052
	0.0001421058080444178
	0.0001411531481691467
	0.000140367439988777
	0.0001397052816455541
	0.0001391632772426596
	0.0001387186408564945
	0.0001383458105377627
	0.0001379977119863694
	0.0001376441136633631
	0.0001372786569973385
	0.0001369197078482775
	0.0001365566633194372
	0.0001362172206443275
	0.0001358971398387796
	0.0001355359316769058
	0.0001351443718292525
	0.0001347840141488148
	0.000134481533426046
	0.0001342086722209365
	0.0001339207569889127
	0.0001336154543519837
	0.0001333256349122259
	0.0001330735350144409
	0.000132831844789797
	0.000132627471807728
	0.0001324904828981664
	0.0001324415597808056
	0.0001324690159555513
	0.0001325660193675669
	0.0001326625941880087
	0.0001326892676617375
	0.0001326383297227337
	0.0001325299751481748
	0.0001323713923732396
	0.0001322156000052714
	0.0001320913688922003
	0.000132010382183021
	0.0001319626189361898
	0.0001319200223658887
	0.0001318935887971672
	0.0001319538467834024
	0.0001321192842309907
	0.0001322973888400293
	0.0001324427741701238
	0.0001325673453606057
	0.0001326552995148464
	0.00013273842084982
	0.0001328560656805388
	0.0001329872370681555
	0.0001331247390145455
	0.0001332673685557364
	0.0001334350375609254
	0.0001336001472847394
	0.0001337966720455192
	0.0001340239990872401
	0.0001342576307994472
	0.0001345108270887345
	0.0001348249426977603
	0.0001351734851905492
	0.0001355627078941782
	0.0001360162890301267
	0.0001365280899204437
	0.000137086945199013
	0.0001376835120930592
	0.0001383723192166177
	0.0001391762149621578
	0.0001400767348408903
	0.0001410557773632237
	0.0001420903700221851
	0.0001432029980518264
	0.000144404626968363
	0.0001456302711831882
	0.0001468041221853015
	0.0001478495200146113
	0.0001487159779800755
	0.0001494299234084873
	0.0001499751951547368
	0.0001502910886711692
	0.0001503522127887905
	0.0001502062212335997
	0.0001499147460480576
	0.0001495578783047268
	0.0001492350507543044
	0.0001489954876778489
	0.000148895430265738
	0.0001489397342986358
	0.0001491145608452868
	0.0001494209214681229
	0.0001498180304028683
	0.0001502953220288638
	0.0001508655663343727
	0.000151532520038928
	0.0001523404668644066
	0.0001532312187018652
	0.0001541249713113743
	0.0001549982620418747
	0.0001558444070869734
	0.0001566266491965753
	0.0001573256145698312
	0.0001579676958081972
	0.0001585424931577231
	0.000159013717769375
	0.0001593445989259414
	0.000159533214609649
	0.0001596395601590174
	0.0001597647752637172
	0.0001599356081154123
	0.0001601367797338052
	0.0001603793499373236
	0.0001606137564762896
	0.0001608496184019821
	0.0001610756337271788
	0.0001612860585660408
	0.0001614423408805808
	0.0001615570466865057
	0.0001617055514001564
	0.0001618625277898112
	0.0001620552087482408
	0.0001622289687008488
	0.000162338276330999
	0.0001622995306777553
	0.0001620970435368419
	0.0001618200122717488
	0.0001615017311452455
	0.0001611539899712859
	0.000160707095003279
	0.0001601159950408773
	0.0001593610443860992
	0.0001584316365293072
	0.0001574367817056311
	0.0001564400297208903
	0.0001554978644609143
	0.0001546876835848776
	0.0001539760174658066
	0.0001532859623867041
	0.0001526227852516235
	0.000152046003381663
	0.0001515573993433442
	0.0001511366126303095
	0.0001506736132186496
	0.0001501766494940978
	0.0001496225317423761
	0.0001490424783945758
	0.0001485300267610714
	0.0001481390973315101
	0.0001479316411087662
	0.0001479093109362019
	0.0001480188434193901
	0.0001482233463595724
	0.0001484215880466176
	0.0001485284433427382
	0.0001485709219060431
	0.0001486135925627688
	0.000148623741054782
	0.0001486397672677071
	0.0001487040092639715
	0.0001487994502923688
	0.0001488755842792953
	0.0001489078160305859
	0.0001488949794163775
	0.0001488913868584519
	0.0001489751333602785
	0.0001491843299433521
	0.0001494672411258319
	0.0001497281946369852
	0.000149942079102624
	0.0001501228979751628
	0.0001502244708359255
	0.0001502122697675729
	0.0001500587580688133
	0.0001497730578929547
	0.0001493838581456798
	0.000148961704695936
	0.0001485439213209586
	0.0001481615796707171
	0.0001477435242506706
	0.0001472846708741795
	0.0001468041302436587
	0.0001463065093280582
	0.0001458704046484324
	0.0001455152351461153
	0.0001452270996555372
	0.0001449802226742533
	0.0001447514106503138
	0.0001445298743866299
	0.0001443681336004638
	0.0001442914037867652
	0.0001442915078093861
	0.0001443200937990588
	0.0001443397865365215
	0.0001443482844822407
	0.0001442994763076913
	0.0001442112227096077
	0.0001441036068223592
	0.0001439776405894428
	0.0001438682803777595
	0.0001438009463346273
	0.0001438055916692958
	0.0001438297970699121
	0.0001438382208914631
	0.0001438244527293236
	0.0001438972929814942
	0.0001440553750954383
	0.0001442589148687437
	0.0001445081414863634
	0.000144785490173499
	0.0001450417090936753
	0.0001452286002720227
	0.0001453060198345726
	0.0001452988719031925
	0.0001452129197127357
	0.0001450453915534075
	0.0001448618370653238
	0.0001447363880833826
	0.0001446913108185353
	0.0001447289030583501
	0.0001448401343052916
	0.0001450209281005371
	0.000145309497594238
	0.0001457405394792798
	0.0001462855282301201
	0.0001468844174390293
	0.0001475432877804198
	0.0001483044776851409
	0.0001491294698126898
	0.0001500236965962737
	0.0001509800355304373
	0.0001519661385430106
	0.0001530173349048028
	0.0001541580417486394
	0.0001553509178362397
	0.0001565730844603794
	0.0001577653796860145
	0.0001587652908363163
	0.000159516909128423
	0.0001600945644707635
	0.0001606010799614848
	0.0001610680886268161
	0.0001615617685600279
	0.0001621087137315078
	0.0001626168223874128
	0.0001630490883069536
	0.0001634085285380197
	0.0001636643429752217
	0.0001637594741793684
	0.0001636835430773785
	0.0001634264354974323
	0.0001630091698473388
	0.0001624508075360715
	0.0001618413795270314
	0.0001612653243199074
	0.000160772255119864
	0.0001604193072585692
	0.0001602261367213892
	0.0001601807712624945
	0.0001602824488177001
	0.0001604882670010254
	0.0001607391949809349
	0.0001610646941303427
	0.0001615509205056298
	0.0001621144722740057
	0.0001626952275751665
	0.0001632969389245699
	0.000163885312146497
	0.0001643725383560086
	0.0001647923081642526
	0.0001651321249383145
	0.0001653825485646208
	0.0001655596570053174
	0.0001656479884070152
	0.0001657341677360776
	0.0001659177950480082
	0.000166255967794647
	0.0001666778330069965
	0.0001671804260770252
	0.0001677636940790892
