	7.3906548118941e-06
	7.591013261796383e-06
	7.754786899290547e-06
	7.866877579530223e-06
	7.906665999179251e-06
	7.880764480488666e-06
	7.824155408775487e-06
	7.779362230360149e-06
	7.773812934774882e-06
	7.798169930762962e-06
	7.862555088833267e-06
	7.929768794293434e-06
	7.973003306784449e-06
	8.023253488059488e-06
	8.134405809917722e-06
	8.302619530592058e-06
	8.542860956736604e-06
	8.785411919351037e-06
	8.887278946029447e-06
	8.758194301232335e-06
	8.426878240376623e-06
	8.085707046697823e-06
	7.880668379147327e-06
	7.801949265898702e-06
	7.798202346983687e-06
	7.835422328984981e-06
	7.885423816082484e-06
	7.918963772074083e-06
	7.952887387806719e-06
	7.999722068444385e-06
	8.092472563249686e-06
	8.245595248433956e-06
	8.387111376306697e-06
	8.457006298762915e-06
	8.442178530263408e-06
	8.378541002368026e-06
	8.318915810299887e-06
	8.31571805504538e-06
	8.408221403133272e-06
	8.535919741458486e-06
	8.626310096465502e-06
	8.597906864047075e-06
	8.501833895074848e-06
	8.394575440921165e-06
	8.307888673429309e-06
	8.270126849580806e-06
	8.304407233260238e-06
	8.3900912528213e-06
	8.459693896114431e-06
	8.435533482448487e-06
	8.299751437869244e-06
	8.10086057688722e-06
	7.97285338971159e-06
	8.033388223636594e-06
	8.252028128607838e-06
	8.507324741666514e-06
	8.69731735055392e-06
	8.755916866760549e-06
	8.666765104789913e-06
	8.500942273582907e-06
	8.37042726404457e-06
	8.35417892869864e-06
	8.409318846985312e-06
	8.491042057966985e-06
	8.550326947275103e-06
	8.586949855926219e-06
	8.604286138971767e-06
	8.599653405681122e-06
	8.567653498511413e-06
	8.539219894661816e-06
	8.533462423741628e-06
	8.641569995387096e-06
	8.922139596381679e-06
	9.31202649233421e-06
	9.668643797715025e-06
	9.842792124431732e-06
	9.626201653074776e-06
	9.18931172828668e-06
	8.851174858041292e-06
	8.887472107692431e-06
	9.2743637849753e-06
	9.761807364726318e-06
	1.001076220423094e-05
	9.931265700057173e-06
	9.666396588781284e-06
	9.35221813428853e-06
	9.127776078098955e-06
	8.98490948982169e-06
	8.873964885420072e-06
	8.821995784780528e-06
	8.879862525873885e-06
	9.031170110004549e-06
	9.20671437201809e-06
	9.349666396153899e-06
	9.380751798356111e-06
	9.338335612609466e-06
	9.266445467790907e-06
	9.162845338457321e-06
	9.039637458095403e-06
	8.916764487624254e-06
	8.831005317152191e-06
	8.798183045804747e-06
	8.802346929119138e-06
	8.890087074174022e-06
	9.070822635779461e-06
	9.344115602297392e-06
	9.636175371485833e-06
	9.771249818321466e-06
	9.602517270442829e-06
	9.183017141514973e-06
	8.701461556844419e-06
	8.390249450560173e-06
	8.28320940863073e-06
	8.309642889526561e-06
	8.444437410161682e-06
	8.639754105245532e-06
	8.813395664601428e-06
	8.910015519610185e-06
	8.897538924316264e-06
	8.776267217481585e-06
	8.593781264803015e-06
	8.391795040307592e-06
	8.227515952078106e-06
	8.106031773686045e-06
	7.983977890081481e-06
	7.849235221783792e-06
	7.743572548039797e-06
	7.666049738497318e-06
	7.620077658506487e-06
	7.565985472529981e-06
	7.48213774628016e-06
	7.360715555861388e-06
	7.2188690951128e-06
	7.160103797179272e-06
	7.251350938195086e-06
	7.387785670678079e-06
	7.406483587163008e-06
	7.380261019918448e-06
	7.383244385360957e-06
	7.399008942557673e-06
	7.410152248275659e-06
	7.407579498059942e-06
	7.404325859356834e-06
	7.369334776329413e-06
	7.205458025426044e-06
	6.953768415807568e-06
	6.738098825669131e-06
	6.667575223395838e-06
	6.620490072695071e-06
	6.520221853358579e-06
	6.420188771961963e-06
	6.359949834622355e-06
	6.30022308789118e-06
	6.2363598384175e-06
	6.242128021973049e-06
	6.359013670500111e-06
	6.505630688516291e-06
	6.605020439002069e-06
	6.63479857980296e-06
	6.57669291862421e-06
	6.503441695547717e-06
	6.466999434629907e-06
	6.544033185439502e-06
	6.720026221566031e-06
	6.894116195613014e-06
	6.969028559998387e-06
	6.93795180246289e-06
	6.850981059465559e-06
	6.744802291560089e-06
	6.635089957561859e-06
	6.569907054418135e-06
	6.598577595308579e-06
	6.663757165943511e-06
	6.767392404781755e-06
	6.863312924603382e-06
	6.86503325775747e-06
	6.811717746879645e-06
	6.825583864853895e-06
	6.936048937401412e-06
	7.040636899746045e-06
	7.114975903327955e-06
	7.171127434041533e-06
	7.258733615917164e-06
	7.396471419510539e-06
	7.548454537322155e-06
	7.673380457556123e-06
	7.654199049051589e-06
	7.489491282974521e-06
	7.218107342592342e-06
	6.960423056269828e-06
	6.913808314856388e-06
	7.124187316786614e-06
	7.437530972123924e-06
	7.663269395161165e-06
	7.681857410808312e-06
	7.512491549321553e-06
	7.296921276808054e-06
	7.150030569455192e-06
	7.085402754823866e-06
	7.10106842455436e-06
	7.170059002553082e-06
	7.160029716710704e-06
	6.982491301011594e-06
	6.68558903472017e-06
	6.466969821837506e-06
	6.436177052387416e-06
	6.530555670686468e-06
	6.635711185929296e-06
	6.694177490390199e-06
	6.722455482468858e-06
	6.720800360358136e-06
	6.726407802306863e-06
	6.765036814124233e-06
	6.837016917578115e-06
	6.932735042129819e-06
	7.0716003520116e-06
	7.22537134617286e-06
	7.371463305974684e-06
	7.452688540123418e-06
	7.489912908834588e-06
	7.503566233639221e-06
	7.515600503259735e-06
	7.584564354370428e-06
	7.720175968205848e-06
	7.902857169607813e-06
	7.99757359714905e-06
	7.889859295466364e-06
	7.611638341500595e-06
	7.304913276093229e-06
	7.080855119127946e-06
	7.004400935061267e-06
	7.042685248830198e-06
	7.145708026642648e-06
	7.273402363283233e-06
	7.379752889328981e-06
	7.424004664655297e-06
	7.420819929525702e-06
	7.370379056951033e-06
	7.352180823758226e-06
	7.400565782995534e-06
	7.430493413560831e-06
	7.390245532068748e-06
	7.269883629651352e-06
	7.136836710735519e-06
	7.033200742291661e-06
	7.0057423437929e-06
	7.026954275100724e-06
	7.073539550002987e-06
	7.164846158573544e-06
	7.319359758752732e-06
	7.576795376851548e-06
	7.930952800377237e-06
	8.281495525561125e-06
	8.527984631565792e-06
	8.649395648861453e-06
	8.645011931360386e-06
	8.539626339572855e-06
	8.396576871582643e-06
	8.329037793028517e-06
	8.46676772715379e-06
	8.756143783004971e-06
	9.051059187571218e-06
	9.236046759460246e-06
	9.255179138372746e-06
	9.118628551751805e-06
	8.912065277805316e-06
	8.696311953701294e-06
	8.54507192812925e-06
	8.526359822042038e-06
	8.599060180769383e-06
	8.636390145750467e-06
	8.561858560079595e-06
	8.39251067196924e-06
	8.23803595876884e-06
	8.169154338677937e-06
	8.244078098638812e-06
	8.498870772692454e-06
	8.923335098396411e-06
	9.40314887469635e-06
	9.764980949540188e-06
	9.799680190620691e-06
	9.502830918429693e-06
	9.019305830227757e-06
	8.585834728983246e-06
	8.353350852243643e-06
	8.326731688071234e-06
	8.404140681402426e-06
	8.397810246855942e-06
	8.363486031406314e-06
	8.291005049798901e-06
	8.23988580307357e-06
	8.227201166883147e-06
	8.279418348988901e-06
	8.373081184304153e-06
	8.449647071493016e-06
	8.449451254732975e-06
	8.339194950130276e-06
	8.117688094847855e-06
	7.811324490632979e-06
	7.512953881175048e-06
	7.311144591896859e-06
	7.322110622805382e-06
	7.508462626521642e-06
	7.746718422525346e-06
	7.887487499759008e-06
	7.890561427815964e-06
	7.784615827146031e-06
	7.63756028793066e-06
	7.516945057163931e-06
	7.442354140641097e-06
	7.470964256290211e-06
	7.515622243752542e-06
	7.510808980490259e-06
	7.451942252833074e-06
	7.310324894471192e-06
	7.083626265372922e-06
	6.936656145024723e-06
	6.980167443246112e-06
	7.211355116581982e-06
	7.477441381445205e-06
	7.64766814084473e-06
	7.712089472393004e-06
	7.683776357574983e-06
	7.570340686104315e-06
	7.426882884783898e-06
	7.276790494089964e-06
	7.197781365234114e-06
	7.253216079805981e-06
	7.385501994987929e-06
	7.498539033051595e-06
	7.57179501538958e-06
	7.572133014098457e-06
	7.486782374012435e-06
	7.318224649647028e-06
	7.150854791769322e-06
	7.0383387022358e-06
	6.951039184041287e-06
	6.931780698489866e-06
	7.019845860250389e-06
	7.169245953354965e-06
	7.305854272526727e-06
	7.397447015887107e-06
	7.429588664758767e-06
	7.408922309475934e-06
	7.372988367246079e-06
	7.334019141707039e-06
	7.296720954709636e-06
	7.246231893388697e-06
	7.174884672260549e-06
	7.09177680978383e-06
	7.056949648645025e-06
	7.113766310445116e-06
	7.241402660586068e-06
	7.393639451371982e-06
	7.574680705421853e-06
	7.750444925979982e-06
	7.898589427558961e-06
	8.027143522052784e-06
	8.152445037849587e-06
	8.311412801200502e-06
	8.509709890225496e-06
	8.740954258928315e-06
	8.969426131143137e-06
	9.024665426268842e-06
	8.854531913454016e-06
	8.558616595164324e-06
	8.231999742497757e-06
	8.014173371057104e-06
	8.074151936386093e-06
	8.363489194884855e-06
	8.602584605883732e-06
	8.659491874631037e-06
	8.564557584078123e-06
	8.346188287910651e-06
	8.047033235906809e-06
	7.747303689540928e-06
	7.572173278637616e-06
	7.608470142769526e-06
	7.840178620812973e-06
	8.166110478707243e-06
	8.514905772802936e-06
	8.782925240028724e-06
	8.902742268880096e-06
	8.877040693788239e-06
	8.735040765194626e-06
	8.536774964426938e-06
	8.297382086836444e-06
	8.055174217138574e-06
	7.889068645934875e-06
	7.905016391799076e-06
	8.064461757560099e-06
	8.245672167024792e-06
	8.320404589112374e-06
	8.247309994677667e-06
	8.077210915410522e-06
	7.86889968932709e-06
	7.65045429862194e-06
	7.496936114948168e-06
	7.524177592459984e-06
	7.719560982986699e-06
	7.907896675902187e-06
	7.982980624369647e-06
	7.9538111728237e-06
	7.860760176018671e-06
	7.722586034576288e-06
	7.60054879235639e-06
	7.560264304734015e-06
	7.62054786160062e-06
	7.668539973839002e-06
	7.609308417735057e-06
	7.492006269867356e-06
	7.420165596317506e-06
	7.389508803639696e-06
	7.355203884766425e-06
	7.290326517117565e-06
	7.19369618611965e-06
	7.082402651120988e-06
	6.991642982714162e-06
	6.903954056848076e-06
	6.796671529547039e-06
	6.696603422634602e-06
	6.620740431496851e-06
	6.58761639179852e-06
	6.56523177911409e-06
	6.529387736729996e-06
	6.524909157824178e-06
	6.628979206541942e-06
	6.810083230457312e-06
	6.980830061493094e-06
	7.088127909639231e-06
	7.135583406460928e-06
	7.117961181736575e-06
	7.08335522215535e-06
	6.954270652235021e-06
	6.767352596966918e-06
	6.574402583261154e-06
	6.535294126891851e-06
	6.6788168024466e-06
	6.895612891383974e-06
	7.091142856485314e-06
	7.22389934169815e-06
	7.29097744857287e-06
	7.312632073689021e-06
	7.319058052368708e-06
	7.338796141708852e-06
	7.375640736271015e-06
	7.395775389504904e-06
	7.396633635333505e-06
	7.392097307851957e-06
	7.371384102802994e-06
	7.347320013815802e-06
	7.381677861028559e-06
	7.525407261091397e-06
	7.765700591302053e-06
	8.059900921775349e-06
	8.272887448272786e-06
	8.397885207885337e-06
	8.443684352920394e-06
	8.413048890302484e-06
	8.378298413246691e-06
	8.286087206077115e-06
	8.046416165788456e-06
	7.641636105018098e-06
	7.227547121454986e-06
	7.039449940091727e-06
	7.14484489286732e-06
	7.339853002758122e-06
	7.474757741644577e-06
	7.54888917398468e-06
	7.623665534120747e-06
	7.703291362545665e-06
	7.731542459101876e-06
	7.642091124341356e-06
	7.438810104360363e-06
	7.20734597246595e-06
	7.0238385541362e-06
	6.961120042859124e-06
	7.022734679564473e-06
	7.186289372330163e-06
	7.414144128235811e-06
	7.603492884568782e-06
	7.645797581841125e-06
	7.533593414015243e-06
	7.318741783049377e-06
	7.098238285257731e-06
	6.924012974191227e-06
	6.852796094902035e-06
	6.903218064122417e-06
	7.000952825061422e-06
	7.056853469588102e-06
	7.041728840862737e-06
	6.985932339878878e-06
	6.923055597178832e-06
	6.871046268644956e-06
	6.822095395326049e-06
	6.796351975581236e-06
	6.834621180376745e-06
	6.945456633100862e-06
	7.055006089583971e-06
	7.148769281993527e-06
	7.264982460921265e-06
	7.332402879814206e-06
	7.274210932307509e-06
	7.066009502635827e-06
	6.759409273362743e-06
	6.488698729640053e-06
	6.362704021806957e-06
	6.401297506582051e-06
	6.494429548896541e-06
	6.575126279716635e-06
	6.604058121711486e-06
	6.554586006611392e-06
	6.504011212617284e-06
	6.519896069418776e-06
	6.539493333306142e-06
	6.454219908544789e-06
	6.285825825201459e-06
	6.172351102679453e-06
	6.216094281520381e-06
	6.332204023303309e-06
	6.390670250785175e-06
	6.405987027321662e-06
	6.461229425203477e-06
	6.549686558053382e-06
	6.614046687456099e-06
	6.700214186156953e-06
	6.833039255399592e-06
	6.938671518176442e-06
	6.971778731868132e-06
	6.962194063536005e-06
	6.978493767403524e-06
	7.040197868848559e-06
	7.100017769867102e-06
	7.185662958219776e-06
	7.296073509720228e-06
	7.412959712374791e-06
	7.579441054018926e-06
	7.770482487245012e-06
	7.963471156013047e-06
	8.091714995729086e-06
	8.039814413659372e-06
	7.874933916780803e-06
	7.721425587309544e-06
	7.569495458830381e-06
	7.449138374504969e-06
	7.429575306845216e-06
	7.542670067961229e-06
	7.731129830877766e-06
	7.879356902450514e-06
	7.916450424825166e-06
	7.858464610255925e-06
	7.779833367702755e-06
	7.681688461920968e-06
	7.596047171296216e-06
	7.556917492166986e-06
	7.531561223959047e-06
	7.467352268315586e-06
	7.387663300688301e-06
	7.380478382355798e-06
	7.502851281580217e-06
	7.741922645273414e-06
	8.071508805580099e-06
	8.369082893463685e-06
	8.612687325290085e-06
	8.796298393195227e-06
	8.898818812179925e-06
	8.916929591278644e-06
	8.828367283682115e-06
	8.603289739891258e-06
	8.325543994257807e-06
	8.149241465721422e-06
	8.139938309394343e-06
	8.17140024672267e-06
	8.113798487467435e-06
	8.000330207066278e-06
	7.853453359702866e-06
	7.692754605551201e-06
	7.551529729076426e-06
	7.531766638693069e-06
	7.6039619287774e-06
	7.747398320221342e-06
	7.94740933211493e-06
	8.110632987736103e-06
	8.133852691374025e-06
	8.041165473437344e-06
	7.924805363516129e-06
	7.873433793799486e-06
	7.864550031853137e-06
	7.854607536631163e-06
	7.825684833807715e-06
	7.784203384409124e-06
	7.715933579685453e-06
	7.604681641242068e-06
	7.446015014495945e-06
	7.281706143192221e-06
	7.154170684800172e-06
	7.081066277818825e-06
	7.064276191665826e-06
	7.086376145748219e-06
	7.12960867673019e-06
	7.200687078755405e-06
	7.286456212824696e-06
	7.358643696679532e-06
	7.383268647468888e-06
	7.336890438781238e-06
	7.234438118894873e-06
	7.115297611434737e-06
	7.085570078011533e-06
	7.183449902154009e-06
	7.340271243130013e-06
	7.486814475624154e-06
	7.701970255904469e-06
	7.962027338301196e-06
	8.200935618852224e-06
	8.309062585390373e-06
	8.240877594415947e-06
	8.057410605360425e-06
	7.857127525156435e-06
	7.733311222203409e-06
	7.731033576586445e-06
	7.792734348239772e-06
	7.869979862435049e-06
	7.950529378934318e-06
	8.008336445719267e-06
	8.026265062875173e-06
	8.013733475743303e-06
	7.979328080859805e-06
	7.948079848455189e-06
	7.939787698502692e-06
	7.946614419152536e-06
	7.982901422703209e-06
	8.045808236469839e-06
	8.082641175554041e-06
	8.088404985937592e-06
	8.092523043045647e-06
	8.124417318381615e-06
	8.148187476501038e-06
	8.142475446932259e-06
	8.088575720634226e-06
	8.047359592017513e-06
	8.058703163334198e-06
	8.101534746429108e-06
	8.116587421840318e-06
	8.111031997648311e-06
	8.12679751225433e-06
	8.216052124922455e-06
	8.349266038214522e-06
	8.486592174051417e-06
	8.526130457250287e-06
	8.424654345453494e-06
	8.278019953308356e-06
	8.173305351088996e-06
	8.124489637972193e-06
	8.099762619979489e-06
	8.08734923152635e-06
	8.118138380602296e-06
	8.242962947613449e-06
	8.397344588845803e-06
	8.425151486272426e-06
	8.286033152370472e-06
	8.068265153552733e-06
	7.842788259428427e-06
	7.661913208175149e-06
	7.569537188259005e-06
	7.566171317542773e-06
	7.597420149024556e-06
	7.589296153157462e-06
	7.554524467089533e-06
	7.527484702313574e-06
	7.533907651823959e-06
	7.561169056320926e-06
	7.580907197328459e-06
	7.583728771848808e-06
	7.571762539383062e-06
	7.566530226765159e-06
	7.599048426665502e-06
	7.704964138920162e-06
	7.857588107333621e-06
	8.025669254917591e-06
	8.184470079280104e-06
	8.254930618310011e-06
	8.172182274215272e-06
	8.05861194700525e-06
	7.948669999901956e-06
	7.82181242932981e-06
	7.666995780396639e-06
	7.556822237427106e-06
	7.604513142990452e-06
	7.754362347282803e-06
	7.897949635894256e-06
	7.986760030615838e-06
	8.017450488712056e-06
	8.037445336840915e-06
	8.011484262147347e-06
	7.969502614798688e-06
	7.964950405238489e-06
	7.987539506079075e-06
	8.013166438756658e-06
	8.049582797404759e-06
	8.105504053782079e-06
	8.16505094005475e-06
	8.237752164149134e-06
	8.3216529696731e-06
	8.388345465951566e-06
	8.406690945841365e-06
	8.415468071904402e-06
	8.485186232218104e-06
	8.502172469451094e-06
	8.446898340739874e-06
	8.348175917501166e-06
	8.225856643662905e-06
	8.183779484776851e-06
	8.103359662332979e-06
	8.096858345163772e-06
	8.172353389339658e-06
	8.249720007216969e-06
	8.304507436298057e-06
	8.279474480869855e-06
	8.114640907837051e-06
	7.826047775575231e-06
	7.51243173997361e-06
	7.306610193715374e-06
	7.263774819349264e-06
	7.392244604364468e-06
	7.628795483415433e-06
	7.896411654384563e-06
	8.12780195361352e-06
	8.239684503667532e-06
	8.238377890400151e-06
	8.153497624187326e-06
	7.997150536916252e-06
	7.825566852914782e-06
	7.724268979023395e-06
	7.681543356822731e-06
	7.638858937990382e-06
	7.562143779032782e-06
	7.448512233620976e-06
	7.447302273014431e-06
	7.598215152761821e-06
	7.840723790593938e-06
	8.005180869924752e-06
	7.961675838741439e-06
	7.760596412304243e-06
	7.5524560392897e-06
	7.422324439128643e-06
	7.364130491489295e-06
	7.317309406624244e-06
	7.247392114962897e-06
	7.170392674659488e-06
	7.167749186159626e-06
	7.264662313990296e-06
	7.437846815687998e-06
	7.667056282821773e-06
	7.882663009453588e-06
	7.967358344506285e-06
	7.914453249372974e-06
	7.727569634448315e-06
	7.456248127264616e-06
	7.219611160336893e-06
	7.11110872243178e-06
	7.116839243260096e-06
	7.142792860162121e-06
	7.137189492199253e-06
	7.038557361154127e-06
	6.830838934721311e-06
	6.60628795057136e-06
	6.476926586868112e-06
	6.482176651191013e-06
	6.58483597817905e-06
	6.725089447528586e-06
	6.855606671372437e-06
	6.974390450675478e-06
	7.069056336569158e-06
	7.122917998968451e-06
	7.078958522195784e-06
	6.971790874526573e-06
	6.862753388437911e-06
	6.764610810961437e-06
	6.671686935260101e-06
	6.585962857121054e-06
	6.601418439191718e-06
	6.723693412695442e-06
	6.875298219667248e-06
	7.003949302182062e-06
	7.044987673715839e-06
	6.996416336476249e-06
	6.888123426040314e-06
	6.78574594611784e-06
	6.772123756118038e-06
	6.879789241260707e-06
	7.011604966671631e-06
	7.106779494475698e-06
	7.167802409421489e-06
	7.20646845827673e-06
	7.113347199664348e-06
	6.920956610898584e-06
	6.813478333297895e-06
	6.76017234522126e-06
	6.686336609177472e-06
	6.569681217173571e-06
	6.438306462992514e-06
	6.377360192141512e-06
	6.455486651844612e-06
	6.635476739467517e-06
	6.826493363705992e-06
	6.939583504787126e-06
	6.935752416392783e-06
	6.846619513125262e-06
	6.735077135798854e-06
	6.638934013531473e-06
	6.583121895427273e-06
	6.621475181349556e-06
	6.774411068797111e-06
	7.012364933097825e-06
	7.262520727620882e-06
	7.458076176335766e-06
	7.563798108223234e-06
	7.597956899872546e-06
	7.513107025027207e-06
	7.317201582845369e-06
	7.092320328010566e-06
	7.001983947916592e-06
	7.170497975704945e-06
	7.499824102891906e-06
	7.768364965207504e-06
	7.858261465852553e-06
	7.763218308420795e-06
	7.649122513625708e-06
	7.674926924251731e-06
	7.805128065150192e-06
	7.938282597969584e-06
	8.05424988862957e-06
	8.145806957276105e-06
	8.214045515081292e-06
	8.298930079925746e-06
	8.446532433022467e-06
	8.536818722423405e-06
	8.474340037381487e-06
	8.310791766571992e-06
	8.139208360573747e-06
	7.925299689138551e-06
	7.705832243344503e-06
	7.574067100757135e-06
	7.578133457498227e-06
	7.724673081709059e-06
	7.966085688152764e-06
	8.203788163386953e-06
	8.339690825231314e-06
	8.294509816778568e-06
	8.094290562122049e-06
	7.836639171919417e-06
	7.640847630634041e-06
	7.600114682087078e-06
	7.772923640145236e-06
	8.063295358323708e-06
	8.303436631937503e-06
	8.364205674502437e-06
	8.219349950376723e-06
	7.943662725634955e-06
	7.650824513338911e-06
	7.398867431783552e-06
	7.253347606914657e-06
	7.214099813468093e-06
	7.20344990369051e-06
	7.133561711648838e-06
	7.010458029074896e-06
	6.939902253978639e-06
	6.909671012238955e-06
	6.865394193679832e-06
	6.789042322702423e-06
	6.702388346341952e-06
	6.637729453123804e-06
	6.634358034426323e-06
	6.669466658611809e-06
	6.70729269002232e-06
	6.73272019527572e-06
	6.752612800059207e-06
	6.767220534404208e-06
	6.788733461201036e-06
	6.860508935879343e-06
	6.937405368782179e-06
	6.998484838471585e-06
	7.078461908759285e-06
	7.213133624749938e-06
	7.404269525970205e-06
	7.598266564769135e-06
	7.727218468937654e-06
	7.761541855693323e-06
	7.740138696965539e-06
	7.754290658029343e-06
	7.851705760144977e-06
	8.002835964784118e-06
	8.169594131380545e-06
	8.352865894870609e-06
	8.556887087397739e-06
	8.722018538831729e-06
	8.831978458332754e-06
	8.837738246862131e-06
	8.706111988420208e-06
	8.473075935839461e-06
	8.336967739476175e-06
	8.368246933702364e-06
	8.572785378586884e-06
	8.803202558626397e-06
	8.882004456614384e-06
	8.791057726552218e-06
	8.58969508405043e-06
	8.375237685221963e-06
	8.224230027706473e-06
	8.157444725995503e-06
	8.200017259371669e-06
	8.319750175808327e-06
	8.402882394117904e-06
	8.454115383067359e-06
	8.45376330328473e-06
	8.356075035013602e-06
	8.119306347210945e-06
	7.736018083420769e-06
	7.308478764153601e-06
	6.969907951074647e-06
	6.812908297125326e-06
	6.819195242679441e-06
	6.921329919436471e-06
	7.04543996161604e-06
	7.166394920906218e-06
	7.269654322005037e-06
	7.327491958420648e-06
	7.325251024199542e-06
	7.307384940013226e-06
	7.316989881219475e-06
	7.415225370638443e-06
	7.66734708625107e-06
	8.059787389524513e-06
	8.543928481671555e-06
	8.974857975785144e-06
	9.207533627207663e-06
	9.130064055644478e-06
	8.783512203154016e-06
	8.368695702698345e-06
	8.093549481251795e-06
	7.967382073782779e-06
	7.914664774518515e-06
	7.894125936332237e-06
	7.943528188236578e-06
	8.033773059574259e-06
	8.127857094153902e-06
	8.174291601987665e-06
	8.179451086059592e-06
	8.173404335448974e-06
	8.14065434339279e-06
	8.073511525302437e-06
	8.014532578418703e-06
	8.061225772161073e-06
	8.171102081479229e-06
	8.272209300577498e-06
	8.307864879597648e-06
	8.253645487952755e-06
	8.206175700081927e-06
	8.286459589345854e-06
	8.499518628449129e-06
	8.780166266605082e-06
	9.043105627920733e-06
	9.217551718660002e-06
	9.254431968660955e-06
	9.205273676598142e-06
	9.082363778132587e-06
	8.885532077343087e-06
	8.671435575530377e-06
	8.561174672515745e-06
	8.751278710477413e-06
	9.048543582657294e-06
	9.251392796950355e-06
	9.257621710851315e-06
	9.114773816541178e-06
	8.88752652308651e-06
	8.676275791316535e-06
	8.544349621214861e-06
	8.450742978092702e-06
	8.388537139850949e-06
	8.349860934256065e-06
	8.350869383771806e-06
	8.386609800547393e-06
	8.473910727647452e-06
	8.625845910537246e-06
	8.77849293097846e-06
	8.885243111499999e-06
	8.937665069696134e-06
	8.910507989303853e-06
	8.811893681529969e-06
	8.761219761993208e-06
	8.796843477724154e-06
	8.843062218207215e-06
	8.781046709164734e-06
	8.580099798169956e-06
	8.304418512960353e-06
	8.099591024827984e-06
	8.033238913031608e-06
	8.086662338531718e-06
	8.272221569142113e-06
	8.531535685539508e-06
	8.765133092623118e-06
	8.93406741523954e-06
	8.959733975744451e-06
	8.883341080666618e-06
	8.727405299810492e-06
	8.509230200102394e-06
	8.285780758815082e-06
	8.1341691315028e-06
	8.106651688649996e-06
	8.224232047417037e-06
	8.489005977943665e-06
	8.805873192629283e-06
	9.025680476766263e-06
	9.109484376702207e-06
	9.051994408148547e-06
	8.852998770555329e-06
	8.534654354367562e-06
	8.20650095365459e-06
	7.968549621335876e-06
	7.835286138964841e-06
	7.792336647484933e-06
	7.831953304863075e-06
	7.944708316044268e-06
	8.076917738447252e-06
	8.232719750891156e-06
	8.361963945517889e-06
	8.445426599749239e-06
	8.478951031125961e-06
	8.435028490123002e-06
	8.31157035326617e-06
	8.137894499384604e-06
	7.995863721366398e-06
	7.962259425915032e-06
	8.078455914145098e-06
	8.272799763258748e-06
	8.429159975935138e-06
	8.472782097236476e-06
	8.407313506211051e-06
	8.30983063450056e-06
	8.264116319024927e-06
	8.280494526940924e-06
	8.281722776166308e-06
	8.254876487692432e-06
	8.186096045387058e-06
	8.098980232285289e-06
	8.063853038744841e-06
	8.077006611008679e-06
	8.092643068111419e-06
	8.143072165197212e-06
	8.24050310209364e-06
	8.273776267951991e-06
	8.186701674567509e-06
	8.021496481977473e-06
	7.823499702722702e-06
	7.62121990104836e-06
	7.44575192892444e-06
	7.300126995240704e-06
	7.22747572108123e-06
	7.25040172354049e-06
	7.375015912263355e-06
	7.599728753102155e-06
	7.877067149528404e-06
	8.09684159087507e-06
	8.190091908238139e-06
	8.163750980910612e-06
	8.035045136574369e-06
	7.850034512593056e-06
	7.652995978910933e-06
	7.498907841627761e-06
	7.522726424963371e-06
	7.688586597895229e-06
	7.854021879133101e-06
	7.917225989985235e-06
	7.885255103917177e-06
	7.803179561251894e-06
	7.725463651415863e-06
	7.660131948761885e-06
	7.59079919065694e-06
	7.525444595860741e-06
	7.532475639539466e-06
	7.680478791605219e-06
	7.91657567834528e-06
	8.132150851193114e-06
	8.251122197409063e-06
	8.300374224070101e-06
	8.307818585766017e-06
	8.219481123181839e-06
	8.024228525288971e-06
	7.829532227674983e-06
	7.724633508338957e-06
	7.714149260617381e-06
	7.778411571526116e-06
	7.876614832684157e-06
	7.931122610279117e-06
	7.882801435999836e-06
	7.794800216955755e-06
	7.785166668865881e-06
	7.907369019097874e-06
	8.114568014767422e-06
	8.316001096739588e-06
	8.440329510738736e-06
	8.442977753738508e-06
	8.338762131790876e-06
	8.263720877478749e-06
	8.344202224347499e-06
	8.474760945068513e-06
	8.450276242678735e-06
	8.263980821435938e-06
	8.016318034253513e-06
	7.818626764166604e-06
	7.715924557521503e-06
	7.702072350370451e-06
	7.749070097572302e-06
	7.794117818481357e-06
	7.792696320789692e-06
	7.812735533016641e-06
	7.927743742836852e-06
	8.117370951267432e-06
	8.299721243763277e-06
	8.400243831777432e-06
	8.371583077609727e-06
	8.239314560582892e-06
	8.121503545351763e-06
	8.026853083212384e-06
	8.016406856392775e-06
	8.096641241268441e-06
	8.203662849472397e-06
	8.327038060347273e-06
	8.450223391916882e-06
	8.504898110424421e-06
	8.448073224632739e-06
	8.311750364711122e-06
	8.148932078494045e-06
	7.996188795757398e-06
	7.853571240324997e-06
	7.759402934925851e-06
	7.821932348504936e-06
	8.068458621012945e-06
	8.438261068876938e-06
	8.907250960963253e-06
	9.415263349227086e-06
	9.821791361567643e-06
	1.000620756999872e-05
	9.957633788393969e-06
	9.739117538057061e-06
	9.4759746662125e-06
	9.251028469204091e-06
	9.059698299067278e-06
	8.839281790131098e-06
	8.554591199893624e-06
	8.297745824700778e-06
	8.125643077992842e-06
	8.064635127415819e-06
	8.086224896248426e-06
	8.100030918323127e-06
	8.047201349445839e-06
	7.902724103683079e-06
	7.730116715261164e-06
	7.592260151954048e-06
	7.562416268611909e-06
	7.638146510024053e-06
	7.761604627863329e-06
	7.828402570681492e-06
	7.869087787619363e-06
	7.923635448064722e-06
	7.986717918650553e-06
	7.983793024945754e-06
	7.878357396620072e-06
	7.707112313550662e-06
	7.567674559750026e-06
	7.509226965251713e-06
	7.573860683882311e-06
	7.757644494696139e-06
	7.991000487836271e-06
	8.196236174601889e-06
	8.353133068675947e-06
	8.470042228218687e-06
	8.555556339395124e-06
	8.595349395328912e-06
	8.561978004651641e-06
	8.433123738580912e-06
	8.218524663306578e-06
	7.997823603632249e-06
	7.912309298256369e-06
	8.047169740686324e-06
	8.340808046803583e-06
	8.632563282031126e-06
	8.783434696639264e-06
	8.741471014211024e-06
	8.545257512860667e-06
	8.270621841483288e-06
	8.003016842029923e-06
	7.843123144799572e-06
	7.801932147681534e-06
	7.799419549178974e-06
	7.781823543817572e-06
	7.775624647000229e-06
	7.783314598952037e-06
	7.768844939475771e-06
	7.719343694970677e-06
	7.646885395076175e-06
	7.55279947440205e-06
	7.40578736306644e-06
	7.191454270852782e-06
	7.034453763278896e-06
	7.077309900177576e-06
	7.245988857262005e-06
	7.397423576672098e-06
	7.489998906246161e-06
	7.537204008382726e-06
	7.547035534866663e-06
	7.547760130614467e-06
	7.521797670627019e-06
	7.449705794385517e-06
	7.37003647073234e-06
	7.299701792654261e-06
	7.286794000409899e-06
	7.316245273016393e-06
	7.362763743914519e-06
	7.3835691766254e-06
	7.361640833969489e-06
	7.293251647894486e-06
	7.247647158598817e-06
	7.28141442820555e-06
	7.352950446369991e-06
	7.472810503223588e-06
	7.579289156864347e-06
	7.60853005474041e-06
	7.554364031237772e-06
	7.470757463351996e-06
	7.426355905916464e-06
	7.465586368834042e-06
	7.644828376067665e-06
	7.890955607494505e-06
	8.108498235490563e-06
	8.247256811880066e-06
	8.202954842926316e-06
	7.966486833059491e-06
	7.711475959602668e-06
	7.590958762438747e-06
	7.62900784774384e-06
	7.717304345210101e-06
	7.769484766946159e-06
	7.758650751302641e-06
	7.723249871645277e-06
	7.688770343356599e-06
	7.63792320743309e-06
	7.681158662057508e-06
	7.814550131971926e-06
	7.930697843008113e-06
	7.975639038834682e-06
	7.995585447700461e-06
	8.013618514480392e-06
	7.959090828769002e-06
	7.796850151679655e-06
	7.624763026044087e-06
	7.504692622942538e-06
	7.478574302891833e-06
	7.561679647518515e-06
	7.692241496541155e-06
	7.781835495030599e-06
	7.793722906267979e-06
	7.728738845792378e-06
	7.638803951053932e-06
	7.5928955007446e-06
	7.621943549786147e-06
	7.682003986806674e-06
	7.743722470323448e-06
	7.832737116218124e-06
	7.943363674362008e-06
	8.027253457778589e-06
	8.051735375134594e-06
	8.045398643574575e-06
	7.996976018852117e-06
	7.917005754953801e-06
	7.833089952666244e-06
	7.754249350407315e-06
	7.743275834887558e-06
	7.8454021780732e-06
	7.970985964176255e-06
	7.996894405559936e-06
	7.935167768265241e-06
	7.816440066885762e-06
	7.641338070316868e-06
	7.437846997155645e-06
	7.280189904737271e-06
	7.222738108365155e-06
	7.241153918265337e-06
	7.293555021384125e-06
	7.365314215067503e-06
	7.468712841270299e-06
	7.579514225098228e-06
	7.680049138402505e-06
	7.77028927172847e-06
	7.849093459743937e-06
	7.913778024362563e-06
	7.96672375460905e-06
	8.016054635407973e-06
	7.951937275281133e-06
	7.728726086712036e-06
	7.458206292146767e-06
	7.29383285275756e-06
	7.278423152692371e-06
	7.355973699080722e-06
	7.50617904179736e-06
	7.756121151416932e-06
	7.998536325460814e-06
	8.138318177453212e-06
	8.158498370435741e-06
	8.143682748398414e-06
	8.154593349646362e-06
	8.195740440183373e-06
	8.23240000801506e-06
	8.244458130820592e-06
	8.238798245745696e-06
	8.176540660140355e-06
	8.03192255523663e-06
	7.801518588291135e-06
	7.533612669779675e-06
	7.297685093771833e-06
	7.140002370809869e-06
	7.121570674055049e-06
	7.214623012957606e-06
	7.363844197448123e-06
	7.541266410197321e-06
	7.689255489135623e-06
	7.714646065147186e-06
	7.680837201505268e-06
	7.720632079888056e-06
	7.827557827837175e-06
	7.884994246543737e-06
	7.853042471331693e-06
	7.754227491416432e-06
	7.635306442801951e-06
	7.526099516393267e-06
	7.478315848079789e-06
	7.50244302415187e-06
	7.569440579517483e-06
	7.683193385044981e-06
	7.828827418605926e-06
	7.928521402529548e-06
	7.928094419020441e-06
	7.860037041683539e-06
	7.795515450284557e-06
	7.731591523530623e-06
	7.667190448692813e-06
	7.624906543822027e-06
	7.635142380714541e-06
	7.681310356055022e-06
	7.730145591591414e-06
	7.750818726247743e-06
	7.734557176251997e-06
	7.695562276252991e-06
	7.671425676149262e-06
	7.67945848159891e-06
	7.690046989680804e-06
	7.686105141439929e-06
	7.714275459321517e-06
	7.839467228270019e-06
	8.031245705981706e-06
	8.183260765692593e-06
	8.17328447955576e-06
	7.977059689098323e-06
	7.691406234231444e-06
	7.466335412070707e-06
	7.402050082670125e-06
	7.488173964298759e-06
	7.590187506385846e-06
	7.602046349416986e-06
	7.529366921639033e-06
	7.450824185513709e-06
	7.455853453481973e-06
	7.552605758273758e-06
	7.67119284795344e-06
	7.727897202451626e-06
	7.698907422333525e-06
	7.630630576529746e-06
	7.5513497255752e-06
	7.458356567016452e-06
	7.396085759215128e-06
	7.426487822937959e-06
	7.559779488551317e-06
	7.747868452736976e-06
	7.923726568607101e-06
	8.024036938754552e-06
	7.996718558420267e-06
	7.84456559348149e-06
	7.662604755359711e-06
	7.500008713998434e-06
	7.400562208782814e-06
	7.384658404088986e-06
	7.502313822488154e-06
	7.682758451686052e-06
	7.678504934556472e-06
	7.577598006371526e-06
	7.523244019335546e-06
	7.497709838437479e-06
	7.490838320168772e-06
	7.482679922006758e-06
	7.4723060577103e-06
	7.474643563094587e-06
	7.497947501326584e-06
	7.555731889370816e-06
	7.667759666664814e-06
	7.852166456221586e-06
	8.079917910787501e-06
	8.342367842951341e-06
	8.649641094723666e-06
	8.925796717805075e-06
	9.134026373467737e-06
	9.234151052705012e-06
	9.209549488612194e-06
	9.106207512496191e-06
	8.926767053460104e-06
	8.683829627667739e-06
	8.490935019335229e-06
	8.465823635538443e-06
	8.585215620977155e-06
	8.756876104808481e-06
	8.890317065752625e-06
	8.881223116155385e-06
	8.70509661201177e-06
	8.448492787681669e-06
	8.132161202795749e-06
	7.835161488494627e-06
	7.714580370546675e-06
	7.791294399089529e-06
	8.018306422592951e-06
	8.294783096184978e-06
	8.583905345487263e-06
	8.771970354220842e-06
	8.79764029891948e-06
	8.698919595296723e-06
	8.48576447138893e-06
	8.167418876468044e-06
	7.901015919472696e-06
	7.844036749099038e-06
	7.93439598039629e-06
	8.065505952720475e-06
	8.164655750914227e-06
	8.179281741378677e-06
	8.143476538265869e-06
	8.136089257727853e-06
	8.19255898182511e-06
	8.284008474723394e-06
	8.300114679332887e-06
	8.211867184709564e-06
	8.037402330077997e-06
	7.814560677811557e-06
	7.572948374539527e-06
	7.339605186043401e-06
	7.236426648218165e-06
	7.362288061705033e-06
	7.73886203730598e-06
	8.166271765342578e-06
	8.480923818003566e-06
	8.580435079944048e-06
	8.469896185561257e-06
	8.272100662591372e-06
	8.082741793130283e-06
	7.873275135049777e-06
	7.651932069745965e-06
	7.48648485740388e-06
	7.378137108840866e-06
	7.290350709934561e-06
	7.15998786806267e-06
	6.981859742882875e-06
	6.82534557859602e-06
	6.783764146612579e-06
	6.849380237411671e-06
	6.928878646506357e-06
	6.958132402304342e-06
	6.934373699608308e-06
	6.906891411583619e-06
	6.86945342334162e-06
	6.804788411942638e-06
	6.772262144580947e-06
	6.833658753094396e-06
	6.972420643545802e-06
	7.09194102348925e-06
	7.146480594955164e-06
	7.109518229737571e-06
	6.996877096062058e-06
	6.923901983532016e-06
	6.993806579389575e-06
	7.182301915105736e-06
	7.412662339143324e-06
	7.593215363322822e-06
	7.662277891414216e-06
	7.597150730082518e-06
	7.4409175453806e-06
	7.279492891649829e-06
	7.131743541609967e-06
	7.016460902419872e-06
	7.015690955838064e-06
	7.137783643944761e-06
	7.257103892387285e-06
	7.258548891245464e-06
	7.174674445563485e-06
	7.077710554349698e-06
	7.020657088019265e-06
	7.002253952918412e-06
	7.033538356625322e-06
	7.131234031581923e-06
	7.298917253678829e-06
	7.469361744924214e-06
	7.60267105150788e-06
	7.708123417657844e-06
	7.798239938576122e-06
	7.88540119077531e-06
	7.942013572083637e-06
	7.896174072338497e-06
	7.724734764427252e-06
	7.49237020632579e-06
	7.311413167698669e-06
	7.27272141606351e-06
	7.369420403679429e-06
	7.490970144030813e-06
	7.530764769828136e-06
	7.509247084072811e-06
	7.479782367313559e-06
	7.456844252215436e-06
	7.442474467174902e-06
	7.462094952082814e-06
	7.562450716662799e-06
	7.745745468128216e-06
	7.927548387635117e-06
	8.021386350935714e-06
	8.080451492993214e-06
	8.211791753188988e-06
	8.477093440174147e-06
	8.708789898906526e-06
	8.818528000606667e-06
	8.883750864429453e-06
	8.916501415668377e-06
	8.792820804443166e-06
	8.572112893205987e-06
	8.315693424798316e-06
	8.111174122269231e-06
	8.0180531204532e-06
	8.01706411596828e-06
	8.072766877799698e-06
	8.12312691399792e-06
	8.105490243637682e-06
	8.025039508488181e-06
	7.901117254796556e-06
	7.800024061885617e-06
	7.744994214749933e-06
	7.734865673077717e-06
	7.825704508727793e-06
	8.08562161845985e-06
	8.463948714079219e-06
	8.767730447705425e-06
	8.822720032608338e-06
	8.578758858483516e-06
	8.17562404343366e-06
	7.860156194524914e-06
	7.748536707039447e-06
	7.834457256410246e-06
	7.97323309957592e-06
	8.067077582393002e-06
	8.105532271383688e-06
	8.136952467684623e-06
	8.16209249995679e-06
	8.153222828940468e-06
	8.105802902706971e-06
	8.053030464901708e-06
	8.029590922040599e-06
	8.017676023401242e-06
	7.968968914428151e-06
	7.820484586026093e-06
	7.614782766228617e-06
	7.540461230867035e-06
	7.658533751468251e-06
	7.860530541608725e-06
	8.011938178091118e-06
	8.027623459871325e-06
	7.928895071232448e-06
	7.764356465413592e-06
	7.581740414704941e-06
	7.426824754760995e-06
	7.348929702326155e-06
	7.267381723261417e-06
	7.230403711426484e-06
	7.303058410186264e-06
	7.433333997671513e-06
	7.700960460307004e-06
	8.183959731694178e-06
	8.645691685165628e-06
	8.818530273336117e-06
	8.68488262018433e-06
	8.309847406200023e-06
	7.865355741536863e-06
	7.557037190571208e-06
	7.443389395079796e-06
	7.506467443388769e-06
	7.667818140927582e-06
	7.805274077761321e-06
	7.843201650499136e-06
	7.823253804282508e-06
	7.767773455425756e-06
	7.707966709549535e-06
	7.631054955942573e-06
	7.57018264861149e-06
	7.559626564192636e-06
	7.632140756238575e-06
	7.814768623257801e-06
	8.03452010265884e-06
	8.189323258830086e-06
	8.240790308985803e-06
	8.238313678259096e-06
	8.25157079322889e-06
	8.374883651305649e-06
	8.504354849458299e-06
	8.460984217587836e-06
	8.213674727416982e-06
	7.992013004357921e-06
	7.991291932071243e-06
	8.114987482632426e-06
	8.235018889395886e-06
	8.229939603462334e-06
	8.064032636472136e-06
	7.770493882129627e-06
	7.455206852192289e-06
	7.229595336279328e-06
	7.155429684891261e-06
	7.286219314556277e-06
	7.579125573835334e-06
	7.945228422850861e-06
	8.299200940385741e-06
	8.538824310751729e-06
	8.569119612728526e-06
	8.414719268624813e-06
	8.175547987331622e-06
	7.936739866673845e-06
	7.765626490455702e-06
	7.685064022541422e-06
	7.691397523094447e-06
	7.778892862579935e-06
	7.916440993788702e-06
	8.05929704186794e-06
	8.159873363042433e-06
	8.248725243483849e-06
	8.329013778217244e-06
	8.414914813313009e-06
	8.503468459859095e-06
	8.539020560033872e-06
	8.513729094779752e-06
	8.46061699500096e-06
	8.431179003345532e-06
	8.552641479090287e-06
	8.717926542367408e-06
	8.777804451814931e-06
	8.709220481394666e-06
	8.585078352633118e-06
	8.412489328272187e-06
	8.200545177540883e-06
	7.990339278704923e-06
	7.865933462941325e-06
	7.905045811422606e-06
	8.022292098155078e-06
	8.155404137988292e-06
	8.238277975102465e-06
	8.257796587717998e-06
	8.281737479089699e-06
	8.3350841227625e-06
	8.365247835975961e-06
	8.30221058222909e-06
	8.189789211597476e-06
	8.132913645168298e-06
	8.133068830354463e-06
	8.133642437820928e-06
	8.150518203687072e-06
	8.218870486620164e-06
	8.329375253712887e-06
	8.427587474186489e-06
	8.468060698898027e-06
	8.440518893859662e-06
	8.40037074555462e-06
	8.359435484108507e-06
	8.280497188976046e-06
	8.190541548221602e-06
	8.082373709155486e-06
	8.003094177253855e-06
	8.03345211781383e-06
	8.077710268167073e-06
	8.056577283488474e-06
	8.02437685291679e-06
	8.062799362177311e-06
	8.204533598885795e-06
	8.346754754564131e-06
	8.349717263177222e-06
	8.181877863801802e-06
	7.92135572098424e-06
	7.683772123894196e-06
	7.505436481866622e-06
	7.405999835320801e-06
	7.441655771212164e-06
	7.531814136538675e-06
	7.573725999670593e-06
	7.580292667586564e-06
	7.598417684141872e-06
	7.638301907727063e-06
	7.660133960061357e-06
	7.649480694222004e-06
	7.629795153586046e-06
	7.615327664472698e-06
	7.597582230647401e-06
	7.617460881929906e-06
	7.689719764914947e-06
	7.777438599298313e-06
	7.808550609026533e-06
	7.793896416320621e-06
	7.815649705949321e-06
	7.848460263709344e-06
	7.823077623454965e-06
	7.76069136905138e-06
	7.664126076354804e-06
	7.614951169738568e-06
	7.672898199244526e-06
	7.795813221399465e-06
	7.878712298652222e-06
	7.864023531229282e-06
	7.796428109176848e-06
	7.736175483665666e-06
	7.714933901364256e-06
	7.707856992921009e-06
	7.680313673655583e-06
	7.592183728494689e-06
	7.470568920748264e-06
	7.444562462720286e-06
	7.574138270047277e-06
	7.807657412028686e-06
	8.009345929873643e-06
	8.082279898779265e-06
	8.078075361117394e-06
	8.084934128124422e-06
	8.14896191192543e-06
	8.261139561417782e-06
	8.291742603668479e-06
	8.233473042388745e-06
	8.142293059175843e-06
	8.122285358702589e-06
	8.168802483822759e-06
	8.195970591406763e-06
	8.19197000357176e-06
	8.170721220745028e-06
	8.105209332911275e-06
	8.073772558672445e-06
	8.101528904691947e-06
	8.116019236386332e-06
	8.195346843337439e-06
	8.349059689262526e-06
	8.57186663555176e-06
	8.842680946756463e-06
	8.995438270008643e-06
	8.967731085303818e-06
	8.831693486180067e-06
	8.72113994856203e-06
	8.707599207500106e-06
	8.762484997671823e-06
	8.81268694463169e-06
	8.874719862812467e-06
	9.020456213951633e-06
	9.228908015891664e-06
	9.493727935171586e-06
	9.729677148056765e-06
	9.8059033942332e-06
	9.809533265383263e-06
	9.82515332221352e-06
	9.84647435480168e-06
	9.769681209030906e-06
	9.598574539406683e-06
	9.361118036830404e-06
	9.000375393772345e-06
	8.667387039303471e-06
	8.5168164417095e-06
	8.52556455033949e-06
	8.618605156373947e-06
	8.713184584273338e-06
	8.75341350295325e-06
	8.733799208149266e-06
	8.68344743335475e-06
	8.677425720518362e-06
	8.732468446903918e-06
	8.797709723960964e-06
	8.888687466475901e-06
	8.930257996634149e-06
	8.896103097507876e-06
	8.780526061311565e-06
	8.652402306212418e-06
	8.664789703089959e-06
	8.830459026732715e-06
	8.946754824801993e-06
	8.953279819017777e-06
	8.889872530898092e-06
	8.80579411367948e-06
	8.678825536932854e-06
	8.564616144256629e-06
	8.666149208510237e-06
	8.948933113388549e-06
	9.220453112116034e-06
	9.293696813802254e-06
	9.220383473010414e-06
	9.107780525884745e-06
	8.942764312379298e-06
	8.734793334790539e-06
	8.507774269501793e-06
	8.27508939328572e-06
	8.085691454448507e-06
	7.955658914970113e-06
	7.920788194536765e-06
	7.971233527634879e-06
	8.011239015647623e-06
	7.990016533562163e-06
	7.926063749605318e-06
	7.866133005879587e-06
	7.797644011463434e-06
	7.718635197099225e-06
	7.676244108395558e-06
	7.751859784518028e-06
	7.928805097169009e-06
	8.07934178406437e-06
	8.055907710324414e-06
	7.883508701589071e-06
	7.725505356220541e-06
	7.703581193907197e-06
	7.835506691702259e-06
	8.078596663242786e-06
	8.360362884020538e-06
	8.594046050552444e-06
	8.686422552766631e-06
	8.553398119107682e-06
	8.240708034133889e-06
	7.886788803354693e-06
	7.640097944392446e-06
	7.499475781579284e-06
	7.443258634853273e-06
	7.396407613839158e-06
	7.340319370875118e-06
	7.318183820784382e-06
	7.353785343223941e-06
	7.426049844000081e-06
	7.489040649672117e-06
	7.486731659833619e-06
	7.430305140444388e-06
	7.385630978513892e-06
	7.390937906759735e-06
	7.465640024192169e-06
	7.604304332404904e-06
	7.76720287101034e-06
	7.936186989259183e-06
	8.059640266501784e-06
	8.127884947929335e-06
	8.17112846595967e-06
	8.239860622384767e-06
	8.342058487143464e-06
	8.390757412765256e-06
	8.318934873717957e-06
	8.161837954810414e-06
	7.988347685805816e-06
	7.825433090469836e-06
	7.6816289092336e-06
	7.606240353988943e-06
	7.633961981420757e-06
	7.75859260817193e-06
	7.859968411273951e-06
	7.857476153651558e-06
	7.829845297193164e-06
	7.882211505630504e-06
	7.984901541125321e-06
	8.128368500445914e-06
	8.238579554061031e-06
	8.257149722068938e-06
	8.202462132971053e-06
	8.10646037444712e-06
	8.021520575611161e-06
	8.03206094259918e-06
	8.151018728964997e-06
	8.305603224861393e-06
	8.43130932408645e-06
	8.471370650450681e-06
	8.418767175039626e-06
	8.376985554834233e-06
	8.369127739334503e-06
	8.39531250682234e-06
	8.458518675444235e-06
	8.554586627228983e-06
	8.678448180014081e-06
	8.780144468219259e-06
	8.846346362351409e-06
	8.89006454165826e-06
	8.898823702466512e-06
	8.855057617194682e-06
	8.785652000881597e-06
	8.720568384035379e-06
	8.558564275864966e-06
	8.406930788742203e-06
	8.365613597793905e-06
	8.397176773092544e-06
	8.389268097938537e-06
	8.267945009532762e-06
	8.101077171818294e-06
	7.977689150099373e-06
	7.968652420046504e-06
	8.02981254683435e-06
	8.128801487418066e-06
	8.208004834434622e-06
	8.202687952465191e-06
	8.095849672803983e-06
	7.928734455622055e-06
	7.769688964781362e-06
	7.655064615415053e-06
	7.584266094319769e-06
	7.612371475015147e-06
	7.755332183889536e-06
	8.001416102343731e-06
	8.324888134313468e-06
	8.678635412590131e-06
	9.018848713422055e-06
	9.27783489419299e-06
	9.423945522048694e-06
	9.405778749779203e-06
	9.220009181576733e-06
	8.949590373620738e-06
	8.701308529644643e-06
	8.49628266799234e-06
	8.440859696652187e-06
	8.539165725408978e-06
	8.649370323567575e-06
	8.6968710535248e-06
	8.693726732162127e-06
	8.635437625302295e-06
	8.462197348296074e-06
	8.206073171101542e-06
	7.966683537811555e-06
	7.817204946137945e-06
	7.783251506547944e-06
	7.826817242214925e-06
	7.90694516728442e-06
	7.962770685973712e-06
	8.007207751440762e-06
	8.011959382993274e-06
	7.907954282878979e-06
	7.708208936216854e-06
	7.487447223444546e-06
	7.363331580828278e-06
	7.413884423100225e-06
	7.567593700507985e-06
	7.65223660530766e-06
	7.605579731016144e-06
	7.53604492888704e-06
	7.483268260259649e-06
	7.490601092505099e-06
	7.552371963016858e-06
	7.665330734576169e-06
	7.807700547371755e-06
	7.920449870623428e-06
	7.981631564052001e-06
	8.019797765651081e-06
	8.041410962467732e-06
	8.021005013936398e-06
	8.042711465973323e-06
	8.059137377047101e-06
	8.029084935758468e-06
	7.951805529092652e-06
	7.890221249224292e-06
	8.00347003948974e-06
	8.260265439891252e-06
	8.503860206556254e-06
	8.650499125678946e-06
	8.704461333217623e-06
	8.69263765735131e-06
	8.592068123618415e-06
	8.448230568442542e-06
	8.311218076038646e-06
	8.186421526213846e-06
	8.014872161380077e-06
	7.811825498800295e-06
	7.670004269277397e-06
	7.664442343534221e-06
	7.756904673176524e-06
	7.897345097818695e-06
	8.053742603755199e-06
	8.228541837029754e-06
	8.387911034067519e-06
	8.499526742472959e-06
	8.507837262210531e-06
	8.439746852636633e-06
	8.327499764770968e-06
	8.200009171033725e-06
	8.146296527980931e-06
	8.167986642611148e-06
	8.127099611925334e-06
	7.992879650337704e-06
	7.854528702693182e-06
	7.79590407462127e-06
	7.796487654743827e-06
	7.79696678609335e-06
	7.782260519664712e-06
