	-0.000155647811580656
	-0.0001556019917317925
	-0.000155553130958153
	-0.0001555017584343264
	-0.0001554475263346309
	-0.0001553910941621873
	-0.0001553322002110246
	-0.0001552691239616971
	-0.000155201179667316
	-0.0001551315430506151
	-0.0001550669009121841
	-0.0001550115920328728
	-0.0001549644010082576
	-0.0001549210089264206
	-0.0001548766078423732
	-0.0001548265717887782
	-0.0001547677968142935
	-0.000154701222352392
	-0.0001546306962931362
	-0.0001545577808889095
	-0.0001544832048650252
	-0.0001544088365662336
	-0.000154335581035149
	-0.0001542636716362263
	-0.0001541949334246565
	-0.000154133715558208
	-0.0001540841484647037
	-0.0001540477279774011
	-0.0001540257230625945
	-0.0001540186201835432
	-0.0001540263694396716
	-0.0001540486821041286
	-0.0001540843167818603
	-0.0001541306513190883
	-0.0001541819141038546
	-0.0001542328099484457
	-0.0001542817914709842
	-0.0001543298888766592
	-0.0001543768999271604
	-0.0001544235074101112
	-0.0001544745688761292
	-0.0001545293438950678
	-0.0001545822107160484
	-0.0001546294698100476
	-0.0001546712103260169
	-0.0001547085919742806
	-0.0001547416719633857
	-0.0001547676549996479
	-0.0001547797270231466
	-0.0001547728934005053
	-0.0001547510104469958
	-0.0001547274217926059
	-0.000154716745984393
	-0.0001547241090176888
	-0.0001547452649064824
	-0.0001547698403891524
	-0.0001547896510530865
	-0.0001548029160179661
	-0.0001548108472361842
	-0.0001548136556633349
	-0.0001548090369581263
	-0.0001547941975497497
	-0.0001547713156830257
	-0.0001547492770680967
	-0.0001547357673811166
	-0.0001547312277074694
	-0.00015473096093936
	-0.0001547290167540311
	-0.0001547206348084357
	-0.0001547031825787033
	-0.000154677874375418
	-0.000154650271186674
	-0.0001546257252304581
	-0.0001546058467827899
	-0.000154587105163838
	-0.0001545614287586607
	-0.000154528640944837
	-0.000154501483030829
	-0.0001544975768504492
	-0.0001545247384065594
	-0.0001545699033457715
	-0.0001546103549457787
	-0.0001546342953990971
	-0.0001546481882769608
	-0.0001546688520788533
	-0.0001547081654299019
	-0.0001547668541038536
	-0.0001548381943016882
	-0.0001549181057596527
	-0.0001550078717560487
	-0.0001551067484797513
	-0.0001552062813209519
	-0.0001552942484856424
	-0.0001553634628925839
	-0.0001554183320684378
	-0.0001554708664170991
	-0.0001555276449099816
	-0.0001555868137417532
	-0.000155644311270611
	-0.0001556970192027264
	-0.0001557442529604688
	-0.0001557865650089696
	-0.0001558269707116114
	-0.0001558691960747416
	-0.0001559117270255391
	-0.0001559500748690256
	-0.0001559814086138845
	-0.0001560050126569235
	-0.0001560232865830467
	-0.0001560408716340179
	-0.0001560608605476514
	-0.0001560825459696166
	-0.0001561028395479635
	-0.0001561223908035211
	-0.0001561450650002819
	-0.0001561721516231311
	-0.0001562024849645637
	-0.0001562345233753608
	-0.0001562650828824862
	-0.0001562885235862946
	-0.0001563012413825343
	-0.000156304139185898
	-0.0001563018658371279
	-0.0001562984329895334
	-0.0001562962753473865
	-0.0001562952078643642
	-0.0001562930069092399
	-0.0001562869293359158
	-0.0001562746723306092
	-0.0001562579256433191
	-0.0001562409135409286
	-0.000156226218457699
	-0.0001562172790448625
	-0.0001562170520870979
	-0.0001562231580638866
	-0.0001562299617395823
	-0.0001562337629348367
	-0.0001562359925495744
	-0.0001562389685900794
	-0.0001562391229199754
	-0.0001562282043980723
	-0.000156201218408603
	-0.000156161285537116
	-0.0001561151932590163
	-0.0001560702048912309
	-0.0001560320827227332
	-0.0001559996733206824
	-0.0001559686356951829
	-0.0001559342521910252
	-0.0001558966614610912
	-0.0001558590505061718
	-0.0001558233230133859
	-0.0001557896256868306
	-0.0001557587741255498
	-0.0001557325254592186
	-0.0001557117049806057
	-0.0001556949797619259
	-0.0001556800923243795
	-0.0001556660821593978
	-0.0001556537290526547
	-0.0001556471370712474
	-0.0001556506758204335
	-0.0001556648124910411
	-0.0001556848410776343
	-0.0001557051445332367
	-0.0001557248339038638
	-0.0001557473199914511
	-0.0001557758043554977
	-0.0001558121840135075
	-0.0001558564889954852
	-0.000155906783289306
	-0.000155960260987304
	-0.0001560150965262529
	-0.0001560738902740301
	-0.0001561381781730187
	-0.0001562068549084365
	-0.0001562803711868288
	-0.0001563593398448245
	-0.0001564416339668334
	-0.0001565258268242012
	-0.0001566115500326694
	-0.000156698170839295
	-0.0001567872186610094
	-0.0001568805090284877
	-0.0001569771479164094
	-0.000157074457206706
	-0.0001571695813075108
	-0.000157264868954666
	-0.0001573691824818479
	-0.0001574912787231608
	-0.0001576306066650321
	-0.0001577773530496715
	-0.0001579210091388349
	-0.0001580545141537627
	-0.0001581764812840169
	-0.0001582899090307422
	-0.0001583980303155554
	-0.0001585030606991441
	-0.000158606440068197
	-0.0001587088919899064
	-0.0001588072659321873
	-0.0001588960656327167
	-0.0001589724094833193
	-0.0001590373935813222
	-0.0001590949857174894
	-0.0001591465160035797
	-0.0001591908866156739
	-0.000159226816211579
	-0.0001592540239405302
	-0.0001592734583936015
	-0.0001592859499556871
	-0.000159292341965007
	-0.0001592930440548008
	-0.0001592883110271199
	-0.0001592791759641923
	-0.0001592673302199359
	-0.0001592541314222622
	-0.0001592395575310848
	-0.0001592216438512281
	-0.0001591994967094205
	-0.0001591752781712654
	-0.0001591531754227438
	-0.000159135904829959
	-0.0001591229900680733
	-0.0001591099830073615
	-0.0001590934713856142
	-0.0001590751925788397
	-0.0001590589944501791
	-0.0001590461261241551
	-0.0001590353669951999
	-0.0001590264706644288
	-0.0001590229914926181
	-0.0001590282184744908
	-0.0001590410648117276
	-0.0001590570039294273
	-0.0001590717584033577
	-0.0001590834542770117
	-0.0001590925173753587
	-0.0001591001654135271
	-0.0001591061212562216
	-0.0001591090531029535
	-0.0001591086451049475
	-0.0001591059159303983
	-0.0001591024235370306
	-0.0001590998984441894
	-0.0001590982437867242
	-0.0001590956859544558
	-0.0001590904988191857
	-0.0001590814597087915
	-0.0001590697837406707
	-0.0001590576266143316
	-0.0001590450817564548
	-0.0001590292790725075
	-0.0001590088532454074
	-0.0001589878443690679
	-0.0001589709368566797
	-0.0001589592695423402
	-0.0001589527405638671
	-0.0001589518534384327
	-0.0001589571881169725
	-0.0001589671554899801
	-0.0001589784153749464
	-0.0001589887445205503
	-0.0001589986653031199
	-0.0001590106672227726
	-0.0001590280372503437
	-0.0001590534045765109
	-0.0001590890112211562
	-0.0001591359974167006
	-0.0001591915514555792
	-0.000159250231451326
	-0.0001593076752645248
	-0.0001593618473214493
	-0.0001594126130183962
	-0.0001594617402416296
	-0.0001595133835334051
	-0.0001595716952001443
	-0.0001596355093451344
	-0.000159701513168951
	-0.0001597663187595892
	-0.0001598262743219662
	-0.0001598783199127707
	-0.0001599219271778802
	-0.0001599599450494734
	-0.0001599946996610574
	-0.0001600254427126123
	-0.0001600521045725362
	-0.0001600799330630722
	-0.0001601169217739272
	-0.0001601640397516687
	-0.0001602166379079968
	-0.0001602713096154921
	-0.0001603275114600909
	-0.0001603858166348151
	-0.000160446449914402
	-0.0001605074142997989
	-0.0001605635667003548
	-0.0001606110816503323
	-0.0001606532678474044
	-0.0001606987108329514
	-0.0001607509016102863
	-0.0001608108278572089
	-0.0001608791340280672
	-0.0001609526812690042
	-0.0001610257259768076
	-0.0001610950086548895
	-0.0001611588567310722
	-0.0001612200756983285
	-0.0001612832085957839
	-0.0001613502468134655
	-0.0001614208874043811
	-0.0001614923824422862
	-0.0001615630427753286
	-0.000161629628918849
	-0.0001616867793923417
	-0.0001617315408201477
	-0.0001617667344869511
	-0.0001617972143975065
	-0.0001618245926398037
	-0.0001618481012119517
	-0.0001618663590560203
	-0.0001618757342981376
	-0.0001618718643986484
	-0.0001618532631459447
	-0.0001618240078283092
	-0.0001617917185108745
	-0.000161762269188111
	-0.0001617366391229015
	-0.0001617113666542991
	-0.0001616834908405523
	-0.0001616548646877118
	-0.0001616292083447047
	-0.0001616066848516425
	-0.0001615833990745178
	-0.0001615559933874062
	-0.0001615260461620056
	-0.0001614981869237336
	-0.0001614781119679005
	-0.0001614676575339517
	-0.0001614632435058127
	-0.0001614620315329626
	-0.0001614651250416596
	-0.0001614741519656929
	-0.0001614881816983285
	-0.0001615054369695963
	-0.0001615257376793999
	-0.0001615499153400491
	-0.0001615784994069598
	-0.0001616120984302721
	-0.0001616517048931117
	-0.0001616977972519898
	-0.0001617506912773373
	-0.0001618097577516236
	-0.0001618728243032366
	-0.00016193774573625
	-0.0001620051028095032
	-0.0001620782586837034
	-0.0001621590314784569
	-0.0001622443893371433
	-0.0001623291107722378
	-0.0001624097026322433
	-0.0001624842024412353
	-0.0001625534292363581
	-0.0001626187281269896
	-0.0001626808123285094
	-0.0001627423328230071
	-0.0001628081486597993
	-0.0001628820791820067
	-0.0001629649534074928
	-0.0001630518476010231
	-0.0001631370268086806
	-0.0001632194188313745
	-0.0001632996332534757
	-0.0001633760487855378
	-0.000163447264401645
	-0.0001635162957805208
	-0.0001635871193741394
	-0.0001636606990404226
	-0.0001637360420432618
	-0.0001638121338402384
	-0.0001638871671894289
	-0.0001639571954305493
	-0.0001640189531965957
	-0.0001640702077644118
	-0.0001641078220413868
	-0.0001641304575383617
	-0.000164142148231914
	-0.0001641505845281541
	-0.0001641606747203114
	-0.0001641698319077978
	-0.0001641712736440865
	-0.0001641598735426732
	-0.000164134196407439
	-0.0001640961323255024
	-0.0001640495718267776
	-0.0001639978976372906
	-0.0001639436545587996
	-0.0001638899913655895
	-0.0001638383677024096
	-0.0001637865542549521
	-0.0001637308234435901
	-0.0001636703228755772
	-0.000163607381097089
	-0.0001635446288842243
	-0.0001634828682089361
	-0.0001634231223746763
	-0.0001633668792585368
	-0.0001633134666815916
	-0.0001632602264980964
	-0.0001632072716889881
	-0.0001631590618516005
	-0.0001631203892023677
	-0.0001630911850242288
	-0.0001630674856837235
	-0.0001630459514784477
	-0.0001630255675127195
	-0.0001630079410497388
	-0.0001629964714854635
	-0.0001629939492565193
	-0.0001629992616884223
	-0.0001630108441639969
	-0.0001630295838285703
	-0.0001630579082292081
	-0.0001630944861300737
	-0.0001631364489681996
	-0.0001631851405817135
	-0.0001632439355572815
	-0.0001633113793245376
	-0.0001633824595626441
	-0.0001634548193134135
	-0.0001635304787975019
	-0.0001636125620955308
	-0.0001637023068462659
	-0.0001637974152258975
	-0.0001638960408306702
	-0.0001639971858695608
	-0.0001641006658267732
	-0.0001642055369072747
	-0.0001643118952385652
	-0.0001644198079863878
	-0.0001645288900583859
	-0.0001646397258170467
	-0.0001647531822955861
	-0.0001648682965363219
	-0.0001649820049086973
	-0.0001650919944870236
	-0.0001651970042697543
	-0.0001652954676327902
	-0.0001653870287331173
	-0.0001654734806987817
	-0.0001655577269743727
	-0.0001656420991945308
	-0.000165726663940516
	-0.0001658088660067978
	-0.0001658837035695264
	-0.0001659443060187945
	-0.0001659878127214573
	-0.0001660172582858352
	-0.000166036713331023
	-0.0001660462178752592
	-0.0001660426509243534
	-0.0001660288623966989
	-0.0001660136270235324
	-0.0001660049520570757
	-0.0001660047572377395
	-0.0001660065907885779
	-0.0001660010436157628
	-0.0001659860468283948
	-0.0001659679893159576
	-0.0001659537992230498
	-0.0001659411391634557
	-0.0001659186394721046
	-0.0001658764454865776
	-0.0001658158275895686
	-0.0001657462329057082
	-0.0001656779560741252
	-0.0001656201770754023
	-0.0001655787262422851
	-0.0001655520077912508
	-0.0001655317579469109
	-0.000165508334665743
	-0.000165476791602767
	-0.0001654399148418704
	-0.0001654067907996607
	-0.0001653871481849911
	-0.0001653860725912644
	-0.0001654022990306941
	-0.0001654304375611565
	-0.0001654655648160975
	-0.0001655043063762802
	-0.0001655438244800448
	-0.0001655812417386844
	-0.0001656153491044216
	-0.0001656494388695972
	-0.0001656892488946794
	-0.0001657368110974838
	-0.0001657891543969231
	-0.0001658434496440422
	-0.0001658974377152331
	-0.0001659492840240841
	-0.0001659980708732407
	-0.0001660429065546897
	-0.0001660837051994335
	-0.0001661238508347979
	-0.0001661684636839875
	-0.0001662192463161655
	-0.0001662728941145632
	-0.0001663259558679473
	-0.0001663775140237708
	-0.0001664296695849018
	-0.0001664847569596883
	-0.0001665427701682518
	-0.0001666046384391708
	-0.0001666713941188867
	-0.0001667396252453393
	-0.0001668034806031936
	-0.0001668614391837153
	-0.0001669150601511177
	-0.000166964707296719
	-0.0001670101200164654
	-0.0001670523158716712
	-0.0001670936080882409
	-0.0001671349059960401
	-0.0001671754844430706
	-0.0001672134842566911
	-0.0001672482458433966
	-0.0001672809144238889
	-0.0001673130660017022
	-0.0001673458402961352
	-0.0001673795490135973
	-0.0001674139768903028
	-0.0001674492273211168
	-0.000167486838315885
	-0.0001675300847545879
	-0.0001675798758061524
	-0.0001676342646844893
	-0.0001676914067076511
	-0.0001677497174482432
	-0.0001678093023801938
	-0.0001678687204916705
	-0.000167924187134857
	-0.0001679772913126358
	-0.000168035381316328
	-0.0001681030520761265
	-0.0001681778748989683
	-0.0001682553423700816
	-0.0001683338834658119
	-0.0001684123322625101
	-0.0001684873171293311
	-0.000168556418130296
	-0.000168620452511774
	-0.0001686823199311637
	-0.0001687440791650376
	-0.0001688045547946046
	-0.0001688608140193671
	-0.0001689101011493193
	-0.0001689506018847344
	-0.0001689812460643971
	-0.0001690031237897478
	-0.0001690187642337407
	-0.0001690286566808309
	-0.000169031774058173
	-0.0001690248673979875
	-0.0001690046129619841
	-0.0001689700475122123
	-0.000168923043863558
	-0.0001688660372699603
	-0.0001688043686685638
	-0.0001687494366666891
	-0.0001687109658341773
	-0.0001686866513188683
	-0.0001686656916054159
	-0.0001686371490522971
	-0.0001685989800894317
	-0.0001685611301124557
	-0.0001685351602028063
	-0.0001685231599458549
	-0.0001685173718473652
	-0.0001685097762717042
	-0.0001684959224267555
	-0.0001684757229803188
	-0.0001684522688850602
	-0.0001684281106092167
	-0.0001684045369283115
	-0.000168382499938395
	-0.0001683635006225794
	-0.0001683493643517249
	-0.0001683382576073137
	-0.0001683301376316483
	-0.0001683245598798511
	-0.0001683181910068171
	-0.0001683085488482762
	-0.000168294985579924
	-0.0001682780669736317
	-0.0001682588772321684
	-0.0001682387798759145
	-0.0001682188128252178
	-0.0001682002306479605
	-0.0001681831604691309
	-0.0001681658764082822
	-0.000168148409258787
	-0.0001681328226990684
	-0.0001681213669578633
	-0.0001681165852968989
	-0.0001681193501696806
	-0.0001681264528888433
	-0.0001681326304256176
	-0.0001681339368108994
	-0.0001681310755688644
	-0.0001681334282776531
	-0.0001681523559616113
	-0.0001681906097394509
	-0.0001682421386362417
	-0.000168297902437862
	-0.0001683492711119633
	-0.0001683935716262376
	-0.0001684379304759109
	-0.0001684911632934684
	-0.0001685531876967962
	-0.0001686173689800509
	-0.000168680427018575
	-0.0001687454668612818
	-0.0001688158495734175
	-0.0001688911639140932
	-0.0001689681389517212
	-0.0001690438085408102
	-0.0001691164828164733
	-0.0001691867380287202
	-0.0001692572855911075
	-0.0001693310280037137
	-0.0001694090648557448
	-0.000169489519716497
	-0.0001695683410979158
	-0.0001696424868469047
	-0.0001697101109320992
	-0.0001697707968785183
	-0.0001698250878646478
	-0.0001698757345235084
	-0.0001699280170672824
	-0.0001699859881228083
	-0.0001700494996104176
	-0.0001701154181015566
	-0.0001701801258771613
	-0.0001702412506800574
	-0.0001702995551033832
	-0.0001703594646656636
	-0.00017042290251863
	-0.0001704880796677438
	-0.0001705513132126967
	-0.0001706095391922222
	-0.0001706623655186603
	-0.0001707095697974502
	-0.0001707508752300443
	-0.0001707853938958259
	-0.0001708114402390781
	-0.0001708256990580006
	-0.0001708246021729278
	-0.000170805943933323
	-0.0001707703331486473
	-0.0001707237115980833
	-0.0001706739462864297
	-0.0001706246140020829
	-0.0001705771217660137
	-0.0001705332633672027
	-0.0001704936078191017
	-0.0001704561315145671
	-0.000170419659246292
	-0.0001703860670833954
	-0.0001703590352967291
	-0.0001703409426106417
	-0.0001703309781384715
	-0.0001703261088755448
	-0.0001703229809689402
	-0.000170319262184417
	-0.0001703152763672894
	-0.0001703150110147435
	-0.0001703224307504388
	-0.0001703378908365132
	-0.0001703593195675776
	-0.0001703823893307674
	-0.0001704040717339508
	-0.0001704229201208891
	-0.0001704367801574314
	-0.0001704416657231234
	-0.000170436079988495
	-0.0001704224570480225
	-0.0001704056375740572
	-0.0001703892000564203
	-0.0001703724503043088
	-0.0001703528277247107
	-0.0001703293850819173
	-0.000170302694968013
	-0.0001702745818407131
	-0.0001702464810396542
	-0.0001702201612041281
	-0.0001701969215697809
	-0.0001701747026017322
	-0.0001701481674334341
	-0.0001701150154839439
	-0.0001700809923278127
	-0.0001700531668256812
	-0.0001700337302879959
	-0.0001700205919617576
	-0.0001700109647913157
	-0.0001700040398561609
	-0.0001699981925003378
	-0.0001699907980786261
	-0.0001699783877679424
	-0.0001699622752219027
	-0.0001699476594254929
	-0.0001699377753171148
	-0.0001699353251889281
	-0.0001699437310659229
	-0.0001699667018738061
	-0.0001700039146091117
	-0.0001700525317650023
	-0.0001701076134246438
	-0.0001701640765377872
	-0.0001702190944538497
	-0.0001702724401393809
	-0.0001703262836242186
	-0.0001703842171556326
	-0.0001704481967460811
	-0.0001705170964842388
	-0.0001705876637245575
	-0.0001706564516749241
	-0.0001707212232560064
	-0.0001707784084502969
	-0.0001708240962677324
	-0.0001708556756789003
	-0.0001708724575985848
	-0.0001708771522013947
	-0.0001708726224351909
	-0.0001708590209219287
	-0.000170837243403169
	-0.000170811629399596
	-0.0001707885887902306
	-0.0001707721437507753
	-0.0001707629821924599
	-0.0001707609532634887
	-0.0001707638344244088
	-0.0001707710668063694
	-0.0001707864249463981
	-0.0001708153590101952
	-0.00017086080916963
	-0.0001709221234161461
	-0.0001709980054950038
	-0.0001710874984575393
	-0.0001711897340294443
	-0.0001713044028243403
	-0.0001714316861269802
	-0.0001715712363734906
	-0.0001717214828894884
	-0.0001718787232744448
	-0.000172037731822661
	-0.0001721947565554977
	-0.0001723500013239892
	-0.0001725072523671621
	-0.0001726690182994749
	-0.0001728323769615707
	-0.0001729912163000072
	-0.0001731407146201367
	-0.0001732809161315082
	-0.0001734148904305329
	-0.0001735449352931805
	-0.0001736714903437954
	-0.0001737931633130694
	-0.0001739089215261517
	-0.0001740200060806893
	-0.0001741286126344786
	-0.0001742352562294685
	-0.0001743375735902276
	-0.0001744294275350785
	-0.0001745046135326731
	-0.0001745622723560382
	-0.0001746077906962671
	-0.000174645940449227
	-0.0001746775571409067
	-0.0001747020739694
	-0.0001747201931578777
	-0.0001747326492365269
	-0.0001747367210188437
	-0.0001747278199959094
	-0.0001747043046290063
	-0.0001746672106295157
	-0.0001746193003314658
	-0.0001745672554556428
	-0.0001745186780811232
	-0.000174476992876426
	-0.0001744400646721416
	-0.0001744008078385402
	-0.0001743510876807049
	-0.0001742863472492871
	-0.0001742073088802317
	-0.0001741194957160268
	-0.0001740355876754411
	-0.0001739655669179343
	-0.0001739058510210232
	-0.0001738448832884673
	-0.0001737744297774225
	-0.0001736941796189603
	-0.0001736098443327496
	-0.0001735275226496639
	-0.0001734490699593247
	-0.0001733728579073284
	-0.0001732963847737856
	-0.0001732202931077632
	-0.0001731477270903172
	-0.0001730801364695328
	-0.0001730165381427751
	-0.0001729545798268859
	-0.0001728930758872844
	-0.0001728312318124386
	-0.0001727664999007858
	-0.0001726974884346441
	-0.0001726239674813709
	-0.0001725446801349614
	-0.0001724580789191923
	-0.0001723643865008415
	-0.0001722706266445834
	-0.000172187511588519
	-0.0001721175146451929
	-0.0001720521470193306
	-0.0001719811726404397
	-0.0001718993754303618
	-0.0001718154152017252
	-0.0001717404835192774
	-0.0001716795617292985
	-0.0001716310433648784
	-0.0001715914078730757
	-0.0001715601474212487
	-0.000171538418000298
	-0.0001715252770771554
	-0.0001715167964239756
	-0.0001715077088983107
	-0.0001714946739083245
	-0.0001714773936351312
	-0.000171457545923251
	-0.0001714383230432152
	-0.0001714242135789933
	-0.0001714183678275982
	-0.0001714250728342892
	-0.0001714454055893844
	-0.0001714769512133603
	-0.0001715164817419983
	-0.0001715586385352035
	-0.0001715973450692837
	-0.0001716289931207224
	-0.0001716527472590779
	-0.000171670579674875
	-0.0001716870117514559
	-0.0001717085244866912
	-0.0001717398833222279
	-0.0001717839780798727
	-0.0001718401376538131
	-0.0001719056059223968
	-0.0001719770691586565
	-0.0001720519146188726
	-0.0001721290356337866
	-0.0001722076324779727
	-0.0001722896841435799
	-0.0001723817537637192
	-0.0001724877340551471
	-0.000172604090746776
	-0.0001727260377857218
	-0.0001728526887401004
	-0.0001729858555849276
	-0.0001731228085292584
	-0.0001732583482270341
	-0.0001733907501143824
	-0.0001735211130747274
	-0.0001736495277376125
	-0.0001737747777634324
	-0.0001738953421889416
	-0.0001740110728414442
	-0.0001741242365708235
	-0.0001742369662914107
	-0.0001743479593066596
	-0.0001744538531649139
	-0.0001745525871748064
	-0.0001746443224248711
	-0.0001747316355901433
	-0.0001748185691030286
	-0.0001749077133129142
	-0.000174997475796906
	-0.0001750836821433799
	-0.0001751641955494584
	-0.0001752413843608976
	-0.0001753190890094113
	-0.0001753976673299337
	-0.0001754730445644926
	-0.0001755394251133484
	-0.0001755928682070078
	-0.0001756318137104635
	-0.0001756531332296646
	-0.0001756546348712905
	-0.000175635422103509
	-0.0001755968607245242
	-0.0001755496025176176
	-0.0001755047014578809
	-0.0001754748555438839
	-0.0001754523955884813
	-0.0001754179895892139
	-0.0001753585986930753
	-0.000175275169601757
	-0.0001751802076301031
	-0.0001750843602545942
	-0.0001749947508381727
	-0.0001749181644932465
	-0.00017485861367495
	-0.0001748156795895365
	-0.0001747854228403985
	-0.0001747616787180191
	-0.0001747378384434916
	-0.0001747080521341125
	-0.0001746712356950379
	-0.0001746324011438344
	-0.0001745982119225043
	-0.000174571778077724
	-0.0001745524763382791
	-0.0001745394441297841
	-0.0001745319714646802
	-0.0001745290347966534
	-0.0001745292041571967
	-0.0001745306627523766
	-0.0001745327212673936
	-0.0001745346413505867
	-0.0001745340238563053
	-0.0001745285131697723
	-0.0001745167799751463
	-0.0001745002371914305
	-0.0001744837131140538
	-0.0001744704340455347
	-0.0001744585201650617
	-0.0001744428416650035
	-0.0001744188554406096
	-0.0001743860355666193
	-0.0001743514210122532
	-0.0001743249231739706
	-0.0001743127039521811
	-0.0001743156785141069
	-0.0001743325718193026
	-0.0001743617325455052
	-0.0001744009965301181
	-0.0001744456882762004
	-0.0001744907309195306
	-0.0001745322849794591
	-0.0001745686495202302
	-0.0001746016477149901
	-0.0001746335702790326
	-0.0001746640985186679
	-0.0001746935223226371
	-0.0001747248206373652
	-0.000174756757075847
	-0.0001747837209590073
	-0.0001748030520777971
	-0.0001748158830334485
	-0.0001748248117410391
	-0.0001748304911384436
	-0.0001748298506350557
	-0.0001748190876941809
	-0.0001747957500850384
	-0.0001747577526553321
	-0.0001747040984573904
	-0.0001746380224565846
	-0.0001745654955252472
	-0.0001744923340055724
	-0.0001744233504111436
	-0.0001743623159202352
	-0.0001743075447751908
	-0.0001742465607433119
	-0.000174169879240539
	-0.0001740748983713936
	-0.0001739696654303675
	-0.0001738686103838206
	-0.0001737713915677395
	-0.0001736708153705416
	-0.0001735626492647838
	-0.0001734496940669073
	-0.0001733372413448269
	-0.0001732285295940758
	-0.0001731245200197516
	-0.0001730250835047348
	-0.0001729311262636759
	-0.0001728427052539639
	-0.0001727569348458048
	-0.0001726718527583458
	-0.000172590481786453
	-0.0001725220887272657
	-0.0001724761956864841
	-0.0001724528040428588
	-0.0001724413844953573
	-0.0001724326860775807
	-0.0001724299994398563
	-0.0001724418992750796
	-0.0001724711026963496
	-0.000172514201551301
	-0.0001725669336741355
	-0.000172625866212672
	-0.0001726862449298574
	-0.0001727435481464632
	-0.0001727957377482001
	-0.0001728451594795834
	-0.0001728971111079371
	-0.0001729537350753503
	-0.0001730141429184791
	-0.0001730811101318109
	-0.0001731614763491679
	-0.0001732589133642256
	-0.0001733709110043793
	-0.0001734916750789538
	-0.0001736162948304262
	-0.0001737416196848835
	-0.000173866738399151
	-0.0001739929840452107
	-0.0001741252346509509
	-0.0001742711580169024
	-0.0001744346782501446
	-0.0001746070953353472
	-0.0001747722054847715
	-0.0001749238337275036
	-0.0001750714199500309
	-0.0001752294555846965
	-0.0001754061400708234
	-0.0001755974747981552
	-0.0001757892643043149
	-0.0001759688419849403
	-0.0001761310619425728
	-0.0001762740431011516
	-0.0001763975297938112
	-0.0001765062795564788
	-0.0001766085737478443
	-0.00017671253726406
	-0.0001768227816302669
	-0.0001769378176168474
	-0.0001770516938261766
	-0.0001771594690209379
	-0.0001772602656167384
	-0.0001773542773141064
	-0.0001774403296642941
	-0.0001775185592267413
	-0.0001775911359941098
	-0.0001776597460828569
	-0.0001777239664591079
	-0.0001777831207351029
	-0.000177837809171518
	-0.0001778886121042991
	-0.0001779352521035485
	-0.0001779780508618589
	-0.0001780164203903149
	-0.0001780479916810335
	-0.0001780697094564958
	-0.0001780798720983139
	-0.0001780779173281169
	-0.000178063274605452
	-0.0001780365231399023
	-0.0001780011810689463
	-0.0001779630296382337
	-0.0001779259687579239
	-0.0001778900353651081
	-0.0001778535756682752
	-0.0001778143167176386
	-0.000177768043714919
	-0.0001777106221046313
	-0.0001776409736556112
	-0.0001775622431362554
	-0.0001774825583689206
	-0.000177410707025082
	-0.0001773510164431559
	-0.0001773014864519862
	-0.0001772564507496942
	-0.0001772135512078871
	-0.0001771752438640222
	-0.0001771445971680183
	-0.0001771219798767131
	-0.0001771039462778833
	-0.0001770875286887165
	-0.0001770735531219921
	-0.0001770660184664726
	-0.0001770662550732542
	-0.0001770728200774074
	-0.0001770846615634723
	-0.0001771030158637213
	-0.0001771279646032442
	-0.0001771563606168654
	-0.0001771843458268281
	-0.0001772103485955868
	-0.000177236688757862
	-0.0001772668107244446
	-0.0001773021134593267
	-0.0001773416877555243
	-0.0001773837917935413
	-0.0001774271338453687
	-0.0001774705448616998
	-0.0001775121737158884
	-0.00017755353088257
	-0.000177598060596669
	-0.0001776444557414578
	-0.0001776899129458708
	-0.0001777337223235914
	-0.0001777775534318239
	-0.0001778218996032072
	-0.0001778643859950054
	-0.0001779011731280884
	-0.000177928431465953
	-0.0001779459060190836
	-0.0001779569115646019
	-0.0001779654172719843
	-0.0001779722123420172
	-0.0001779754760229171
	-0.0001779733396536505
	-0.0001779651706887942
	-0.0001779539542958455
	-0.0001779417679352201
	-0.0001779275120458578
	-0.0001779106980921779
	-0.0001778911051760618
	-0.000177865706006598
	-0.0001778292322073462
	-0.000177777123701722
	-0.0001777078403998304
	-0.0001776250560087684
	-0.0001775372667388495
	-0.0001774505518962617
	-0.0001773670150185855
	-0.0001772867189536252
	-0.000177207048389754
	-0.0001771253885740601
	-0.000177039762958238
	-0.000176950525712967
	-0.0001768600311217828
	-0.0001767732992231755
	-0.0001766979581411286
	-0.0001766384944788551
	-0.0001765960029296458
	-0.0001765693952508238
	-0.0001765564390154136
	-0.0001765533304609904
	-0.0001765553273521005
	-0.0001765603355121884
	-0.0001765685836523255
	-0.0001765836330374215
	-0.0001766100174169172
	-0.0001766503329044743
	-0.0001767062358903042
	-0.0001767769447948616
	-0.0001768588726548943
	-0.0001769519085437178
	-0.0001770575647457746
	-0.0001771746448353628
	-0.0001773010069399358
	-0.0001774337639764124
	-0.0001775677068715011
	-0.0001776962205333769
	-0.0001778128023775546
	-0.000177914748389926
	-0.0001780054910620298
	-0.0001780901066502769
	-0.0001781689056694797
	-0.0001782387878148149
	-0.0001782951752694203
	-0.0001783372075469173
	-0.000178372880181518
	-0.0001784085641748919
	-0.0001784411051050976
	-0.0001784617680636323
	-0.000178463710390327
	-0.0001784475852522196
	-0.0001784224452336327
	-0.0001783982522643125
	-0.0001783786959274537
	-0.0001783623551444022
	-0.00017834371990401
	-0.0001783159098144094
	-0.0001782754034409563
	-0.0001782227300490777
	-0.0001781602398026807
	-0.0001780898557207663
	-0.0001780122492044073
	-0.0001779284163380852
	-0.0001778410559251553
	-0.0001777537847325059
	-0.0001776702052019361
	-0.0001775935676254066
	-0.0001775232034381326
	-0.0001774511185808922
	-0.0001773665072226749
	-0.0001772623270152761
	-0.000177144066624096
	-0.0001770276947335885
	-0.0001769265335146738
	-0.0001768459366771849
	-0.0001767830216058776
	-0.000176730293902941
	-0.0001766821459553643
	-0.0001766365596882649
	-0.0001765927951139086
	-0.00017654840529795
	-0.0001764995419639044
	-0.0001764444474780227
	-0.0001763852465555113
	-0.0001763272298236725
	-0.0001762764757326404
	-0.0001762360280599983
	-0.000176205444558348
	-0.0001761808586489091
	-0.0001761540664164629
	-0.0001761198045637136
	-0.0001760811595830281
	-0.000176047714690189
	-0.0001760280131297553
	-0.0001760254504116371
	-0.000176038439899657
	-0.0001760628176484498
	-0.0001760952471872541
	-0.0001761338565730399
	-0.0001761779589015511
	-0.000176226729933445
	-0.0001762798176260347
	-0.0001763355249856563
	-0.000176393735292514
	-0.0001764577049013901
	-0.0001765300850087618
	-0.0001766086667574646
	-0.0001766883109442007
	-0.0001767667950776963
	-0.0001768446149597994
	-0.0001769236830178291
	-0.0001770060499777929
	-0.0001770915102624381
	-0.0001771798834599687
	-0.0001772714849536087
	-0.0001773667432417646
	-0.0001774624337962041
	-0.000177554786507583
	-0.0001776418634889811
	-0.0001777242452199812
	-0.0001778059168187762
	-0.0001778895465958963
	-0.0001779737509192754
	-0.0001780554006663495
	-0.0001781328860934585
	-0.0001782077383554622
	-0.0001782807360724625
	-0.0001783494804896673
	-0.0001784105635758911
	-0.0001784669073103154
	-0.0001785266683407813
	-0.0001785919688057755
	-0.0001786583896745721
	-0.0001787213735158177
	-0.0001787782193395644
	-0.0001788259819440794
	-0.0001788617005353761
	-0.0001788870756731162
	-0.0001789135252335316
	-0.0001789526076738073
	-0.0001790047206158102
	-0.0001790635030280899
	-0.0001791231161935549
	-0.000179180111539739
	-0.0001792336949487878
	-0.0001792835236813647
	-0.0001793325975739707
	-0.0001793835571623805
	-0.0001794362879533257
	-0.0001794885664974376
	-0.0001795406488882981
	-0.00017959569035516
	-0.0001796547822991385
	-0.0001797141816138727
	-0.0001797669454191241
	-0.0001798074964520267
	-0.0001798359762262525
	-0.0001798581130078978
	-0.0001798830777148085
	-0.0001799176674710583
	-0.0001799634757650471
	-0.0001800156135895924
	-0.0001800652073935526
	-0.0001801057765505009
	-0.0001801343490256149
	-0.0001801503341922365
	-0.0001801553728761743
	-0.0001801538970189518
	-0.0001801517995801726
	-0.0001801523978835473
	-0.0001801541791118435
	-0.0001801521627479144
	-0.0001801419966876136
	-0.0001801231306128741
	-0.0001801000075314755
	-0.0001800771618035817
	-0.0001800560533683711
	-0.0001800342674802768
	-0.0001800072044556175
	-0.000179970868627544
	-0.0001799254257684745
	-0.0001798750557024708
	-0.0001798252905265512
	-0.0001797802798497171
	-0.0001797413201675939
	-0.0001797087199261003
	-0.0001796822946010147
	-0.0001796627298548872
	-0.0001796498361792589
	-0.000179636597516124
	-0.0001796146817381902
	-0.0001795808263961429
	-0.00017953759694096
	-0.0001794930673557412
	-0.0001794535917108198
	-0.0001794178983042644
	-0.0001793812909829203
	-0.0001793417173783124
	-0.0001792994441373958
	-0.0001792576386898706
	-0.0001792194568558698
	-0.0001791845367989354
	-0.0001791493942141834
	-0.0001791113701244215
	-0.000179071239982866
	-0.0001790294244780188
	-0.0001789846353000512
	-0.0001789376431812706
	-0.0001788922219763365
	-0.0001788519406849528
	-0.0001788180676219123
	-0.0001787896832056073
	-0.0001787636813721017
	-0.0001787395774689797
	-0.0001787211541627982
	-0.0001787122299864019
	-0.0001787134602580537
	-0.0001787204519182817
	-0.0001787269972156855
	-0.0001787310630299011
	-0.0001787355486892094
	-0.0001787469229293343
	-0.0001787689735649844
	-0.000178799297700271
	-0.0001788340077685749
	-0.0001788728923947978
	-0.0001789198554235851
	-0.0001789769739919387
	-0.0001790430040782201
	-0.000179117142483255
	-0.0001791992033400839
	-0.0001792868632600801
	-0.0001793773805069466
	-0.000179470688072618
	-0.0001795692001664798
	-0.0001796732643194928
	-0.0001797824903923562
	-0.0001798967983498407
	-0.0001800163324487803
	-0.0001801418880553828
	-0.0001802736816319055
	-0.0001804086457288068
	-0.0001805415456793688
	-0.0001806690247479645
	-0.0001807904789839189
	-0.0001809079721405376
	-0.0001810238048724756
	-0.0001811381394695245
	-0.0001812496525994287
	-0.0001813570530065752
	-0.0001814587501827808
	-0.0001815540274420399
	-0.0001816421820429362
	-0.0001817222202857029
	-0.0001817929869937809
	-0.0001818529450488166
	-0.0001819011457658096
	-0.0001819368460052505
	-0.0001819582760875124
	-0.0001819641378818116
	-0.0001819540844061376
	-0.0001819283910223389
	-0.0001818875637611899
	-0.0001818330055536851
	-0.0001817680854007502
	-0.0001816970210668137
	-0.0001816229138421672
	-0.0001815468397088631
	-0.0001814689856962885
	-0.0001813891318226062
	-0.0001813068653312703
	-0.0001812215988316179
	-0.0001811321802117741
	-0.0001810361551174501
	-0.0001809323364318133
	-0.0001808238015658544
	-0.00018071247180711
	-0.000180602019358885
	-0.0001804972026448724
	-0.0001803964955940135
	-0.000180295805919106
	-0.0001801925689899137
	-0.0001800870466187701
	-0.0001799817554696745
	-0.0001798814485303067
	-0.0001797922993693298
	-0.0001797185207899323
	-0.0001796600727676126
	-0.0001796131283543867
	-0.0001795741736369476
	-0.0001795417639900819
	-0.00017951434965647
	-0.0001794894997952502
	-0.000179462181675228
	-0.0001794273136091334
	-0.0001793842496453426
	-0.0001793406133057414
	-0.0001793106600780967
	-0.0001793043961801631
	-0.0001793203346442561
	-0.0001793507248087651
	-0.0001793846478692338
	-0.0001794178351671773
	-0.0001794532312486145
	-0.0001794933716221378
	-0.0001795394136294718
	-0.0001795895750301126
	-0.0001796450525351006
	-0.0001797115263262762
	-0.0001797905194137024
	-0.00017987883959843
	-0.0001799716386776329
	-0.0001800642573399394
	-0.0001801513024753793
	-0.0001802302899311803
	-0.0001803023571527731
	-0.0001803707782275497
	-0.0001804408801774817
	-0.0001805200074220042
	-0.0001806122379155263
	-0.0001807122220707611
	-0.000180812247769729
	-0.0001809072418567088
	-0.0001809955269384071
	-0.0001810772807887404
	-0.0001811523857810825
	-0.0001812161194659491
	-0.0001812628148592405
	-0.0001812921426608738
	-0.0001813101389551693
	-0.0001813259571758562
	-0.0001813451030297015
	-0.0001813674874957189
	-0.0001813916380032072
	-0.0001814161621649459
	-0.0001814377160589654
	-0.0001814472235945546
	-0.0001814361261915744
	-0.0001814075312287406
	-0.0001813688648499489
	-0.0001813280937481487
	-0.0001812920347926632
	-0.0001812648030082821
	-0.0001812479824562884
	-0.0001812381224255812
	-0.0001812268614105369
	-0.0001812063563720798
	-0.0001811769466057778
	-0.0001811468079042204
	-0.0001811233724966708
	-0.0001811066970951967
	-0.0001810894188747535
	-0.0001810641406868232
	-0.0001810300528481603
	-0.0001809915596501204
	-0.000180952640460214
	-0.0001809150270501317
	-0.0001808774991945898
	-0.0001808379085341317
	-0.0001807958750039819
	-0.0001807548195566162
	-0.0001807182149980592
	-0.0001806841241100256
	-0.0001806502321993036
	-0.0001806163202692831
	-0.0001805826189948616
	-0.0001805497735958276
	-0.0001805174720483244
	-0.0001804854793329243
	-0.0001804557499255789
	-0.0001804326760032258
	-0.0001804209075909074
	-0.000180423469500221
	-0.0001804408434050458
	-0.0001804716759966708
	-0.0001805135252460514
	-0.0001805666513436564
	-0.0001806333729242962
	-0.0001807144308009473
	-0.0001808077892928875
	-0.0001809114782009973
	-0.0001810246843808973
	-0.0001811478147337934
	-0.0001812808544173513
	-0.0001814225035721104
	-0.0001815697901305636
	-0.0001817192763202626
	-0.0001818672798009133
	-0.0001820108097934085
	-0.0001821508383253642
	-0.000182288555075476
	-0.0001824228617167094
	-0.0001825518311479706
	-0.000182674285018951
	-0.0001827886328681702
	-0.0001828934702782577
	-0.0001829891810130002
	-0.0001830765247729771
	-0.0001831529828783993
	-0.0001832121674192978
	-0.0001832481427597468
	-0.0001832611734331465
	-0.0001832566692370654
	-0.0001832416670909528
	-0.0001832204352932136
	-0.0001831937234264887
	-0.000183159602129083
	-0.0001831140944359517
	-0.000183055133491633
	-0.0001829849750934386
	-0.0001829077230057254
	-0.0001828243302587443
	-0.0001827298593629666
	-0.0001826184758765834
	-0.0001824863863548757
	-0.0001823377719662018
	-0.0001821845553103118
	-0.0001820365780068542
	-0.0001818988660517904
	-0.000181773814848034
	-0.0001816594582834414
	-0.0001815530784839481
	-0.0001814529528982953
	-0.0001813592346899919
	-0.0001812752591152143
	-0.0001812040212789662
	-0.000181144938559177
	-0.0001810978812433161
	-0.0001810646985558799
	-0.000181046958327616
	-0.0001810437024376715
	-0.0001810524730957679
	-0.0001810724485466969
	-0.000181102012279427
	-0.0001811370816204665
	-0.0001811733874590262
	-0.0001812095385031534
	-0.000181247047165924
	-0.0001812895351483352
	-0.0001813429764184767
	-0.0001814086279565084
	-0.000181484509247736
	-0.0001815677447050721
	-0.0001816576765433198
	-0.0001817536717735269
	-0.0001818522957920046
	-0.0001819478383885889
	-0.0001820381022050107
	-0.0001821257792990554
	-0.0001822132494728159
	-0.0001822992114200362
	-0.0001823828276204902
	-0.0001824664668583841
	-0.0001825505356889245
	-0.000182633870693475
	-0.0001827157141782327
	-0.0001827944593746341
	-0.0001828692748696708
	-0.0001829415197907575
	-0.000183014027984211
	-0.0001830893476860665
	-0.000183167260455868
	-0.0001832468850618342
	-0.0001833308675569454
	-0.0001834234500904364
	-0.0001835229405493207
	-0.0001836264567806486
	-0.0001837317761997953
	-0.0001838386467775922
	-0.0001839517316208379
	-0.0001840695806908749
	-0.0001841829942716156
	-0.0001842915166291088
	-0.0001844028524312166
	-0.0001845201589252957
	-0.0001846404208607177
	-0.0001847614214414677
	-0.0001848836607098208
	-0.0001850074849791235
	-0.0001851286510342441
	-0.0001852405968152394
	-0.0001853418243519269
	-0.0001854370859384959
	-0.0001855343207601605
	-0.000185639195653349
	-0.0001857533604255109
	-0.0001858738063468995
	-0.0001859946505043011
	-0.0001861110546731009
	-0.0001862214965546614
	-0.000186328547219486
	-0.0001864349321146782
	-0.0001865396179661398
	-0.0001866395341289657
	-0.000186730290960732
	-0.0001868077957954041
	-0.0001868721170655755
	-0.0001869283378764016
	-0.0001869855802191976
	-0.0001870501471922814
	-0.0001871171553893338
	-0.0001871740347747071
	-0.0001872112279766323
	-0.0001872261637280547
	-0.0001872225272676258
	-0.0001872077059059003
	-0.0001871887938182589
	-0.0001871693222219135
	-0.0001871505973935043
	-0.0001871353469633624
	-0.0001871239017125667
	-0.000187112651294636
	-0.0001870957853438246
	-0.0001870666687375698
	-0.0001870204603099363
	-0.0001869599984585727
	-0.0001868947266669313
	-0.000186835870918454
	-0.0001867887127909284
	-0.000186750010439226
	-0.0001867141322709854
	-0.0001866762353009662
	-0.0001866317919423485
	-0.0001865805869509923
	-0.0001865264668418367
	-0.0001864722467798315
	-0.0001864170023990497
	-0.0001863573428528699
	-0.0001862915744419404
	-0.0001862212311126088
	-0.0001861519501196848
	-0.0001860918986919479
	-0.0001860458102401913
	-0.0001860089198396004
	-0.0001859706953051025
	-0.0001859244367873675
	-0.0001858719321321759
	-0.0001858193390452385
	-0.0001857716265910732
	-0.0001857320586035823
	-0.0001857030663319207
	-0.0001856880844103197
	-0.0001856870562701282
	-0.0001856946467491026
	-0.0001857077310094021
	-0.0001857261593465916
	-0.0001857498290908739
	-0.0001857784580649687
	-0.0001858106786946651
	-0.0001858438521469694
	-0.0001858754831797004
	-0.0001859044253559724
	-0.0001859310885131821
	-0.0001859548286907599
	-0.0001859767379056006
	-0.0001860007944636093
	-0.0001860303631710657
	-0.0001860640257758321
	-0.0001860991521262219
	-0.0001861376158399897
	-0.0001861787968388945
	-0.0001862198790385808
	-0.0001862583798830151
	-0.0001862926842238173
	-0.0001863234231525567
	-0.0001863514789175477
	-0.000186379032912979
	-0.0001864080555576752
	-0.0001864338308154099
	-0.0001864504918510088
	-0.0001864569680364271
	-0.0001864541245955278
	-0.0001864422609511965
	-0.0001864208805525353
	-0.0001863918990215719
	-0.0001863591680514236
	-0.0001863257002430059
	-0.000186292994511072
	-0.0001862612213363326
	-0.0001862304296156715
	-0.0001861997803324635
	-0.0001861684463081428
	-0.0001861389872292749
	-0.0001861151578214452
	-0.0001860984675346615
	-0.0001860886538206559
	-0.0001860851615533499
	-0.0001860836934946168
	-0.0001860760909357192
	-0.000186058390970207
	-0.0001860331846490215
	-0.0001860077241550312
	-0.0001859904045588271
	-0.0001859884534450147
	-0.0001860046240081715
	-0.0001860362881550341
	-0.0001860779362534404
	-0.0001861234861444249
	-0.0001861717315940944
	-0.0001862250638901647
	-0.0001862873624905088
	-0.0001863602557299629
	-0.0001864393928211179
	-0.0001865176843529299
	-0.0001865932650944392
	-0.0001866693437462598
	-0.0001867489266316125
	-0.00018682999784798
	-0.0001869084276183258
	-0.0001869821915727988
	-0.0001870533799116884
	-0.0001871251859810558
	-0.0001871995670716134
	-0.0001872764846799688
	-0.0001873535702869871
	-0.0001874283853307729
	-0.0001875001090291351
	-0.0001875692940998655
	-0.0001876367424901736
	-0.0001877001969105136
	-0.0001877558342411153
	-0.0001878019062117775
	-0.0001878399274838644
	-0.00018787461288115
	-0.0001879086300603017
	-0.000187940708578988
	-0.0001879670537079213
	-0.0001879843054105539
	-0.0001879911877751515
	-0.0001879870853423277
	-0.0001879706331191857
	-0.0001879390112334799
	-0.0001878934249236859
	-0.0001878434193455401
	-0.0001878003109240881
	-0.000187766679837953
	-0.0001877392478416975
	-0.0001877132723746299
	-0.0001876827411406792
	-0.0001876479160229416
	-0.0001876124500184019
	-0.0001875756825273516
	-0.0001875348935532526
	-0.0001874916879094986
	-0.0001874529797800562
	-0.0001874269243622877
	-0.0001874155978965465
	-0.0001874128671449957
	-0.0001874136097912628
	-0.0001874146548429248
	-0.000187411366016735
	-0.0001873997461489919
	-0.0001873777415935291
	-0.0001873459263132101
	-0.0001873085885854302
	-0.0001872697587712584
	-0.0001872321715608344
	-0.0001872042606862816
	-0.0001871977317569333
	-0.0001872144387296401
	-0.000187247755046054
	-0.0001872908552848932
	-0.000187339385808183
	-0.0001873886612676813
	-0.0001874377783236403
	-0.0001874912588799134
	-0.0001875522446699054
	-0.0001876215076318826
	-0.0001876961302421113
	-0.0001877721055090027
	-0.0001878468755720078
	-0.0001879222140275308
	-0.0001880014584336829
	-0.0001880868157302328
	-0.0001881773158145142
	-0.000188268546791825
	-0.0001883566524209591
	-0.000188443005939555
	-0.0001885316902936451
	-0.000188626758739745
	-0.0001887308578571887
	-0.0001888451437203972
	-0.0001889689979511372
	-0.0001890998041818
	-0.0001892346531105246
	-0.0001893681641701553
	-0.0001894982258570449
	-0.0001896270685818
	-0.0001897549255351517
	-0.0001898800639716428
	-0.0001900032028498174
	-0.0001901277731282838
	-0.000190258417798154
	-0.0001903970053790407
	-0.0001905419282627849
	-0.0001906894737568982
	-0.0001908344607414287
	-0.0001909721303776038
	-0.0001910985418131403
	-0.0001912112672537548
	-0.0001913098476333787
	-0.0001913974399699618
	-0.0001914793019945453
	-0.000191557628735111
	-0.0001916287352533384
	-0.0001916872457371047
	-0.0001917294757843745
	-0.000191754695714322
	-0.0001917669473066978
	-0.000191773038147704
	-0.0001917771759975698
	-0.0001917779980107948
	-0.0001917707747330742
	-0.0001917506318429233
	-0.0001917163907353708
	-0.0001916711996093044
	-0.0001916195742399644
	-0.0001915653064657513
	-0.0001915113902004319
	-0.0001914584993399273
	-0.0001914057024245568
	-0.0001913524275238383
	-0.0001912988864579598
	-0.0001912451577201773
	-0.0001911901142233354
	-0.0001911334789574703
	-0.000191079505801085
	-0.0001910326743832066
	-0.0001909924211775846
	-0.0001909514109879588
	-0.000190902889911451
	-0.0001908470911107125
	-0.0001907899439600689
	-0.0001907377557416177
	-0.000190693218719755
	-0.0001906546055725293
	-0.0001906180779312778
	-0.0001905803728737822
	-0.0001905414175535653
	-0.0001905031046049007
	-0.0001904647010819958
	-0.0001904261026293305
	-0.0001903903935854629
	-0.0001903607230759226
	-0.0001903365726474515
	-0.0001903161048847033
	-0.0001903006357472603
	-0.0001902915628285025
	-0.0001902873030138803
	-0.0001902859041566433
	-0.0001902866982794764
	-0.0001902905797897196
	-0.0001902995808441108
	-0.0001903134419080471
	-0.0001903277117870877
	-0.00019033713879171
	-0.0001903427016454218
	-0.0001903500789993703
	-0.0001903643037553296
	-0.0001903879732980765
	-0.0001904224633421133
	-0.0001904656095823466
	-0.0001905116114021104
	-0.0001905558269422902
	-0.0001905979403599835
	-0.0001906419773838938
	-0.0001906900003314892
	-0.0001907386855948803
	-0.00019078408152074
	-0.0001908269210407806
	-0.0001908716774287792
	-0.0001909245201566527
	-0.0001909879910107274
	-0.0001910607718410814
	-0.0001911408797300044
	-0.0001912250730771558
	-0.0001913098288695302
	-0.0001913935768590199
	-0.0001914753626933822
	-0.0001915528155381701
	-0.0001916271888971766
	-0.0001917025726153199
	-0.0001917808785681149
	-0.0001918598782466157
	-0.0001919353157760314
	-0.0001920052406156451
	-0.0001920731710338048
	-0.0001921447765348141
	-0.0001922219533745589
	-0.0001923030314956703
	-0.0001923871816164846
	-0.0001924746970870104
	-0.0001925646431037631
	-0.0001926542008553913
	-0.0001927377789496938
	-0.0001928095056702686
	-0.0001928721011125282
	-0.0001929352844944164
	-0.0001930044295413546
	-0.0001930778379828111
	-0.000193152501315165
	-0.000193224817146386
	-0.0001932899756934687
	-0.0001933431684811685
	-0.0001933810167691474
	-0.0001934010663187031
	-0.0001934025923809762
	-0.0001933887182113557
	-0.0001933659039421736
	-0.0001933394118709341
	-0.0001933129850455999
	-0.0001932906073477875
	-0.000193273725047155
	-0.0001932592948419314
	-0.0001932434836593786
	-0.0001932221769194576
	-0.0001931912449296659
	-0.0001931518443705244
	-0.0001931077583333775
	-0.0001930571735588304
	-0.0001929983054520749
	-0.0001929349870624339
	-0.0001928728053151944
	-0.0001928131976947414
	-0.0001927546552433816
	-0.0001926944950046113
	-0.0001926307446461111
	-0.0001925670207412954
	-0.0001925077337580957
	-0.0001924535898506761
	-0.0001924048186144413
	-0.0001923603805348776
	-0.0001923157998771631
	-0.0001922677155121161
	-0.0001922176344602608
	-0.0001921691706857245
	-0.0001921267186961598
	-0.0001920957108756848
	-0.0001920783027191257
	-0.0001920711555698825
	-0.0001920672653120527
	-0.0001920613008978848
	-0.0001920536613187398
	-0.000192048565502512
	-0.0001920480047802648
	-0.0001920493180659978
	-0.0001920490055641294
	-0.0001920507516201389
	-0.0001920627350614216
	-0.0001920910593942304
	-0.0001921362824475962
	-0.0001921933968490294
	-0.0001922561319452803
	-0.0001923206684383749
	-0.0001923884213297735
	-0.0001924644512749396
	-0.0001925526884980478
	-0.0001926549412484773
	-0.0001927714778322003
	-0.0001929018261858879
	-0.0001930442077938172
	-0.0001931958205022902
	-0.0001933538765734678
	-0.0001935137073879132
	-0.0001936690605578398
	-0.0001938138637412915
	-0.0001939423228255101
	-0.0001940516549769729
	-0.0001941434902302591
	-0.0001942235476522286
	-0.0001942969327889566
	-0.0001943630026977535
	-0.0001944172333026893
	-0.0001944551057365303
	-0.0001944735278781503
	-0.0001944782417277112
	-0.0001944821445139969
	-0.0001944922774195707
	-0.0001945072201329162
	-0.000194523622548581
	-0.0001945410757814333
	-0.0001945613056346023
	-0.0001945857371467572
