	3.855310632323544e-08
	4.581984886346897e-08
	4.88607736395131e-08
	5.137252382659489e-08
	5.423209969552659e-08
	5.643217244354454e-08
	5.889395116267848e-08
	6.307624932751084e-08
	6.794429438118534e-08
	6.963661670086922e-08
	6.464213843096785e-08
	5.530887931133796e-08
	4.719102461520451e-08
	4.339208183691248e-08
	4.44010840474471e-08
	5.003605359503181e-08
	5.877497448465607e-08
	6.657446190145503e-08
	7.052605925588154e-08
	7.291540422667034e-08
	7.457602388430343e-08
	7.436829879163958e-08
	7.325553108457305e-08
	7.190939892265543e-08
	6.873821156980587e-08
	6.121786644853338e-08
	4.956709350430789e-08
	3.642048730261802e-08
	2.200491480653066e-08
	7.102879051332328e-09
	-7.749256128401405e-09
	-2.231266445702585e-08
	-3.563467773169732e-08
	-4.633453722798977e-08
	-5.126278476628447e-08
	-5.089584459109208e-08
	-4.898152253847473e-08
	-4.809740567505887e-08
	-4.701105050116639e-08
	-4.660748295076266e-08
	-5.106146601809552e-08
	-5.477501893857285e-08
	-5.286682098059588e-08
	-4.725909399925802e-08
	-4.174051596927855e-08
	-3.738164826362078e-08
	-3.30799891051036e-08
	-2.598303626226735e-08
	-1.207202349868803e-08
	6.833622641289997e-09
	2.188295350955623e-08
	2.358865438985622e-08
	1.067580821287933e-08
	-7.363033295783436e-09
	-2.115588879353565e-08
	-2.45754826700474e-08
	-1.981066393407474e-08
	-1.326496487963132e-08
	-7.931218218116366e-09
	-2.808427150725749e-09
	4.618705208614821e-09
	1.483940837662293e-08
	2.288186672404343e-08
	2.203861492896288e-08
	1.350968698012664e-08
	4.539673647231938e-09
	2.667681093017582e-10
	1.944185328889683e-09
	8.38194559543337e-09
	1.745222973240172e-08
	2.530820328534273e-08
	2.760318874397535e-08
	2.454595621593599e-08
	1.987844766819691e-08
	1.874161895184637e-08
	2.567640517728674e-08
	3.278781382376457e-08
	2.715791400794945e-08
	3.906180379779512e-09
	-2.716155611016837e-08
	-4.516493921214765e-08
	-4.045160000711278e-08
	-2.394045331845467e-08
	-1.389287786371037e-08
	-2.066380189246086e-08
	-3.931335104863422e-08
	-5.868867395168755e-08
	-7.134019783463517e-08
	-7.9911457964482e-08
	-8.976599639600626e-08
	-9.887672370262104e-08
	-9.953284120059912e-08
	-8.796716469044522e-08
	-6.921440694149246e-08
	-5.486917585397704e-08
	-5.253434866129047e-08
	-5.677849288247102e-08
	-5.916883177153919e-08
	-5.749752885785976e-08
	-5.27079321153614e-08
	-4.723375774244865e-08
	-4.23120485007394e-08
	-4.040570264187563e-08
	-4.222536313015886e-08
	-4.253095079751878e-08
	-3.834784348646112e-08
	-3.133374485888939e-08
	-2.360404303898709e-08
	-1.827392612321351e-08
	-1.758505097121449e-08
	-1.998891363353685e-08
	-2.168542196511197e-08
	-2.029357834697799e-08
	-1.955125555758312e-08
	-2.267419676076128e-08
	-2.708662284924495e-08
	-3.03333414325414e-08
	-3.203841079715156e-08
	-3.055950712541172e-08
	-2.344070380835153e-08
	-1.271779623967482e-08
	-2.897803363753365e-09
	2.273348770092812e-09
	3.432847594499229e-09
	2.157642146894773e-09
	1.067483022360453e-09
	2.200955124298052e-09
	6.077573324021626e-09
	1.225700530665509e-08
	1.674668729008921e-08
	1.70121023905201e-08
	1.469508322958268e-08
	8.939412836514943e-09
	2.269577646036153e-10
	-6.105976788676822e-09
	-6.803675695692484e-09
	-3.801195254444201e-09
	-2.229614737720173e-09
	-2.976040505019825e-09
	-1.54329896011632e-10
	1.091852190314843e-08
	2.698598946927926e-08
	3.993287148705083e-08
	4.609227809966153e-08
	4.49883677854245e-08
	3.812216849766872e-08
	3.240940205085784e-08
	3.103762549951537e-08
	3.438350415764786e-08
	3.759072993404046e-08
	3.761095491941619e-08
	3.572749278588369e-08
	3.369732655525113e-08
	3.085156128079437e-08
	2.624866633123541e-08
	2.082047861287897e-08
	1.672521867980078e-08
	1.488743754639215e-08
	1.4010164981707e-08
	1.235310674312707e-08
	6.591981407301303e-09
	-3.538749186092516e-09
	-1.413667060754912e-08
	-2.002858659322462e-08
	-2.030345560240149e-08
	-1.968937062711667e-08
	-2.248608758729739e-08
	-2.848436404660251e-08
	-3.637965800978424e-08
	-4.430498197763893e-08
	-5.029429382077325e-08
	-5.347769799802088e-08
	-5.483553894894643e-08
	-5.879374777721538e-08
	-6.42878989886052e-08
	-6.867673541773531e-08
	-7.35162783923187e-08
	-7.896865799570313e-08
	-8.22941220088444e-08
	-8.419285736786304e-08
	-8.572320846817818e-08
	-8.662080662556232e-08
	-8.904782171446202e-08
	-9.32903674782577e-08
	-9.663888792176401e-08
	-9.730929029660286e-08
	-9.512410080480919e-08
	-9.528764715521651e-08
	-1.043135271818793e-07
	-1.220962413129513e-07
	-1.393279418712304e-07
	-1.467463846394014e-07
	-1.436560891633747e-07
	-1.335050149278372e-07
	-1.219671302542351e-07
	-1.134277467253316e-07
	-1.081212848131505e-07
	-1.050303835886519e-07
	-1.033793690529428e-07
	-1.024519217093682e-07
	-9.837394228089379e-08
	-8.879970052947481e-08
	-7.634385060257004e-08
	-6.498409800291494e-08
	-5.759213616718686e-08
	-5.153028609028964e-08
	-4.437061209425261e-08
	-3.59295959050621e-08
	-2.720772895120296e-08
	-1.943445307133676e-08
	-1.249156208552594e-08
	-6.392009319915914e-09
	-7.020897937980447e-10
	4.73302768087726e-09
	9.13506292764553e-09
	1.18457442563524e-08
	1.319879767370772e-08
	1.457389117736801e-08
	1.791367985669405e-08
	2.214714180761191e-08
	2.421853815515919e-08
	2.210274852153776e-08
	1.727059278489619e-08
	1.291476188568838e-08
	1.300706071173762e-08
	1.65116217473767e-08
	1.827880677443626e-08
	1.619812866063272e-08
	1.286832602396913e-08
	1.075912895520495e-08
	8.896330771169432e-09
	3.479171810680494e-09
	-5.226981872745552e-09
	-1.284633723675894e-08
	-1.593911769966631e-08
	-1.475447393045104e-08
	-1.169587365401562e-08
	-9.063098346976114e-09
	-7.648038168414344e-09
	-5.955842694513036e-09
	-2.931846731869662e-09
	4.079980059571409e-10
	2.729174549173338e-09
	3.492393367737863e-09
	2.525092841136819e-09
	1.654657465198667e-09
	2.557832268473817e-09
	5.187135270116458e-09
	9.039110394222429e-09
	1.167596812072334e-08
	1.21571263390647e-08
	1.254485787680341e-08
	1.580268394732672e-08
	2.04258271000927e-08
	2.100887633951098e-08
	1.690751238822837e-08
	1.166731433948273e-08
	6.528978473100987e-09
	8.871254344282883e-10
	-5.334678539790494e-09
	-9.967373007611169e-09
	-1.125988496628913e-08
	-1.032914560393363e-08
	-9.920782569584769e-09
	-1.200191965274517e-08
	-1.737002757106524e-08
	-2.536732616719679e-08
	-3.560664464529362e-08
	-4.698619554443603e-08
	-5.555403887852835e-08
	-5.867999574678759e-08
	-5.74438131988679e-08
	-5.417205692444076e-08
	-5.076569694697297e-08
	-4.912722323335262e-08
	-5.164329177553467e-08
	-5.831166673921662e-08
	-6.381414499005648e-08
	-6.60038238166409e-08
	-6.480559063813096e-08
	-5.995556237704623e-08
	-5.204559080455728e-08
	-4.360726510942768e-08
	-3.801787159322023e-08
	-3.475461158404525e-08
	-3.07430515548925e-08
	-2.666185992389419e-08
	-2.782849053597452e-08
	-3.698871085499407e-08
	-4.711797774153854e-08
	-5.259815632805875e-08
	-5.467170749526004e-08
	-5.620184459879413e-08
	-5.830517472426007e-08
	-6.06332795868369e-08
	-6.096438539694611e-08
	-5.615240055592498e-08
	-4.751494997748591e-08
	-4.218619707204631e-08
	-4.544298554707571e-08
	-5.219077733487082e-08
	-5.992624692262007e-08
	-6.830617085829766e-08
	-7.354724093701047e-08
	-7.304470780333977e-08
	-6.928267808188845e-08
	-6.38480761827424e-08
	-6.121896725624439e-08
	-6.313289745544878e-08
	-6.703821768159182e-08
	-7.064059091554662e-08
	-7.149503790517326e-08
	-7.066033304235242e-08
	-6.658614352036102e-08
	-5.71504734926781e-08
	-4.47614278060137e-08
	-3.519366680342198e-08
	-3.047991055542568e-08
	-2.737824229718104e-08
	-2.350857214800132e-08
	-1.825784406860828e-08
	-9.375242117311615e-09
	3.869899489193851e-09
	1.860125270375738e-08
	2.92553176354794e-08
	3.228931743471176e-08
	2.9449322763465e-08
	2.563006520948255e-08
	2.527246860246531e-08
	2.787581374675327e-08
	2.862615284052931e-08
	2.565634300711508e-08
	2.252349306218818e-08
	2.328577712471205e-08
	2.740568711158369e-08
	2.994722540063028e-08
	2.785923827191762e-08
	2.007495583310825e-08
	1.045443394879431e-08
	4.414028138994013e-09
	1.211972850109539e-09
	-3.09350869696471e-09
	-9.026924033324295e-09
	-1.402973263560653e-08
	-1.725527126783236e-08
	-2.030070980363069e-08
	-2.4177660649145e-08
	-2.85840669107009e-08
	-3.359902331233369e-08
	-3.960646283955731e-08
	-4.609235887811427e-08
	-5.28940253474931e-08
	-5.906647428630696e-08
	-6.306655161299456e-08
	-6.492143301336185e-08
	-6.735707325329775e-08
	-7.315587420012186e-08
	-8.077279475357662e-08
	-8.535785868637678e-08
	-8.472143509445824e-08
	-8.059186000558207e-08
	-7.449980899190172e-08
	-6.922679512285874e-08
	-6.529889063153525e-08
	-6.20842015197185e-08
	-6.152049449770097e-08
	-6.581583679225412e-08
	-7.393052220742024e-08
	-8.287422548603366e-08
	-8.689419353030778e-08
	-8.517920765753026e-08
	-8.239202269384999e-08
	-8.021442210123215e-08
	-7.641553206209376e-08
	-7.121561610721013e-08
	-6.903137887579407e-08
	-7.082359361857453e-08
	-7.35796662832247e-08
	-7.534300283917958e-08
	-7.609179697661241e-08
	-7.50333491905398e-08
	-7.002824112040825e-08
	-6.175776604636666e-08
	-5.12545678161309e-08
	-3.761427697495799e-08
	-2.263549697495276e-08
	-1.169069355226144e-08
	-8.436296240140076e-09
	-1.009019215727234e-08
	-9.157187486371686e-09
	-1.441736288683034e-09
	1.140010141321421e-08
	2.567713523427019e-08
	3.80640819365679e-08
	4.656049872482708e-08
	5.167418948703415e-08
	5.424307849096755e-08
	5.366319321007743e-08
	5.162366317996539e-08
	5.181344745744096e-08
	5.573081136204071e-08
	6.050056801290342e-08
	6.294177848817846e-08
	6.275221286476086e-08
	6.176067528814745e-08
	5.974583425986452e-08
	5.62431161393932e-08
	5.341257694529012e-08
	5.324018349513569e-08
	5.295480910832932e-08
	4.82098373876101e-08
	3.867264923281915e-08
	2.920417813890203e-08
	2.369934050527976e-08
	2.153420527574338e-08
	2.038396572828266e-08
	1.762646298061546e-08
	1.146956427533633e-08
	2.522228944196764e-09
	-5.312431902954594e-09
	-1.158247557458721e-08
	-1.873966457342477e-08
	-2.832440063782749e-08
	-3.657790086559323e-08
	-4.196283812596879e-08
	-4.869161351381327e-08
	-5.879497556799916e-08
	-6.744376725608732e-08
	-7.108023810655602e-08
	-7.235975076937991e-08
	-7.565948408837372e-08
	-8.208329802894549e-08
	-8.974475073511118e-08
	-9.5108379631621e-08
	-9.862560477266055e-08
	-1.011450388905904e-07
	-1.034799572124175e-07
	-1.048710805015325e-07
	-1.063583312905023e-07
	-1.079127478225528e-07
	-1.090820719981466e-07
	-1.108357586608081e-07
	-1.134564785393199e-07
	-1.151142407358813e-07
	-1.137083723754021e-07
	-1.0998957832629e-07
	-1.050097827307083e-07
	-9.84633630358675e-08
	-9.156110032713315e-08
	-8.645196566435869e-08
	-8.424627559102518e-08
	-8.437222015803382e-08
	-8.456474598521054e-08
	-8.220206628181171e-08
	-7.48375627286689e-08
	-6.060244926806744e-08
	-4.350670266277431e-08
	-2.944556437791597e-08
	-1.945504518779051e-08
	-9.504544236173606e-09
	3.566950905734215e-09
	1.378852765455502e-08
	1.523537316648073e-08
	8.674966456709477e-09
	1.94819336219438e-10
	-1.83355083840936e-09
	5.547172815094026e-09
	1.499678736798085e-08
	1.80575124372192e-08
	1.419009290784616e-08
	1.266005959410658e-08
	2.249969135109349e-08
	4.219398552699243e-08
	6.061789700896949e-08
	6.95946838603917e-08
	6.827683158302345e-08
	5.777899872292231e-08
	4.145083311714607e-08
	2.671845103428611e-08
	2.024984433992931e-08
	2.342328116794782e-08
	3.15430629759922e-08
	3.687676089656492e-08
	3.312404220968945e-08
	1.964261466961484e-08
	1.075593726701448e-09
	-1.622643942969191e-08
	-2.813853046240644e-08
	-3.512725494103688e-08
	-3.874156018270715e-08
	-3.951810376461034e-08
	-3.741725863954213e-08
	-3.410736573717965e-08
	-3.408976517564516e-08
	-3.981002508222455e-08
	-4.75622028043884e-08
	-5.234329943922501e-08
	-5.429524711915746e-08
	-5.398807119085244e-08
	-5.184630885099564e-08
	-4.878684915659962e-08
	-4.483568144904916e-08
	-4.079864474380463e-08
	-4.014563536432497e-08
	-4.461284918961476e-08
	-5.078263217800788e-08
	-5.364779839773466e-08
	-5.306175338408535e-08
	-5.155815582348523e-08
	-5.215556113098919e-08
	-5.508737478648712e-08
	-5.801320856349264e-08
	-6.186827091898626e-08
	-6.675567971587989e-08
	-6.823112645265007e-08
	-6.385535785427984e-08
	-5.795858052171716e-08
	-5.362096740234351e-08
	-4.964714560133337e-08
	-4.541271974641301e-08
	-4.219585520577681e-08
	-4.129221656976205e-08
	-4.129790779913521e-08
	-4.05784470305188e-08
	-3.799981362052831e-08
	-3.476158670547274e-08
	-3.266858049231027e-08
	-3.215157781330366e-08
	-3.277429443298297e-08
	-3.370871746209712e-08
	-3.442787670546131e-08
	-3.525043081400356e-08
	-3.761099476825139e-08
	-4.324643870284087e-08
	-4.979105156452594e-08
	-5.438887833692334e-08
	-5.714202316179208e-08
	-5.831074059211286e-08
	-5.958493195064501e-08
	-5.941811147667783e-08
	-5.546664318650754e-08
	-5.310417777869806e-08
	-5.809000369228317e-08
	-6.767075979844025e-08
	-7.482282284180073e-08
	-7.74674711132917e-08
	-7.85410957303271e-08
	-7.844879669818557e-08
	-7.49848668209871e-08
	-6.91010009649289e-08
	-6.403438147795444e-08
	-6.186741938970675e-08
	-6.175923387392402e-08
	-6.047562956699513e-08
	-5.625922476253115e-08
	-4.928712995222201e-08
	-4.050073541506025e-08
	-3.064417966273631e-08
	-2.187772535066327e-08
	-1.564044399294903e-08
	-9.892447090160141e-09
	-3.117377342053665e-09
	6.9066601855067e-09
	2.025443600340253e-08
	3.456544977176691e-08
	4.700364865429616e-08
	5.700659359772687e-08
	6.166860139643077e-08
	5.493200187472841e-08
	3.84708325118288e-08
	2.431451530899956e-08
	2.095971345236809e-08
	2.854255311879937e-08
	3.816896286546933e-08
	3.784997697596548e-08
	2.596990964937863e-08
	1.200025695143078e-08
	5.788098489703134e-09
	7.595575660937606e-09
	1.385384494873935e-08
	2.019944643665135e-08
	2.345409525859783e-08
	2.415827584348808e-08
	2.357368090523666e-08
	2.203698991655688e-08
	1.899931581558795e-08
	1.413627085451559e-08
	1.110674441112143e-08
	8.119975665434109e-09
	5.577751797234896e-09
	6.368873033943546e-09
	9.642158540951626e-09
	1.35632683521944e-08
	1.691860629227956e-08
	1.918974146325731e-08
	2.009735625393643e-08
	1.996705069666071e-08
	1.858217725734706e-08
	1.707017882961742e-08
	1.728406084866734e-08
	1.746714949518998e-08
	1.558655971855492e-08
	1.145574120513168e-08
	4.781660964389883e-09
	-2.764872781653104e-09
	-7.102719162726423e-09
	-6.177536774280981e-09
	-1.306385281883546e-09
	2.861242034995574e-09
	-2.352708788662751e-09
	-1.892768395816533e-08
	-3.825377783965541e-08
	-5.152889679077243e-08
	-5.576380162029257e-08
	-5.13686741013039e-08
	-4.430051427430394e-08
	-4.435884967323404e-08
	-5.323281755754822e-08
	-6.202440332778198e-08
	-6.418128325471789e-08
	-6.30580385240551e-08
	-6.503984270681165e-08
	-7.038271213567509e-08
	-7.531434067571618e-08
	-7.697503762801159e-08
	-7.566958908907844e-08
	-7.267427566303236e-08
	-7.025521224696701e-08
	-7.054756238728417e-08
	-7.374241260611931e-08
	-7.803685203116871e-08
	-8.045486075220352e-08
	-7.882138141878968e-08
	-7.414574898888551e-08
	-6.762408519452014e-08
	-6.068594641905333e-08
	-5.429098612949124e-08
	-5.064665886064313e-08
	-5.228254377400005e-08
	-5.797105552587036e-08
	-6.351148760926892e-08
	-6.591849113899825e-08
	-6.470777560470473e-08
	-6.112480289610326e-08
	-5.830442332579751e-08
	-5.990956228049018e-08
	-6.343785296634692e-08
	-6.517714911383931e-08
	-6.323354495283474e-08
	-5.822597952554287e-08
	-5.282632643804297e-08
	-4.720427878990028e-08
	-4.130543259409832e-08
	-3.451866578168611e-08
	-2.604634325214572e-08
	-1.425881892244914e-08
	1.096885072801188e-09
	1.865823960474911e-08
	3.5610784675745e-08
	4.662155056395738e-08
	4.976531165356944e-08
	4.933228434683749e-08
	4.749223606912957e-08
	4.385839881099614e-08
	3.965554810110234e-08
	3.747630453454019e-08
	3.647226827510179e-08
	3.359216289661884e-08
	2.703178666634276e-08
	1.809268608735226e-08
	9.964472170223436e-09
	4.869262926684008e-09
	3.12790660465418e-09
	3.718784523189152e-09
	3.985817127537698e-09
	2.65352545951447e-10
	-7.419735695327837e-09
	-1.546008607440658e-08
	-2.142873106441736e-08
	-2.306976318980453e-08
	-2.168240318334478e-08
	-1.884838693834893e-08
	-1.386003654229347e-08
	-4.88556569198582e-09
	5.585734628372239e-09
	1.362294047256325e-08
	1.681947396525775e-08
	1.643751763690061e-08
	1.674975211153914e-08
	1.962257959811489e-08
	2.344264279337842e-08
	2.669011390423434e-08
	2.811312729997898e-08
	2.810080105886742e-08
	2.631983552610656e-08
	2.323963434721338e-08
	2.221896804870259e-08
	2.653516829804305e-08
	3.315194949020811e-08
	3.402315613124666e-08
	2.782550213145678e-08
	1.943653768529644e-08
	1.313832623834089e-08
	9.627170441847384e-09
	6.924935154846515e-09
	5.847355823109915e-09
	7.394421711708946e-09
	1.241031068365579e-08
	1.611254603973138e-08
	1.461579640975531e-08
	9.884108378128454e-09
	2.4501281867145e-09
	-8.405876994806354e-09
	-2.297080788319734e-08
	-3.721273530556671e-08
	-4.861715589061271e-08
	-5.508165964146639e-08
	-5.646311314338928e-08
	-5.501791606247189e-08
	-5.334568553122177e-08
	-5.384348483768373e-08
	-5.793353141406106e-08
	-6.397959044851174e-08
	-6.889973815764374e-08
	-7.056724031876287e-08
	-6.878795036653682e-08
	-6.477158108229909e-08
	-5.718519429054497e-08
	-4.568781743551283e-08
	-3.157941116788165e-08
	-1.678191968448746e-08
	-4.694602809860813e-09
	4.529766203732826e-09
	1.360151326225878e-08
	2.177751875970647e-08
	2.561400357296586e-08
	2.304060936542697e-08
	1.64450394552727e-08
	9.161558315414077e-09
	2.028928971239874e-09
	-2.881160920099951e-09
	-7.232381960680299e-09
	-1.535814002870198e-08
	-2.893406379709071e-08
	-4.545015943480984e-08
	-6.131424651603082e-08
	-7.588207885769617e-08
	-8.949296253556661e-08
	-1.022355719049426e-07
	-1.146687948960258e-07
	-1.272833026399481e-07
	-1.395502465103525e-07
	-1.502465159977857e-07
	-1.572403849564325e-07
	-1.590085482162328e-07
	-1.570247328366617e-07
	-1.552447684914652e-07
	-1.572510431728989e-07
	-1.617659323128398e-07
	-1.63358662095823e-07
	-1.588393384364469e-07
	-1.494983201294932e-07
	-1.402015113715206e-07
	-1.339742990246933e-07
	-1.300448626476413e-07
	-1.265550506149254e-07
	-1.21672969273975e-07
	-1.15758213082251e-07
	-1.110845545376111e-07
	-1.086065537893445e-07
	-1.066435949898782e-07
	-1.023173607590694e-07
	-9.185394485093788e-08
	-7.518599759461547e-08
	-5.765882336509819e-08
	-4.551834022893335e-08
	-3.814975295988066e-08
	-3.161669167974809e-08
	-2.451682849330988e-08
	-1.811918847767974e-08
	-1.245607864913095e-08
	-4.071782316851134e-09
	8.90102293429088e-09
	2.351536690313221e-08
	3.709399949060631e-08
	4.791029804990905e-08
	5.204487582292317e-08
	4.857737451960406e-08
	4.16852046972482e-08
	3.69282042844083e-08
	3.925683360140765e-08
	4.972015783528816e-08
	6.474043141777434e-08
	7.903836905542263e-08
	8.781316420487451e-08
	8.390804058574758e-08
	7.002075750673359e-08
	5.971589691108616e-08
	6.096773255594683e-08
	7.045351104480745e-08
	8.02501584621182e-08
	8.4335286210705e-08
	8.232168308574749e-08
	7.845269033913158e-08
	7.621205199637963e-08
	7.647313354277516e-08
	7.60916660223408e-08
	7.256601744607242e-08
	6.75906207843497e-08
	6.359832675776552e-08
	6.195831588913928e-08
	6.150393960151608e-08
	6.184407484579719e-08
	6.473191165280207e-08
	6.901146614173824e-08
	7.352095327319412e-08
	7.928734640947857e-08
	8.660121576915215e-08
	9.369241835079987e-08
	9.375985625808879e-08
	8.311505606438814e-08
	6.999694332606386e-08
	6.536762586230662e-08
	7.097437889093664e-08
	8.179721007790487e-08
	8.396022863653834e-08
	7.493168244776276e-08
	6.092178997898231e-08
	4.851836442003706e-08
	3.963549180274401e-08
	3.126045182698039e-08
	2.172942095067229e-08
	1.314092314260497e-08
	8.480653179788234e-09
	9.087525664926641e-09
	1.303498998620643e-08
	1.728027319327168e-08
	1.984771188017788e-08
	1.922288003582536e-08
	1.410946422188765e-08
	5.845751395131872e-09
	-6.705006690998887e-09
	-2.03327550952138e-08
	-3.154562397590577e-08
	-3.953052863799804e-08
	-4.215679320521969e-08
	-3.870653408017698e-08
	-3.164805143869853e-08
	-2.375413835544894e-08
	-1.783241579708408e-08
	-1.643207658090361e-08
	-2.151273523528864e-08
	-3.135883553671893e-08
	-4.409475764487172e-08
	-5.615957394033215e-08
	-6.546826858370938e-08
	-7.146323625968915e-08
	-7.484546021612989e-08
	-7.712101491400963e-08
	-7.859684418602986e-08
	-8.205166560722774e-08
	-9.206962013927719e-08
	-1.059802914279796e-07
	-1.163566916288493e-07
	-1.219470389458567e-07
	-1.266509543785636e-07
	-1.331668448271659e-07
	-1.369529443308021e-07
	-1.35539697775773e-07
	-1.32401887348287e-07
	-1.303629603449956e-07
	-1.284146628850838e-07
	-1.252500258198837e-07
	-1.205644255091416e-07
	-1.1573065250264e-07
	-1.131637293792396e-07
	-1.127297205872594e-07
	-1.109930152488703e-07
	-1.058938582542509e-07
	-9.873400989252493e-08
	-9.173525006475608e-08
	-8.731316527213089e-08
	-8.693351288532195e-08
	-8.914420988559109e-08
	-8.976248399184664e-08
	-8.620634647388114e-08
	-8.051340607846546e-08
	-7.718881143922108e-08
	-7.770464851367679e-08
	-7.857832052245901e-08
	-7.537723455890324e-08
	-6.638054885581688e-08
	-5.344309365938653e-08
	-3.894550345573503e-08
	-2.131951920111471e-08
	-1.501641625838147e-09
	1.921276778150308e-08
	3.85613789847759e-08
	4.725820690656292e-08
	4.490105973668909e-08
	2.984591399701111e-08
	2.245995540262446e-08
	3.440599926745398e-08
	5.93908961385899e-08
	8.34290913182204e-08
	9.496197165392331e-08
	9.584737550891421e-08
	8.960941642149112e-08
	7.658634492626136e-08
	5.955081829644451e-08
	4.293408541349276e-08
	3.025674913797433e-08
	2.374412237941925e-08
	2.384027452753876e-08
	2.978630937911833e-08
	3.68164390745873e-08
	3.883455120350686e-08
	3.418922133005462e-08
	2.643384478031466e-08
	1.930173944495831e-08
	1.303220849493664e-08
	7.472665103895904e-09
	2.936668026779116e-09
	-1.693605432541215e-10
	-1.458595179876578e-09
	-2.058515017047024e-09
	-1.920083193121317e-09
	6.174942814474947e-10
	5.510686533029161e-09
	1.173319462593562e-08
	1.654278371588214e-08
	1.652407737665829e-08
	1.327906851911519e-08
	1.191388047300755e-08
	1.567850005813622e-08
	2.398622439395255e-08
	3.28198739902574e-08
	3.461455436614305e-08
	2.649783828261268e-08
	1.221922178946588e-08
	-2.974561925728348e-09
	-1.689330519576882e-08
	-2.916072620257439e-08
	-3.926398461290574e-08
	-4.469174608229637e-08
	-4.504264333018023e-08
	-4.155405992853515e-08
	-3.636454077109031e-08
	-3.299819475985715e-08
	-3.192256404246925e-08
	-3.052823963532371e-08
	-2.942380396920607e-08
	-3.129831472807738e-08
	-3.193643848178618e-08
	-2.696388316035655e-08
	-1.933111878981795e-08
	-1.283095565136505e-08
	-8.928707590622663e-09
	-5.679397404421873e-09
	6.405033878639858e-10
	1.076294087476731e-08
	2.333760914254222e-08
	3.799742970629769e-08
	5.365419794166983e-08
	6.60760008057805e-08
	7.252693133743769e-08
	7.316151967485479e-08
	6.898359442870165e-08
	6.103449090846737e-08
	5.477114504440806e-08
	6.098403187890599e-08
	7.668150277286949e-08
	9.498086914540125e-08
	1.052329410260774e-07
	1.010550465469769e-07
	9.72188160810673e-08
	1.005761971978825e-07
	1.081661057577942e-07
	1.129551978764892e-07
	1.124527220803941e-07
	1.08711750751099e-07
	1.04009574324225e-07
	9.943651501678259e-08
	9.39572410589386e-08
	8.842100971198114e-08
	8.577040815911359e-08
	8.508208745897922e-08
	8.137097189272635e-08
	6.839305918735675e-08
	4.589304078157972e-08
	2.339164362532955e-08
	1.141954750152603e-08
	8.698417776568329e-09
	2.686637724387472e-09
	-1.189983522328836e-08
	-2.920342126996526e-08
	-4.309885495140754e-08
	-5.27321228344444e-08
	-5.893253853656544e-08
	-6.037871718541154e-08
	-5.730321660581205e-08
	-5.218960173681071e-08
	-4.942173138334065e-08
	-5.195162835370521e-08
	-5.662396741315987e-08
	-6.040784312884751e-08
	-6.696721333181343e-08
	-8.036621735697734e-08
	-9.743701505765124e-08
	-1.119976401537043e-07
	-1.207640745745525e-07
	-1.24619751472424e-07
	-1.25324854457259e-07
	-1.25118714267518e-07
	-1.262456460596472e-07
	-1.322506057401885e-07
	-1.459233659514969e-07
	-1.635202332422561e-07
	-1.724170852025886e-07
	-1.651101494243672e-07
	-1.51628242732035e-07
	-1.475862225272972e-07
	-1.580356346655934e-07
	-1.766844861269189e-07
	-1.913347273317883e-07
	-1.917895061597702e-07
	-1.795776806253276e-07
	-1.622199576324778e-07
	-1.429811585788061e-07
	-1.234866926596961e-07
	-1.087497626675549e-07
	-1.02294191365496e-07
	-1.039635162156692e-07
	-1.102443662069763e-07
	-1.150359865804859e-07
	-1.13876209329131e-07
	-1.077751947613825e-07
	-1.007965958004228e-07
	-9.401169736807832e-08
	-8.605235018763911e-08
	-7.82295624472482e-08
	-7.257676736851987e-08
	-6.861008874712232e-08
	-6.422037625095437e-08
	-5.915427599504484e-08
	-5.468843641506832e-08
	-5.080293278117316e-08
	-4.663999924930518e-08
	-4.279875831048799e-08
	-3.836952845598356e-08
	-3.157129071858154e-08
	-2.171777546229832e-08
	-1.016264181802887e-08
	1.954770196918281e-09
	1.464272266489678e-08
	2.675146554970718e-08
	3.534207095606584e-08
	3.815143071259079e-08
	3.70608803097499e-08
	3.593339281584263e-08
	3.645969683283085e-08
	3.925895063657731e-08
	4.627300271967628e-08
	5.74216102876531e-08
	6.964844902015685e-08
	7.8730519355776e-08
	7.968476733479052e-08
	7.185134383858093e-08
	5.969058192610534e-08
	4.952999116972394e-08
	4.503570229201181e-08
	4.289954180710773e-08
	3.83073438649312e-08
	3.064669600388265e-08
	2.261729130515626e-08
	1.803359882985255e-08
	1.641758916681549e-08
	1.397556672440731e-08
	7.534655519437241e-09
	-2.366067815505121e-10
	-6.565004153230221e-09
	-1.184148606493361e-08
	-1.835430024893033e-08
	-2.494873952298872e-08
	-2.839601362114426e-08
	-2.798520996269015e-08
	-2.600276875866325e-08
	-2.634016227526502e-08
	-3.012196658256245e-08
	-3.53027348821022e-08
	-3.957429619760271e-08
	-4.210403801695946e-08
	-4.33420518274138e-08
	-4.341101633111449e-08
	-4.162885418862353e-08
	-4.135716668156944e-08
	-4.452971409897198e-08
	-4.639514478879998e-08
	-4.545720441307017e-08
	-4.380937772063568e-08
	-4.383110823247855e-08
	-4.434617138332736e-08
	-4.248639179817424e-08
	-3.678713308300328e-08
	-2.725833786454946e-08
	-1.74745531306438e-08
	-1.100554551833296e-08
	-8.505707382358265e-09
	-6.795070032951347e-09
	-3.26368089982574e-09
	2.136369266588894e-09
	8.168964856295036e-09
	1.121639294874633e-08
	1.218636062536065e-08
	1.425588936230221e-08
	1.681395367990405e-08
	1.959291611606718e-08
	2.539916946385188e-08
	3.647379925181302e-08
	5.2108505624176e-08
	6.928330189156592e-08
	8.278439106196415e-08
	8.778926991898292e-08
	8.671484258774444e-08
	8.353687767621977e-08
	8.029606496030733e-08
	7.967056387125402e-08
	8.16598156938708e-08
	8.562561582205856e-08
	8.923724527103466e-08
	9.049459118422999e-08
	8.673189860727806e-08
	7.534108204683546e-08
	5.946366227357033e-08
	4.249154920925776e-08
	2.660767882201464e-08
	1.295623541017946e-08
	3.108554423225501e-09
	-1.996891110111575e-09
	-5.008160087922999e-09
	-8.248140137127001e-09
	-1.504938509594768e-08
	-2.63843794957374e-08
	-4.031548755708856e-08
	-5.590298582986347e-08
	-7.070890455743258e-08
	-8.192786003273537e-08
	-9.303588882341549e-08
	-1.0565620205689e-07
	-1.170800895881074e-07
	-1.263621045729991e-07
	-1.327570364765902e-07
	-1.339428950887512e-07
	-1.28513661875765e-07
	-1.165818441777169e-07
	-1.019460123713747e-07
	-9.074267210381888e-08
	-8.461558824712912e-08
	-7.879901920277579e-08
	-6.988214533524201e-08
	-5.63874546054264e-08
	-4.203227749691752e-08
	-3.567263460069221e-08
	-3.568399337391262e-08
	-3.25409302057198e-08
	-2.066295853471902e-08
	-1.942326694721731e-09
	1.612513810744969e-08
	2.514001858687209e-08
	2.419296932015049e-08
	1.955633685886077e-08
	1.634078305146543e-08
	1.863524039220431e-08
	2.781008960062887e-08
	4.050637345308398e-08
	5.267339187863933e-08
	6.249024639697354e-08
	7.038408191446862e-08
	7.760651635896243e-08
	8.383286632211055e-08
	8.736041292988603e-08
	8.727119264938837e-08
	8.357953056985264e-08
	7.663757652943177e-08
	7.036418727397134e-08
	7.208485724038903e-08
	8.461135821737042e-08
	1.041802073987533e-07
	1.182603911800936e-07
	1.16371890507489e-07
	1.011612189147522e-07
	8.059683748882092e-08
	6.291507130733608e-08
	5.272770293659937e-08
	4.814794757670651e-08
	4.558626709943137e-08
	4.376457435623796e-08
	4.438981595864658e-08
	4.886333404555768e-08
	5.509448588169789e-08
	5.920092251140074e-08
	5.801673183885703e-08
	5.075409103202029e-08
	4.044767264208843e-08
	3.05835016503593e-08
	2.458590943886831e-08
	2.679223244626431e-08
	3.426185274928972e-08
	3.864498068546598e-08
	3.344489283909292e-08
	1.970156043368939e-08
	2.562718118251826e-09
	-1.298948801991605e-08
	-2.437774879283165e-08
	-3.242953880429969e-08
	-3.860938578576232e-08
	-4.410232851119136e-08
	-4.877103189396062e-08
	-5.308769258964192e-08
	-5.570735962166984e-08
	-5.821030685768316e-08
	-6.396960887609407e-08
	-7.238010737168986e-08
	-7.858174870282413e-08
	-7.964418673611565e-08
	-7.848413349553609e-08
	-7.781988210315331e-08
	-7.906805802964474e-08
	-8.236695996387272e-08
	-8.54602846451755e-08
	-8.837319753061762e-08
	-9.160149364002683e-08
	-9.525828815585748e-08
	-9.569055443950228e-08
	-9.2352711378921e-08
	-8.707698139805921e-08
	-8.238173100015512e-08
	-8.167159879494622e-08
	-8.36297771201508e-08
	-8.420432337907537e-08
	-8.164974707411054e-08
	-7.748542710895816e-08
	-7.485226200372688e-08
	-7.299771700032552e-08
	-6.874441720480471e-08
	-6.10830862237879e-08
	-5.634373442430717e-08
	-5.976103046586709e-08
	-6.530046499416867e-08
	-6.642086879665461e-08
	-6.298384124561587e-08
	-5.684582374670132e-08
	-4.776260451497892e-08
	-3.571859129674176e-08
	-2.537513774006688e-08
	-2.644956041533525e-08
	-3.908244027569381e-08
	-5.211294200289622e-08
	-5.878241227979716e-08
	-5.961316546492489e-08
	-5.69953461841425e-08
	-5.358340904878573e-08
	-4.982873257688751e-08
	-4.907389260603416e-08
	-5.095958840981528e-08
	-5.273079094517383e-08
	-5.227854411185095e-08
	-5.208239086052391e-08
	-5.504146686193144e-08
	-5.909194397847631e-08
	-5.939931473417981e-08
	-5.276380525144288e-08
	-4.055103290257591e-08
	-2.847977422584124e-08
	-2.213678164525112e-08
	-2.4964706910691e-08
	-3.458975624983107e-08
	-4.580829398882281e-08
	-5.213782454527544e-08
	-4.959380396024692e-08
	-4.056915694828039e-08
	-2.857247511400188e-08
	-1.598516662160508e-08
	-5.038683937840601e-09
	1.475857222498526e-09
	2.097438779178132e-09
	-5.983033746758951e-10
	-1.781228296232708e-09
	2.016363929151614e-09
	1.016606030083726e-08
	1.88660747394592e-08
	2.312308139857008e-08
	2.284572789380434e-08
	2.110843521063573e-08
	2.178588809426362e-08
	2.706302465930343e-08
	3.633582807353856e-08
	4.544285906949886e-08
	5.037006600362772e-08
	4.976517591966837e-08
	4.501067683405032e-08
	3.895968212324957e-08
	3.260024149359097e-08
	2.642532508562729e-08
	1.95647461274342e-08
	1.289367562829811e-08
	1.323866313495927e-08
	2.191577793383301e-08
	3.385534204724863e-08
	4.322945518294206e-08
	4.452958521872762e-08
	3.947564492144519e-08
	3.569340655542043e-08
	3.660732134408639e-08
	3.957360460792183e-08
	4.22732409165368e-08
	4.180544752520003e-08
	3.818183400082078e-08
	3.49200569343821e-08
	3.514258475205752e-08
	3.802408976183143e-08
	4.013014155548343e-08
	4.181550484720062e-08
	4.478917796758706e-08
	4.699211878063114e-08
	4.54212049341394e-08
	4.028129138372368e-08
	3.387306304045542e-08
	2.838441630494818e-08
	2.600183350563487e-08
	2.410390312202197e-08
	1.842330618146453e-08
	8.92417639635432e-09
	-1.230271651779381e-09
	-6.991660228062314e-09
	-6.545297403777297e-09
	-4.065814215586745e-09
	-4.485659308290905e-09
	-1.137424012487096e-08
	-2.205063565009869e-08
	-3.032413528662129e-08
	-3.471006830393942e-08
	-3.888462622287003e-08
	-4.696302878728744e-08
	-5.711856835360589e-08
	-6.603008628137459e-08
	-7.413840503496392e-08
	-8.206085682888273e-08
	-8.765991999624654e-08
	-9.051724686646402e-08
	-9.330756567138874e-08
	-9.851209386181444e-08
	-1.040641530130446e-07
	-1.092260728633761e-07
	-1.143079574844531e-07
	-1.195340989396059e-07
	-1.255556066025777e-07
	-1.317935765226591e-07
	-1.349640969012544e-07
	-1.32899950562045e-07
	-1.274790685956885e-07
	-1.21454235954365e-07
	-1.174931566187753e-07
	-1.158327319379388e-07
	-1.143345970489368e-07
	-1.115131299041696e-07
	-1.074004071464769e-07
	-1.016971762055864e-07
	-9.527725925905572e-08
	-8.815460089630642e-08
	-8.00382427667393e-08
	-7.076670807798259e-08
	-5.995805503573506e-08
	-4.820071699302502e-08
	-3.570023944088203e-08
	-2.143008226191784e-08
	-5.861794299151254e-09
	1.005347567397826e-08
	2.569338379871716e-08
	4.082726114894305e-08
	5.455820750478659e-08
	6.492015293500789e-08
	7.106433393646554e-08
	7.410722464654059e-08
	7.607413330408466e-08
	7.785401257460851e-08
	7.985387368227567e-08
	8.22664913359015e-08
	8.526649965237398e-08
	8.94186198438161e-08
	9.602509432398279e-08
	1.038186856367754e-07
	1.085348659589174e-07
	1.113297587444728e-07
	1.104524482249695e-07
	1.048167140125769e-07
	1.007070508589826e-07
	1.006896749074211e-07
	1.032369291923799e-07
	1.055223711436125e-07
	1.05291149095613e-07
	1.003069393677972e-07
	8.914916097688458e-08
	7.377857939748872e-08
	5.844802231969537e-08
	4.69444132258463e-08
	3.895471743914334e-08
	3.24096468656596e-08
	2.741433361198443e-08
	2.484986121972065e-08
	2.731812002223052e-08
	3.486806609462906e-08
	4.306396379081404e-08
	4.363633960112729e-08
	2.995322764475068e-08
	6.263897933597934e-09
	-1.593846409304909e-08
	-3.039016450900024e-08
	-3.392306046868488e-08
	-3.318729794351326e-08
	-3.539608143718286e-08
	-4.01403735232735e-08
	-4.604200733395711e-08
	-5.016140064081461e-08
	-5.547750498805645e-08
	-6.647379117556943e-08
	-7.899308742620002e-08
	-8.832018472760337e-08
	-9.279907920286302e-08
	-9.261866230657462e-08
	-8.704513543986042e-08
	-7.898745580096297e-08
	-7.206722159278909e-08
	-6.842107477667281e-08
	-7.010194993195836e-08
	-7.912724452247299e-08
	-9.223049352210907e-08
	-9.998415523481169e-08
	-1.000256989679103e-07
	-9.499408697978805e-08
	-8.828508169824484e-08
	-8.175385033334569e-08
	-7.510499234206464e-08
	-6.373368486659586e-08
	-4.669539329140875e-08
	-2.932780163329584e-08
	-1.799629429557658e-08
	-1.581822068689256e-08
	-1.914585384522249e-08
	-2.238446601742793e-08
	-2.415050748829807e-08
	-2.452416173872396e-08
	-2.155389401943794e-08
	-9.507535589210273e-09
	1.109740298023204e-08
	2.859496283371913e-08
	3.866637879174701e-08
	4.077110180018717e-08
	3.605895548549415e-08
	2.723178438110347e-08
	1.682055199369077e-08
	9.860030707213273e-09
	1.126101504430166e-08
	2.050503845707234e-08
	2.940976630202897e-08
	3.013870155739087e-08
	2.343540754968053e-08
	1.667540147406654e-08
	1.727822044318365e-08
	2.527818793028454e-08
	3.408783866290576e-08
	3.849319803988348e-08
	3.891918990645925e-08
	3.761341008225037e-08
	3.752785554193407e-08
	3.959066045808351e-08
	4.203353014977861e-08
	4.105544736577445e-08
	3.660455855695838e-08
	3.409088803356647e-08
	3.389191072197344e-08
	3.391193002057908e-08
	3.370127442145458e-08
	3.284539903402284e-08
	3.230154750324027e-08
	3.199271540001947e-08
	2.972940734542856e-08
	2.307392235310395e-08
	1.176841231840137e-08
	-2.561909313635932e-09
	-1.737390482477068e-08
	-3.083259162502443e-08
	-4.184924938058381e-08
	-5.312609760501678e-08
	-6.672158063975658e-08
	-8.105787665115568e-08
	-9.335849194019043e-08
	-1.036889081097938e-07
	-1.132061798999801e-07
	-1.231303528960992e-07
	-1.330396835578854e-07
	-1.416491547590664e-07
	-1.472865584532812e-07
	-1.494861896989847e-07
	-1.480034806506591e-07
	-1.435299924951708e-07
	-1.400285319557251e-07
	-1.377167501117664e-07
	-1.343066412334616e-07
	-1.289694312611235e-07
	-1.224538709804181e-07
	-1.143478492192099e-07
	-1.048374100874707e-07
	-9.571073474251278e-08
	-8.734375997688949e-08
	-7.645810542221271e-08
	-5.91845408985358e-08
	-3.597534044898025e-08
	-1.303067339971239e-08
	4.504196081074467e-09
	1.500214611263766e-08
	2.123179773923744e-08
	2.671186672490248e-08
	3.412129740569564e-08
	4.550769313122891e-08
	5.896094431870527e-08
	7.015839819441446e-08
	7.725208771318395e-08
	8.339274698110711e-08
	9.447089577773607e-08
	1.113834863831809e-07
	1.320895217077406e-07
	1.486143886738855e-07
	1.532166558899533e-07
	1.479773034575804e-07
	1.377119550638464e-07
	1.250512037563589e-07
	1.143565645926147e-07
	1.063797994933523e-07
	1.001255856527083e-07
	9.371820830342792e-08
	8.397557477756883e-08
	7.123783624818435e-08
	5.90827197892003e-08
	4.70573158608797e-08
	3.318268743619287e-08
	1.774022826391858e-08
	3.255889944517371e-09
	-8.77065809642511e-09
	-1.997545092897222e-08
	-2.95637327301353e-08
	-3.506934103949749e-08
	-3.630583855972048e-08
	-3.615104412716366e-08
	-3.750866277070235e-08
	-4.248798241117973e-08
	-5.344127014148331e-08
	-6.565153803173048e-08
	-7.588129122754853e-08
	-8.323545733609257e-08
	-8.993183824772427e-08
	-9.599523020712206e-08
	-9.862401847770352e-08
	-9.554259658427757e-08
	-9.026381642184662e-08
	-8.76770940446345e-08
	-8.747017376055241e-08
	-8.596194722025212e-08
	-8.36162004540109e-08
	-8.363923789394096e-08
	-8.406883054036164e-08
	-8.333500455056603e-08
	-8.184348475761981e-08
	-7.874519640144718e-08
	-7.481549503663834e-08
	-7.224492108672204e-08
	-7.25081934534969e-08
	-7.531970185557709e-08
	-7.79127698014327e-08
	-7.962460596618257e-08
	-8.398249511125029e-08
	-9.258253349098732e-08
	-9.949045888430651e-08
	-1.035162313278699e-07
	-1.053194191467346e-07
	-1.068705777968934e-07
	-1.130848432457114e-07
	-1.178490700369612e-07
	-1.134135807407077e-07
	-1.085223574932167e-07
	-1.113358021078133e-07
	-1.173064940790624e-07
	-1.202619354220486e-07
	-1.210005807499432e-07
	-1.222392683531184e-07
	-1.238242693027034e-07
	-1.211660551206139e-07
	-1.119457809952723e-07
	-1.01227536687525e-07
	-9.526158656899457e-08
	-9.723482166452612e-08
	-1.048748931885223e-07
	-1.141647721619177e-07
	-1.204459213886224e-07
	-1.208441574015288e-07
	-1.164041687998768e-07
	-1.104418815604878e-07
	-1.070506648245623e-07
	-1.063848951922401e-07
	-1.04685851461634e-07
	-9.991616282590637e-08
	-9.075683176624544e-08
	-7.750483467209896e-08
	-6.432127017136933e-08
	-5.622081082612e-08
	-5.724234279601433e-08
	-6.456697308379896e-08
	-6.70081970524434e-08
	-5.687938537324847e-08
	-3.719320192520467e-08
	-1.49357514224285e-08
	3.636460428929389e-09
	1.482136172548794e-08
	1.89120876413872e-08
	1.947159634545124e-08
	1.872482840911496e-08
	1.525043014197551e-08
	1.144525079564611e-08
	1.125041793074955e-08
	1.686595081141673e-08
	2.911660625475868e-08
	4.620842763354645e-08
	6.046185136355238e-08
	6.527179164144233e-08
	5.885574847724909e-08
	4.715812752563331e-08
	3.870235170238745e-08
	3.587816824061617e-08
	3.789697001921737e-08
	4.444335861768556e-08
	5.120499135618008e-08
	5.412010915564348e-08
	5.422006200521124e-08
	5.52443807817279e-08
	5.96595461798805e-08
	6.576841092947964e-08
	7.034332933156758e-08
	6.92809929240335e-08
	6.005142773689624e-08
	4.608845175655873e-08
	3.689040059097894e-08
	3.822453449786675e-08
	4.625851773500893e-08
	5.250465519155692e-08
	5.259308693740705e-08
	4.771245416527829e-08
	3.956798749090047e-08
	2.899227166166727e-08
	1.49819216009507e-08
	1.028140191537889e-09
	-7.59047897441414e-09
	-1.308426029952444e-08
	-1.842833718948114e-08
	-2.366974428222981e-08
	-2.862897409484659e-08
	-3.222062969634631e-08
	-3.317345230429413e-08
	-3.163103273100234e-08
	-2.894217627201882e-08
	-2.666315720972547e-08
	-2.374017757778016e-08
	-2.190921484069776e-08
	-2.405655800873548e-08
	-2.956870745636218e-08
	-3.366260476640677e-08
	-3.512635038985183e-08
	-3.846371376779755e-08
	-4.118099890470809e-08
	-4.108219968636783e-08
	-3.850084443422871e-08
	-3.430434080226922e-08
	-3.073892873933613e-08
	-2.80557649910293e-08
	-2.755399543134613e-08
	-2.902264469612178e-08
	-2.57752577346915e-08
	-1.666103559891664e-08
	-6.476185418342944e-09
	2.84344089927046e-09
	1.186364433134546e-08
	2.138039866122288e-08
	2.898153096331257e-08
	3.273097014830798e-08
	3.346780841772022e-08
	3.270573193390729e-08
	3.177317473940899e-08
	3.079172066109581e-08
	3.064928320807285e-08
	3.133402432069116e-08
	2.94590788678184e-08
	2.382940782975393e-08
	1.669028678375125e-08
	9.813714005548239e-09
	3.492267305995345e-09
	1.46805873309232e-09
	7.602558897574482e-09
	1.76999655121861e-08
	2.520632118552758e-08
	2.546049399037303e-08
	1.731959620401747e-08
	1.951113812386756e-09
	-1.617056315673863e-08
	-3.166414686264877e-08
	-4.164809840627613e-08
	-4.55498909845355e-08
	-4.824544966953451e-08
	-5.333229607023365e-08
	-6.229860034411223e-08
	-7.289323945416629e-08
	-7.913709115495139e-08
	-7.829153181197972e-08
	-7.55807415093479e-08
	-7.607865182054438e-08
	-7.958288535276261e-08
	-8.107121636749521e-08
	-7.842977034581258e-08
	-7.376395447295702e-08
	-7.118833888959605e-08
	-7.180606936739306e-08
	-7.438109055755071e-08
	-7.691760835547623e-08
	-7.708560701821851e-08
	-7.481504378588552e-08
	-7.172369836216317e-08
	-6.918507073042324e-08
	-6.744839030806271e-08
	-6.345442034001812e-08
	-5.563733060165469e-08
	-4.607197066228719e-08
	-3.802127208688673e-08
	-3.468539728556706e-08
	-3.401717915165285e-08
	-3.207851868637052e-08
	-2.634512893331342e-08
	-1.725170263261074e-08
	-6.882364597599549e-09
	4.102432823786145e-09
	1.645222314206618e-08
	3.16218857057611e-08
	4.558630979396061e-08
	5.000557814585741e-08
	4.310842145193062e-08
	3.363108613514358e-08
	2.743199625548722e-08
	2.597546706758393e-08
	3.053123395073139e-08
	3.482511773757726e-08
	3.54660045397472e-08
	3.676749105022156e-08
	4.078897409899507e-08
	4.320564375397286e-08
	3.870812944247883e-08
	2.605541776849196e-08
	1.132646574113841e-08
	2.730751550845922e-09
	-7.426462671441939e-10
	-1.045051662018952e-09
	3.288826189857181e-09
	1.161986774305171e-08
	2.200455546279876e-08
	3.18152803190003e-08
	3.73377277799507e-08
	3.882981417181132e-08
	3.75872104239928e-08
	2.791087455278055e-08
	6.528929348283187e-09
	-1.670697270674956e-08
	-3.331631641391549e-08
	-4.310023883914492e-08
	-4.853052328984427e-08
	-4.927545949830962e-08
	-4.911705595894478e-08
	-5.348055627315339e-08
	-6.098578999198011e-08
	-6.926296197722237e-08
	-7.46226102286542e-08
	-7.597526689143066e-08
	-7.477006300512737e-08
	-7.533845552302031e-08
	-7.924440615213705e-08
	-8.535729654983717e-08
	-9.050008428137955e-08
	-9.12309773108329e-08
	-8.810562913412045e-08
	-8.635351859589034e-08
	-8.868435409011312e-08
	-9.506844609986577e-08
	-1.040991174436983e-07
	-1.142858632085558e-07
	-1.238542307399764e-07
	-1.308062306628065e-07
	-1.348489287245706e-07
	-1.335110596306456e-07
	-1.300616868896907e-07
	-1.288427247550695e-07
	-1.278569533517169e-07
	-1.25138436491105e-07
	-1.231388781745612e-07
	-1.245702784663981e-07
	-1.306446698701521e-07
	-1.385875808867053e-07
	-1.449228837442146e-07
	-1.475454941132834e-07
	-1.449869845305434e-07
	-1.376696361750877e-07
	-1.264114355364832e-07
	-1.127254406145639e-07
	-9.858037962385532e-08
	-8.759233658311104e-08
	-8.186202458345586e-08
	-7.832674056566964e-08
	-7.11065182274558e-08
	-5.851048376624132e-08
	-4.223004726979767e-08
	-2.521992994749414e-08
	-1.225159237580373e-08
	-6.090841006264146e-09
	-4.137849865763068e-09
	-8.220132250276983e-10
	7.223277720598809e-09
	2.014289015093238e-08
	3.424110755251139e-08
	4.519112606635905e-08
	5.162536934004407e-08
	5.426777421313081e-08
	5.391626531938773e-08
	5.289086050457685e-08
	5.279691537047875e-08
	5.327490071855077e-08
	5.354106587842262e-08
	5.372873778256706e-08
	5.504349684186741e-08
	5.663526586512419e-08
	5.397315638525838e-08
	4.68314178784483e-08
	4.02532056219489e-08
	4.101018962585855e-08
	4.852107650782041e-08
	5.579880073843741e-08
	5.714715064361328e-08
	5.218821845122352e-08
	4.453702186274111e-08
	3.861314722563908e-08
	3.652764125154643e-08
	3.770505749559386e-08
	3.895532021691501e-08
	3.831294866459811e-08
	3.840352290481734e-08
	3.859845266534967e-08
	3.570904386753662e-08
	2.967050954039515e-08
	2.415042847103186e-08
	2.046776274825243e-08
	1.546913744299141e-08
	9.072918757788881e-09
	4.259814622170021e-09
	1.398857236990964e-09
	-7.941228331129401e-10
	-3.881510243219962e-09
	-9.001054391185317e-09
	-1.386106393628454e-08
	-1.426987904061143e-08
	-9.427004622228835e-09
	-5.562853711801838e-09
	-7.377353948524071e-09
	-1.422475595931281e-08
	-2.366954274694023e-08
	-3.449004403674872e-08
	-4.31462402333647e-08
	-4.600181976372376e-08
	-4.421554017986715e-08
	-4.211341769327172e-08
	-4.403702391032447e-08
	-4.802294759534151e-08
	-4.868526339117416e-08
	-4.539592585964973e-08
	-4.283952004060743e-08
	-4.475638799861762e-08
	-5.284272787352374e-08
	-6.347085407465903e-08
	-7.278083035401491e-08
	-8.010788892295159e-08
	-8.419334715147548e-08
	-8.47557923744089e-08
	-8.374798948961812e-08
	-8.178583436238271e-08
	-7.745284478788829e-08
	-7.43733590064929e-08
	-7.538371814332182e-08
	-7.830595279494475e-08
	-7.899967850084693e-08
	-7.543752941568829e-08
	-6.992483961369282e-08
	-6.793041815972379e-08
	-7.160550100932177e-08
	-7.717683974475612e-08
	-8.107812111143639e-08
	-8.415012081422859e-08
	-8.751547052578257e-08
	-8.994601675277952e-08
	-8.95577516281927e-08
	-8.357809430250055e-08
	-7.172672057480668e-08
	-6.259544225955529e-08
	-6.318338188818616e-08
	-6.914504693821367e-08
	-7.340844145651406e-08
	-7.466333235387047e-08
	-7.23158312210046e-08
	-6.515854708269937e-08
	-5.319278769977233e-08
	-3.784828797896027e-08
	-2.004954955570137e-08
	-1.526062273044111e-09
	1.387416962049739e-08
	2.281426918206435e-08
	2.649207123949182e-08
	2.642682533421516e-08
	2.237769781237933e-08
	1.688230063243176e-08
	1.443020522360539e-08
	1.581118255282696e-08
	2.130673992097476e-08
	3.093198979169572e-08
	3.940055914153874e-08
	4.408603714683766e-08
	5.058477454718188e-08
	5.88681067554712e-08
	6.331838964097614e-08
	6.218174723950358e-08
	5.960762045302189e-08
	5.854245135977993e-08
	6.016023877037994e-08
	6.375035850012751e-08
	6.372390481568469e-08
	5.928698319973061e-08
	5.414390741961622e-08
	4.877123623481076e-08
	4.443807956369052e-08
	4.458065771449372e-08
	4.808436504701746e-08
	5.0081051855338e-08
	4.846377453627605e-08
	4.245198956470003e-08
	3.100782047494224e-08
	1.740815655910432e-08
	7.147149243266153e-09
	3.890257829766024e-09
	5.964414167898199e-09
	7.639579144959615e-09
	5.095816227797029e-09
	5.607222472271046e-10
	-1.313285733057532e-09
	3.12501868416456e-10
	-1.746056009493749e-09
	-1.198344128263937e-08
	-2.832433280884396e-08
	-4.52230533657952e-08
	-5.711440143316001e-08
	-6.273509625095998e-08
	-6.453649309452392e-08
	-6.775289139864817e-08
	-7.602994516611356e-08
	-8.823722310818981e-08
	-1.022527504294885e-07
	-1.165365837230354e-07
	-1.303483536875785e-07
	-1.423816079292815e-07
	-1.51612708473015e-07
	-1.580560711776655e-07
	-1.598308144453276e-07
	-1.553531699266515e-07
	-1.448031834516482e-07
	-1.284590842186308e-07
	-1.093321514627695e-07
	-9.183525328627021e-08
	-8.00574219694637e-08
	-7.338513672796853e-08
	-6.606990879695206e-08
	-5.423060493582563e-08
	-3.78724338409969e-08
	-1.842214161995493e-08
	-4.713849560923228e-09
	-3.902786285627719e-09
	-1.013290557388315e-08
	-1.4942713345515e-08
	-1.640241566480208e-08
	-1.745323285227856e-08
	-2.022985316899193e-08
	-2.443151215485073e-08
