	9.51
	10.77
	11.87
	12.99
	14.08
	15.15
	16.28
	17.36
	18.48
	19.61
	20.7
	21.81
	22.88
	23.98
	25.1
	26.19
	27.31
	28.37
	29.53
	30.61
	31.7
	32.77
	33.91
	35.03
	36.07
	37.16
	38.26
	39.34
	40.41
	41.49
	42.64
	43.78
	44.87
	45.97
	47.08
	48.14
	49.22
	50.37
	51.45
	52.5
	53.59
	54.65
	55.72
	56.81
	57.91
	59.01
	60.07
	61.13
	62.19
	63.29
	64.36
	65.45999999999999
	66.52
	67.73999999999999
	68.81999999999999
	69.91
	70.98999999999999
	72.11
	73.18000000000001
	74.25
	75.36
	76.51000000000001
	77.59
	78.66
	79.73
	80.79000000000001
	81.84999999999999
	83.15000000000001
	84.20999999999999
	85.34
	86.41
	87.62
	88.7
	89.77
	90.83
	91.91
	93
	94.06
	95.15000000000001
	96.22
	97.31
	98.43000000000001
	99.51000000000001
	100.58
	101.66
	102.76
	103.84
	104.92
	105.99
	107.08
	108.15
	109.31
	110.38
	111.5
	112.57
	113.64
	114.7
	115.77
	116.85
	118.02
	119.14
	120.23
	121.34
	122.41
	123.64
	124.7
	125.78
	126.94
	128.05
	129.18
	130.25
	131.34
	132.41
	133.51
	134.58
	135.66
	136.76
	137.83
	138.92
	140
	141.06
	142.1
	143.22
	144.33
	145.44
	146.52
	147.68
	148.75
	149.82
	150.94
	152.02
	153.23
	154.28
	155.43
	156.61
	157.7
	158.76
	159.82
	160.95
	162.04
	163.12
	164.18
	165.25
	166.41
	167.5
	168.65
	169.83
	170.9
	172.04
	173.14
	174.3
	175.38
	176.44
	177.51
	178.58
	179.64
	180.7
	181.79
	182.86
	183.95
	185.07
	186.19
	187.28
	188.36
	189.47
	190.57
	191.65
	192.73
	193.85
	194.91
	195.97
	197.07
	198.35
	199.43
	200.54
	201.61
	202.71
	203.78
	204.89
	205.97
	207.06
	208.13
	209.21
	210.28
	211.36
	212.44
	213.53
	214.62
	215.69
	216.78
	217.88
	218.98
	220.05
	221.15
	222.22
	223.3
	224.39
	225.49
	226.57
	227.67
	228.72
	229.8
	230.93
	232
	233.06
	234.14
	235.21
	236.3
	237.38
	238.44
	239.52
	240.59
	241.67
	242.73
	243.84
	244.97
	246.16
	247.25
	248.35
	249.42
	250.52
	251.58
	252.65
	253.72
	254.8
	255.88
	257.03
	258.11
	259.18
	260.23
	261.31
	262.39
	263.51
	264.59
	265.64
	266.73
	267.85
	268.95
	270.01
	271.06
	272.14
	273.26
	274.33
	275.38
	276.47
	277.59
	278.67
	279.76
	280.87
	281.93
	282.99
	284.05
	285.14
	286.22
	287.28
	288.4
	289.49
	290.58
	291.64
	292.71
	293.77
	294.86
	295.92
	296.98
	298.06
	299.12
	300.19
	301.24
	302.31
	303.4
	304.46
	305.52
	306.65
	307.73
	308.81
	309.89
	310.97
	312.04
	313.16
	314.24
	315.34
	316.4
	317.46
	318.52
	319.62
	320.73
	321.82
	322.9
	323.97
	325.07
	326.13
	327.24
	328.31
	329.38
	330.45
	331.54
	332.61
	333.75
	334.81
	335.88
	336.94
	338.02
	339.11
	340.23
	341.32
	342.38
	343.44
	344.52
	345.73
	346.78
	347.85
	348.93
	350.01
	351.09
	352.18
	353.26
	354.34
	355.41
	356.48
	357.58
	358.63
	359.72
	360.83
	361.93
	362.99
	364.04
	365.11
	366.18
	367.26
	368.35
	369.4
	370.47
	371.53
	372.6
	373.71
	374.79
	375.85
	376.96
	378.11
	379.23
	380.29
	381.4
	382.55
	383.63
	384.72
	385.81
	386.88
	387.98
	389.08
	390.14
	391.27
	392.34
	393.42
	394.49
	395.56
	396.62
	397.68
	398.76
	399.82
	400.87
	401.93
	402.98
	404.06
	405.13
	406.22
	407.29
	408.36
	409.43
	410.51
	411.57
	412.63
	413.69
	414.74
	415.83
	416.9
	417.96
	419.04
	420.12
	421.2
	422.29
	423.36
	424.42
	425.49
	426.63
	427.7
	428.77
	429.85
	430.91
	431.97
	433.02
	434.14
	435.21
	436.29
	437.4
	438.5
	439.6
	440.68
	441.74
	442.81
	443.89
	444.95
	446.02
	447.08
	448.14
	449.21
	450.29
	451.36
	452.44
	453.52
	454.59
	455.67
	456.75
	457.83
	458.93
	459.99
	461.09
	462.18
	463.34
	464.42
	465.5
	466.62
	467.78
	468.92
	469.97
	471.08
	472.14
	473.21
	474.27
	475.36
	476.43
	477.55
	478.69
	479.78
	480.86
	481.93
	483.13
	484.21
	485.31
	486.38
	487.47
	488.55
	489.62
	490.72
	491.8
	492.87
	494.02
	495.11
	496.21
	497.3
	498.4
	499.48
	500.56
	501.65
	502.73
	503.81
	504.9
	506.03
	507.13
	508.24
	509.32
	510.41
	511.49
	512.5700000000001
	513.66
	514.73
	515.8
	516.89
	517.98
	519.08
	520.15
	521.24
	522.3099999999999
	523.38
	524.46
	525.54
	526.6
	527.7
	528.79
	529.87
	530.96
	532.05
	533.14
	534.24
	535.3099999999999
	536.41
	537.51
	538.58
	539.6799999999999
	540.76
	541.84
	542.9
	543.95
	545.05
	546.11
	547.1900000000001
	548.26
	549.35
	550.41
	551.47
	552.54
	553.65
	554.75
	555.88
	556.96
	558.04
	559.12
	560.23
	561.3
	562.37
	563.4299999999999
	564.52
	565.59
	566.66
	567.72
	568.84
	569.91
	570.98
	572.04
	573.11
	574.1900000000001
	575.27
	576.33
	577.4
	578.46
	579.54
	580.61
	581.6900000000001
	582.75
	583.8099999999999
	584.87
	585.9400000000001
	586.99
	588.09
	589.17
	590.25
	591.3
	592.39
	593.45
	594.55
	595.67
	596.75
	597.8200000000001
	598.88
	599.95
	601.02
	602.11
	603.16
	604.26
	605.33
	606.4
	607.48
	608.54
	609.61
	610.66
	611.72
	612.77
	613.8200000000001
	614.91
	615.98
	617.05
	618.11
	619.15
	620.24
	621.3200000000001
	622.39
	623.4400000000001
	624.5
	625.58
	626.63
	627.72
	628.78
	629.9299999999999
	631.03
	632.12
	633.1900000000001
	634.28
	635.34
	636.39
	637.4299999999999
	638.5700000000001
	639.63
	640.72
	641.78
	642.84
	643.89
	644.96
	646.04
	647.13
	648.2
	649.25
	650.36
	651.42
	652.49
	653.5599999999999
	654.6799999999999
	655.74
	656.83
	657.89
	658.96
	660.04
	661.1799999999999
	662.26
	663.3200000000001
	664.4400000000001
	665.52
	666.5700000000001
	667.6900000000001
	668.75
	669.83
	670.9
	671.99
	673.14
	674.22
	675.3099999999999
	676.35
	677.41
	678.49
	679.54
	680.64
	681.72
	682.79
	683.86
	684.98
	686.09
	687.16
	688.22
	689.3099999999999
	690.39
	691.46
	692.54
	693.62
	694.6900000000001
	695.76
	696.83
	697.9
	698.99
	700.0700000000001
	701.16
	702.24
	703.3200000000001
	704.38
	705.48
	706.63
	707.71
	708.78
	709.86
	710.9299999999999
	712
	713.11
	714.25
	715.33
	716.47
	717.58
	718.64
	719.8200000000001
	720.87
	721.95
	723.04
	724.11
	725.1799999999999
	726.28
	727.34
	728.41
	729.47
	730.55
	731.63
	732.73
	733.8
	734.86
	735.9299999999999
	737.02
	738.11
	739.16
	740.24
	741.3
	742.37
	743.4400000000001
	744.52
	745.62
	746.71
	747.78
	748.85
	749.95
	751.0599999999999
	752.15
	753.22
	754.29
	755.36
	756.48
	757.58
	758.6799999999999
	759.78
	760.86
	761.95
	763.1
	764.26
	765.37
	766.4299999999999
	767.59
	768.65
	769.74
	770.83
	771.9
	773
	774.13
	775.2
	776.3
	777.36
	778.4400000000001
	779.5
	780.59
	781.67
	782.77
	783.87
	784.95
	786.05
	787.16
	788.23
	789.34
	790.47
	791.62
	792.73
	793.8099999999999
	794.88
	795.98
	797.08
	798.16
	799.24
	800.3200000000001
	801.37
	802.48
	803.58
	804.67
	805.75
	806.83
	807.98
	809.05
	810.1900000000001
	811.27
	812.36
	813.42
	814.54
	815.62
	816.7
	817.78
	818.88
	819.99
	821.0700000000001
	822.2
	823.3099999999999
	824.4
	825.5
	826.59
	827.73
	828.83
	829.92
	831
	832.09
	833.2
	834.28
	835.36
	836.45
	837.52
	838.62
	839.6799999999999
	840.76
	841.88
	842.95
	844.03
	845.11
	846.24
	847.3099999999999
	848.38
	849.49
	850.66
	851.75
	852.83
	853.91
	854.98
	856.05
	857.16
	858.24
	859.35
	860.4400000000001
	861.53
	862.62
	863.7
	864.78
	865.85
	866.92
	868.02
	869.16
	870.22
	871.3200000000001
	872.4
	873.49
	874.61
	875.6799999999999
	876.73
	877.8099999999999
	878.88
	879.96
	881.05
	882.12
	883.1799999999999
	884.25
	885.3099999999999
	886.39
	887.47
	888.53
	889.6
	890.6799999999999
	891.78
	892.85
	893.9400000000001
	895.01
	896.0700000000001
	897.16
	898.23
	899.29
	900.38
	901.4400000000001
	902.5
	903.59
	904.66
	905.74
	906.8099999999999
	907.88
	908.97
	910.03
	911.09
	912.1900000000001
	913.25
	914.34
	915.47
	916.5599999999999
	917.65
	918.72
	919.79
	920.9
	921.97
	923.05
	924.13
	925.22
	926.28
	927.39
	928.5
	929.5599999999999
	930.66
	931.73
	932.8
	933.87
	934.9400000000001
	936.01
	937.1
	938.1900000000001
	939.26
	940.33
	941.4
	942.46
	943.53
	944.61
	945.6799999999999
	946.77
	947.86
	948.95
	950.05
	951.14
	952.24
	953.36
	954.45
	955.5700000000001
	956.64
	957.71
	958.8200000000001
	959.88
	960.97
	962.1
	963.1799999999999
	964.24
	965.3099999999999
	966.41
	967.5700000000001
	968.64
	969.72
	970.78
	971.9
	972.98
	974.0599999999999
	975.12
	976.21
	977.3
	978.37
	979.46
	980.54
	981.6799999999999
	982.76
	983.84
	984.9400000000001
	986.03
	987.11
	988.1799999999999
	989.27
	990.35
	991.4400000000001
	992.55
	993.6900000000001
	994.74
	995.8099999999999
	996.9
	998.01
	999.1
	1000.17
	1001.26
	1002.33
	1003.4
	1004.46
	1005.55
	1006.62
	1007.7
	1008.85
	1009.95
	1011.05
	1012.15
	1013.21
	1014.29
	1015.36
	1016.44
	1017.61
	1018.69
	1019.78
	1020.86
	1021.93
	1022.99
	1024.07
	1025.14
	1026.21
	1027.3
	1028.38
	1029.43
	1030.52
	1031.6
	1032.73
	1033.82
	1034.88
	1035.97
	1037.03
	1038.1
	1039.17
	1040.25
	1041.34
	1042.43
	1043.49
	1044.56
	1045.64
	1046.7
	1047.8
	1048.88
	1049.95
	1051.02
	1052.1
	1053.16
	1054.21
	1055.28
	1056.35
	1057.43
	1058.51
	1059.56
	1060.66
	1061.73
	1062.94
	1064
	1065.09
	1066.16
	1067.37
	1068.55
	1069.73
	1070.81
	1071.97
	1073.14
	1074.29
	1075.45
	1076.59
	1077.72
	1078.78
	1079.87
	1080.99
	1082.08
	1083.15
	1084.21
	1085.28
	1086.36
	1087.43
	1088.51
	1089.59
	1090.64
	1091.72
	1092.8
	1093.87
	1095.01
	1097.17
	1098.28
	1099.36
	1100.46
	1101.52
	1102.6
	1103.7
	1104.76
	1105.87
	1106.92
	1108.04
	1109.14
	1110.24
	1111.33
	1112.42
	1113.5
	1114.6
	1115.68
	1116.75
	1117.87
	1118.96
	1120.08
	1121.15
	1122.28
	1123.39
	1124.53
	1125.61
	1126.69
	1127.85
	1128.92
	1130.05
	1131.11
	1132.23
	1133.29
	1134.38
	1135.45
	1136.54
	1137.69
	1138.77
	1139.88
	1140.92
	1142.08
	1143.17
	1144.27
	1145.33
	1146.42
	1147.51
	1148.62
	1149.72
	1150.78
	1151.87
	1152.94
	1154.04
	1155.12
	1156.22
	1157.31
	1158.4
	1159.66
	1160.73
	1161.8
	1162.88
	1163.95
	1165.11
	1166.19
	1167.26
	1168.33
	1169.39
	1170.45
	1171.53
	1172.58
	1173.67
	1174.75
	1175.82
	1176.87
	1177.95
	1179.01
	1180.1
	1181.19
	1182.31
	1183.43
	1184.49
	1185.64
	1186.75
	1187.84
	1188.92
	1189.99
	1191.07
	1192.14
	1193.22
	1194.28
	1195.39
	1196.44
	1197.54
	1198.59
	1199.68
	1200.75
	1201.86
	1202.93
	1204.02
	1205.09
	1206.16
	1207.25
	1208.36
	1209.46
	1210.52
	1211.62
	1212.86
	1213.92
	1215.09
	1216.16
	1217.28
	1218.37
	1219.52
	1220.59
	1221.67
	1222.75
	1223.82
	1224.92
	1226.02
	1227.11
	1228.17
	1229.31
	1230.37
	1231.46
	1232.52
	1233.64
	1234.72
	1235.8
	1236.89
	1237.97
	1239.08
	1240.14
	1241.24
	1242.33
	1243.46
	1244.53
	1245.66
	1246.83
	1247.89
	1249
	1250.08
	1251.19
	1252.33
	1253.43
	1254.51
	1255.59
	1256.66
	1257.74
	1258.85
	1259.92
	1261.01
	1262.1
	1263.21
	1264.27
	1265.37
	1266.45
	1267.53
	1268.66
	1269.73
	1270.81
	1271.88
	1272.97
	1274.06
	1275.18
	1276.32
	1277.38
	1278.44
	1279.53
	1280.74
	1281.85
	1282.91
	1283.99
	1285.09
	1286.17
	1287.28
	1288.35
	1289.43
	1290.51
	1291.63
	1292.73
	1293.82
	1294.93
	1296.04
	1297.18
	1298.24
	1299.32
	1300.42
	1301.51
	1302.62
	1303.68
	1304.77
	1305.82
	1306.91
	1307.97
	1309.05
	1310.12
	1311.22
	1312.3
	1313.38
	1314.45
	1315.57
	1316.64
	1317.71
	1318.83
	1319.89
	1320.97
	1322.06
	1323.13
	1324.19
	1325.31
	1326.43
	1327.51
	1328.6
	1329.71
	1330.79
	1331.87
	1332.96
	1334.03
	1335.1
	1336.19
	1337.28
	1338.36
	1339.44
	1340.52
	1341.6
	1342.7
	1343.82
	1344.92
	1346.02
	1347.09
	1348.14
	1349.23
	1350.29
	1351.35
	1352.44
	1353.53
	1354.6
	1355.69
	1356.78
	1357.85
	1359.04
	1360.1
	1361.18
	1362.27
	1363.37
	1364.45
	1365.54
	1366.64
	1367.77
	1368.85
	1370.04
	1371.14
	1372.22
	1373.46
	1374.55
	1375.61
	1376.67
	1377.75
	1378.83
	1379.94
	1381.03
	1382.13
	1383.23
	1384.3
	1385.36
	1386.45
	1387.53
	1388.64
	1389.75
	1390.83
	1391.93
	1393.05
	1394.14
	1395.22
	1396.29
	1397.36
	1398.44
	1399.52
	1400.6
	1401.73
	1402.84
	1403.93
	1404.99
	1406.06
	1407.12
	1408.19
	1409.27
	1410.36
	1411.44
	1412.53
	1413.61
	1414.69
	1415.8
	1416.88
	1418.04
	1419.12
	1420.21
	1421.38
	1422.48
	1423.59
	1424.67
	1425.77
	1426.84
	1427.93
	1429
	1430.07
	1431.13
	1432.2
	1433.32
	1434.39
	1435.47
	1436.56
	1437.63
	1438.7
	1439.78
	1440.87
	1441.94
	1443.02
	1444.09
	1445.18
	1446.27
	1447.37
	1448.45
	1449.56
	1450.75
	1451.82
	1452.89
	1453.96
	1455.01
	1456.08
	1457.14
	1458.23
	1459.32
	1460.4
	1461.47
	1462.55
	1463.62
	1464.72
	1465.8
	1466.89
	1468.04
	1469.11
	1470.21
	1471.29
	1472.45
	1473.52
	1474.6
	1475.7
	1476.81
	1477.92
	1479.07
	1480.16
	1481.33
	1482.41
	1483.49
	1484.54
	1485.61
	1486.71
	1487.78
	1488.84
	1489.95
	1491.03
	1492.1
	1493.18
	1494.24
	1495.31
	1496.39
	1497.63
	1498.7
	1499.78
	1500.86
	1501.93
	1503.01
	1504.09
	1505.15
	1506.23
	1507.31
	1508.4
	1509.47
	1510.65
	1511.74
	1512.86
	1513.96
	1515.03
	1516.08
	1517.2
	1518.25
	1519.34
	1520.4
	1521.45
	1522.55
	1523.61
	1524.68
	1525.79
	1526.86
	1528
	1529.12
	1530.18
	1531.31
	1532.37
	1533.44
	1534.52
	1535.69
	1536.76
	1537.83
	1538.92
	1540.02
	1541.1
	1542.22
	1543.33
	1544.4
	1545.47
	1546.55
	1547.63
	1548.73
	1549.81
	1550.89
	1551.94
	1553.02
	1554.1
	1555.18
	1556.26
	1557.34
	1558.43
	1559.5
	1560.6
	1561.73
	1562.81
	1563.88
	1564.95
	1566.08
	1567.22
	1568.3
	1569.37
	1570.44
	1571.52
	1572.63
	1573.7
	1574.77
	1575.83
	1576.92
	1578.02
	1579.08
	1580.2
	1581.32
	1582.46
	1583.54
	1584.6
	1585.66
	1586.72
	1587.77
	1588.84
	1589.92
	1591.06
	1592.11
	1593.19
	1594.28
	1595.34
	1596.41
	1597.47
	1598.59
	1599.67
	1600.78
	1601.85
	1602.91
	1603.98
	1605.06
	1606.12
	1607.19
	1608.3
	1609.37
	1610.42
	1611.48
	1612.58
	1613.68
	1614.77
	1615.84
	1616.92
	1617.98
	1619.05
	1620.11
	1621.19
	1622.26
	1623.35
	1624.41
	1625.48
	1626.55
	1627.63
	1628.71
	1629.81
	1630.91
	1632
	1633.09
	1634.16
	1635.21
	1636.29
	1637.38
	1638.48
	1639.57
	1640.65
	1641.72
	1642.83
	1643.96
	1645.04
	1646.18
	1647.41
	1648.49
	1649.58
	1650.68
	1651.75
	1652.85
	1653.95
	1655.01
	1656.08
	1657.16
	1658.23
	1659.34
	1660.44
	1661.55
	1662.63
	1663.78
	1664.85
	1665.93
	1667.12
	1668.19
	1669.3
	1670.4
	1671.48
	1672.63
	1673.69
	1674.75
	1675.86
	1677.03
	1678.17
	1679.25
	1680.39
	1681.46
	1682.6
	1683.89
	1684.96
	1686.01
	1687.08
	1688.16
	1689.22
	1690.29
	1691.36
	1692.44
	1693.53
	1694.59
	1695.65
	1696.72
	1697.86
	1698.94
	1700.02
	1701.13
	1702.19
	1703.27
	1704.35
	1705.44
	1706.53
	1707.64
	1708.69
	1709.75
	1710.84
	1711.94
	1713.05
	1714.16
	1715.26
	1716.34
	1717.42
	1718.53
	1719.61
	1720.78
	1721.89
	1722.98
	1724.05
	1725.14
	1726.21
	1727.33
	1728.4
	1729.45
	1730.55
	1731.63
	1732.75
	1733.83
	1734.95
	1736.02
	1737.27
	1738.35
	1739.42
	1740.52
	1741.6
	1742.68
	1743.75
	1744.83
	1745.89
	1746.98
	1748.08
	1749.14
	1750.22
	1751.3
	1752.48
	1753.56
	1754.62
	1755.71
	1756.79
	1757.89
	1758.95
	1760.02
	1761.13
	1762.2
	1763.29
	1764.41
	1765.47
	1766.58
	1767.65
	1768.73
	1769.8
	1770.94
	1772.01
	1773.13
	1774.25
	1775.33
	1776.4
	1777.59
	1778.67
	1779.82
	1780.9
	1781.99
	1783.07
	1784.14
	1785.21
	1786.35
	1787.43
	1788.53
	1789.65
	1790.78
	1791.85
	1792.93
	1794.01
	1795.07
	1796.17
	1797.24
	1798.32
	1799.42
	1800.49
	1801.61
	1802.72
	1803.81
	1804.89
	1805.96
	1807.04
	1808.11
	1809.21
	1810.28
	1811.38
	1812.48
	1813.55
	1814.62
	1815.7
	1816.76
	1817.84
	1818.92
	1820.03
	1821.11
	1822.21
	1823.3
	1824.38
	1825.46
	1826.52
	1827.58
	1828.64
	1829.74
	1830.81
	1831.93
	1833
	1834.12
	1835.2
	1836.32
	1837.38
	1838.54
	1839.6
	1840.66
	1841.75
	1842.86
	1843.93
	1845.01
	1846.09
	1847.19
	1848.25
	1849.33
	1850.39
	1851.46
	1852.55
	1853.63
	1854.71
	1855.79
	1856.86
	1857.95
	1859.03
	1860.09
	1861.17
	1862.26
	1863.33
	1864.43
	1865.5
	1866.59
	1867.68
	1868.75
	1869.83
	1870.9
	1872
	1873.07
	1874.17
	1875.23
	1876.3
	1877.41
	1878.52
	1879.59
	1880.66
	1881.77
	1882.84
	1883.91
	1884.99
	1886.06
	1887.12
	1888.26
	1889.35
	1890.46
	1891.55
	1892.69
	1893.91
	1895.02
	1896.1
	1897.18
	1898.25
	1899.34
	1900.43
	1901.52
	1902.6
	1903.67
	1904.75
	1905.85
	1906.94
	1908.04
	1909.09
	1910.16
	1911.25
	1912.34
	1913.41
	1914.48
	1915.55
	1916.63
	1917.7
	1918.77
	1919.84
	1920.9
	1921.96
	1923.04
	1924.11
	1925.2
	1926.27
	1927.33
	1928.42
	1929.5
	1930.57
	1931.64
	1932.74
	1933.79
	1934.84
	1935.92
	1936.99
	1938.06
	1939.14
	1940.22
	1941.32
	1942.39
	1943.5
	1944.59
	1945.66
	1946.77
	1947.96
	1949.05
	1950.12
	1951.37
	1952.45
	1953.5
	1954.57
	1955.68
	1956.74
	1957.82
	1958.98
	1960.05
	1961.11
	1962.17
	1963.36
	1964.47
	1965.52
	1966.61
	1967.69
	1968.76
	1969.81
	1970.9
	1972.02
	1973.11
	1974.19
	1975.26
	1976.35
	1977.49
	1978.54
	1979.62
	1980.7
	1981.77
	1982.87
	1983.95
	1985.01
	1986.09
	1987.15
	1988.22
	1989.28
	1990.36
	1991.43
	1992.55
	1993.61
	1994.68
	1995.74
	1996.81
	1997.89
	1999
	2000.07
	2001.14
	2002.23
	2003.3
	2004.37
	2005.44
	2006.51
	2007.57
	2008.69
	2009.81
	2010.89
	2011.95
	2013.05
	2014.12
	2015.18
	2016.23
	2017.33
	2018.46
	2019.55
	2020.63
	2021.71
	2022.8
	2023.92
	2025.04
	2026.11
	2027.18
	2028.26
	2029.34
	2030.42
	2031.52
	2032.59
	2033.67
	2034.75
	2035.82
	2037.02
	2038.1
	2039.19
	2040.26
	2041.33
	2042.4
	2043.47
	2044.57
	2045.69
	2046.86
	2047.92
	2049
	2050.07
	2051.14
	2052.22
	2053.3
	2054.43
	2055.51
	2056.58
	2057.7
	2058.8
	2059.91
	2060.99
	2062.07
	2063.17
	2064.24
	2065.45
	2066.55
	2067.62
	2068.69
	2069.78
	2070.86
	2072.12
	2073.18
	2074.24
	2075.31
	2076.38
	2077.51
	2078.62
	2079.72
	2080.86
	2081.98
	2083.09
	2084.17
	2085.25
	2086.34
	2087.42
	2088.56
	2089.63
	2090.73
	2091.81
	2092.91
	2093.99
	2095.14
	2096.21
	2097.37
	2098.47
	2099.54
	2100.67
	2101.74
	2102.83
	2103.9
	2104.98
	2106.06
	2107.14
	2108.2
	2109.27
	2110.34
	2111.42
	2112.51
	2113.59
	2114.67
	2115.75
	2116.93
	2118.04
	2119.12
	2120.28
	2121.34
	2122.44
	2123.54
	2124.64
	2125.73
	2126.8
	2127.94
	2129.02
	2130.3
	2131.43
	2132.54
	2133.63
	2134.71
	2135.79
	2136.85
	2137.92
	2139.03
	2140.11
	2141.19
	2142.41
	2143.49
	2144.56
	2145.62
	2146.67
	2147.76
	2148.81
	2149.99
	2151.05
	2152.12
	2153.2
	2154.29
	2155.36
	2156.45
	2157.54
	2158.59
	2159.71
	2160.79
	2161.86
	2162.94
	2164.01
	2165.07
	2166.14
	2167.2
	2168.27
	2169.34
	2170.41
	2171.5
	2172.6
	2173.67
	2174.73
	2175.82
	2176.9
	2177.97
	2179.07
	2180.15
	2181.24
	2182.32
	2183.41
	2184.49
	2185.76
