	0.0001560118635566464
	0.0001561895103584672
	0.0001563583726340727
	0.0001565195188338388
	0.0001566436782382073
	0.0001567616065874283
	0.0001568667481923043
	0.0001569493003781986
	0.0001570079064474413
	0.0001570340205982076
	0.0001570390613746777
	0.0001570659658004465
	0.0001571353205789682
	0.0001571954985845538
	0.0001572252196701642
	0.0001572293656978243
	0.0001572392264170366
	0.0001572789937897179
	0.0001573626965833642
	0.0001574495822345323
	0.000157530767795706
	0.0001576481940402394
	0.000157786687489276
	0.0001579116842155412
	0.0001580227796539272
	0.000158098431972819
	0.0001581821684217098
	0.000158287303521297
	0.0001584125643905693
	0.0001585317253198258
	0.0001586258831201139
	0.0001586125853124825
	0.0001585486667507607
	0.0001584241012203085
	0.0001582306259795904
	0.0001580252209426121
	0.0001578394331072249
	0.0001576941404438003
	0.0001576122712041814
	0.0001575582392472952
	0.0001574881643948714
	0.0001573684359989844
	0.0001571354584347167
	0.0001568435587867059
	0.0001565528881552264
	0.0001562799217939284
	0.0001560227678341715
	0.0001557770857030559
	0.0001555201533028837
	0.000155246724221908
	0.0001549809007402041
	0.0001547129597991987
	0.0001544819136875716
	0.0001543353658213081
	0.0001542543507336551
	0.000154323027919853
	0.0001545337993303047
	0.0001548404140601418
	0.0001551436837151622
	0.0001554555103383684
	0.0001557412712388845
	0.0001560013910380279
	0.0001563386386591587
	0.0001567325718844427
	0.0001571836796148994
	0.0001576136700443647
	0.000157969892270678
	0.0001583157543518442
	0.0001586976819735099
	0.0001591219982985967
	0.0001596039644782212
	0.0001601076972779481
	0.0001605908689923232
	0.0001610656557571062
	0.0001615653591366795
	0.0001620476639840679
	0.0001625003547090662
	0.0001628700763581092
	0.0001631357553953581
	0.0001633036989945277
	0.0001633787857573718
	0.0001633934075479393
	0.0001633609103393302
	0.0001632860774750632
	0.0001631849992017242
	0.0001630842858794236
	0.0001630001316991986
	0.0001629369214976249
	0.0001628783528944935
	0.0001628358908914479
	0.0001628033234643034
	0.0001627246271513527
	0.0001625883083654472
	0.0001624124302917545
	0.0001622002074588892
	0.0001619863300411215
	0.0001618079695900595
	0.0001616745075107837
	0.0001615772350676615
	0.0001614826075714051
	0.0001614213718612239
	0.0001614385862359376
	0.000161530323851191
	0.0001616915278103772
	0.0001618564095866607
	0.0001620398020339522
	0.0001622301474477991
	0.0001623747197431684
	0.0001624735854818873
	0.0001625429781416579
	0.0001625744234676963
	0.0001625371192381051
	0.0001624246419289875
	0.0001622592947588108
	0.0001620601894350976
	0.0001618083179445575
	0.000161522844962134
	0.0001612503011182934
	0.0001610138083744822
	0.0001607892988476063
	0.0001605171557501775
	0.000160188618714265
	0.000159828735093996
	0.0001594796059862882
	0.000159186013069666
	0.000158958371785204
	0.0001587902817292353
	0.0001586808647616468
	0.0001585657378832088
	0.0001584397542991644
	0.0001582799567067904
	0.0001580719361491821
	0.0001578049043802013
	0.0001574997090572426
	0.0001571777432900618
	0.0001568433638051511
	0.0001564786815351805
	0.0001560766036843579
	0.0001556130250605079
	0.0001550832119337428
	0.00015454083331212
	0.0001540186336362094
	0.0001535301895349869
	0.0001531037523315071
	0.0001527210029829652
	0.0001523863153401379
	0.0001520828833152457
	0.0001517802516641603
	0.0001514624903425603
	0.0001511415589159837
	0.0001508045009104825
	0.0001504773371747889
	0.0001501634295111925
	0.0001498528358468371
	0.0001495630143584474
	0.000149311165191015
	0.0001490756866665783
	0.0001488733137867118
	0.0001486790544699977
	0.0001484547280389228
	0.0001482011313143267
	0.0001479109660419122
	0.000147580815463755
	0.0001472351424761873
	0.0001468979855803895
	0.0001465694465843615
	0.0001462480295847004
	0.0001459664191787287
	0.0001457394532286895
	0.0001455695142097635
	0.000145478289274602
	0.0001454384300075518
	0.0001454240952603281
	0.0001453993083000901
	0.0001453476442742299
	0.0001453210636645572
	0.0001453159131266926
	0.0001453164427745127
	0.0001452649436490842
	0.0001451616102972455
	0.0001450206283823067
	0.0001448691710482494
	0.0001447423467268402
	0.0001446646095925366
	0.0001445891540221559
	0.0001445069398402166
	0.0001444180265720983
	0.0001443137598104187
	0.0001441833995141284
	0.0001440516364693466
	0.0001439163697403238
	0.0001437726241858433
	0.0001436442811653787
	0.0001435336915522362
	0.0001434398005699452
	0.0001433652476151242
	0.0001432804370292958
	0.000143152104413113
	0.0001429697226036886
	0.0001427365893812557
	0.0001424850827355962
	0.0001422473470006119
	0.0001420371884430972
	0.0001418765524926069
	0.0001417332203016994
	0.0001415991643162628
	0.0001414677104110343
	0.0001413516269105855
	0.0001412739231564201
	0.0001412308901307522
	0.000141220623626971
	0.0001411939826708503
	0.0001411034616207903
	0.0001409924743141805
	0.0001408996455275057
	0.0001408427265704131
	0.0001408211755018329
	0.0001408610336860026
	0.0001409633313927117
	0.0001411129467196259
	0.0001412804338756562
	0.00014140265625771
	0.000141468680831609
	0.0001414984372145866
	0.0001415067060646112
	0.0001415473808612805
	0.0001415810307350309
	0.000141613168928989
	0.0001416146397005795
	0.0001415917049912549
	0.0001415509331540022
	0.0001414940351874968
	0.0001413858615876155
	0.0001412827932737093
	0.0001412047283677495
	0.000141176496856784
	0.0001412063489630252
	0.0001412837886493413
	0.0001414214751602944
	0.0001416036221744245
	0.0001417958683176068
	0.0001419850724140288
	0.000142184500222723
	0.0001423973320428927
	0.000142617040276149
	0.0001428104459354108
	0.0001429805806703354
	0.0001431106733340742
	0.0001432431463294936
	0.0001434103608715858
	0.0001436119672974537
	0.0001438449921213734
	0.0001441140423534616
	0.0001444225152033426
	0.0001447561293095436
	0.0001451007171661555
	0.0001454430590317056
	0.0001458012285497474
	0.0001461920329050214
	0.000146588179429159
	0.0001469644280880672
	0.0001473046484067533
	0.0001476185490658613
	0.0001479078694327278
	0.000148169079440633
	0.0001483931997476484
	0.0001485767148900112
	0.0001487211286620526
	0.0001488309468487204
	0.0001489545717700327
	0.0001490615435107254
	0.0001491221839127393
	0.0001491219606060127
	0.0001490644030588613
	0.0001489768533528285
	0.000148890637109884
	0.0001488843004940541
	0.0001489952759007278
	0.0001492200060146094
	0.0001495251303389443
	0.0001499056387553919
	0.0001503127977536657
	0.0001507420180763813
	0.000151129583626032
	0.0001514559636467215
	0.0001517089518078086
	0.0001519488225519713
	0.0001522013381521198
	0.0001524437741008925
	0.0001526708397900336
	0.0001528413120841753
	0.0001528941956652446
	0.0001528579565578487
	0.0001527530693913036
	0.0001526079355803086
	0.0001524528215706838
	0.0001523295862489454
	0.0001522245129342214
	0.000152043866218968
	0.0001517755460812051
	0.0001514563957575478
	0.0001511323055026727
	0.0001508057940173885
	0.0001504635425245376
	0.0001500948989958964
	0.0001496885851136059
	0.0001492546431427318
	0.0001488329418796892
	0.0001484400254298005
	0.0001480980440111919
	0.0001478189688735342
	0.0001476250058216145
	0.0001475165622368612
	0.0001474709828833049
	0.0001474565658582754
	0.0001474576554329799
	0.0001474520313331302
	0.0001474612208028645
	0.0001474744023344402
	0.0001474776092460468
	0.0001474676208912239
	0.0001474588472304716
	0.0001474710677213635
	0.0001474875179446002
	0.0001474986472912229
	0.0001474956948367212
	0.0001474964222713139
	0.0001474910919879027
	0.000147486881881231
	0.0001474789227268831
	0.0001474898465772667
	0.0001475172792348153
	0.0001475457914164525
	0.0001475539124631797
	0.0001475810538775027
	0.0001476186947759978
	0.0001476970056693909
	0.0001478375080461687
	0.0001480171209644472
	0.0001481899291535669
	0.0001483503380573332
	0.0001484821005143433
	0.0001485724024459685
	0.0001486248125839399
	0.0001486456163398505
	0.0001486442924769341
	0.0001486666894752532
	0.0001487094447980042
	0.0001487984029057473
	0.0001489524421240577
	0.0001491138102029305
	0.0001492825885652993
	0.0001494439212068845
	0.000149580418159094
	0.0001497051884034561
	0.0001498201796349069
	0.000149975584005011
	0.0001501773709352399
	0.000150354111645275
	0.0001505356361380363
	0.000150688895991579
	0.0001508141319317729
	0.00015091688654633
	0.00015096395039853
	0.0001509362602079602
	0.000150852973944665
	0.0001507157027419375
	0.0001505412407074241
	0.0001503204550250918
	0.0001501019690560431
	0.0001499379594843877
	0.0001498257146584323
	0.0001497829790170375
	0.000149808871345103
	0.0001498693092878049
	0.0001499850746821867
	0.0001500817461717299
	0.0001501561573349122
	0.0001502402981506392
	0.0001503612102973524
	0.0001505731985735404
	0.0001508903707238754
	0.0001512748072329596
	0.0001516779342308312
	0.0001520372215949686
	0.0001523760971581932
	0.0001526551938906237
	0.0001528709233907917
	0.0001530244673534796
	0.0001530895508024456
	0.0001530634055809264
	0.0001530212757088491
	0.0001529715129827023
	0.0001529380049806567
	0.0001528594817857452
	0.0001527593112583851
	0.0001525871644536868
	0.000152369633269114
	0.0001521458502604387
	0.0001519570669116556
	0.0001518185066340077
	0.0001517728469141467
	0.0001517467152573707
	0.0001517450050402996
	0.0001517571841401962
	0.000151811476079662
	0.0001518932587782587
	0.0001520255146933233
	0.0001521161861288225
	0.000152199827236756
	0.0001522883265466842
	0.0001523056462966157
	0.000152279623564751
	0.0001521993014696479
	0.0001520966226229146
	0.0001520125982758507
	0.0001518819617919119
	0.0001516675895990795
	0.0001514282902600573
	0.0001511997669090604
	0.0001510363186456853
	0.0001509425891323757
	0.000150875693022262
	0.0001508266830946109
	0.0001507705208217392
	0.0001507031819275603
	0.0001506459803454548
	0.0001506110778790075
	0.0001506394718695175
	0.0001506817743890734
	0.0001507228431831536
	0.000150746251600919
	0.0001507578147485626
	0.0001507584532288361
	0.0001507528405608612
	0.0001507277513899906
	0.0001506796951452132
	0.0001506307097610129
	0.0001505626051863701
	0.0001504737034864774
	0.0001503815155547624
	0.0001503153058114464
	0.0001503064989547283
	0.0001503424003049246
	0.0001503833418241835
	0.0001504258319019657
	0.0001504581920502921
	0.0001504645092917606
	0.0001504597537907302
	0.0001504538937283734
	0.0001504712294244507
	0.0001505442300912487
	0.0001506509632160633
	0.0001507677909993896
	0.0001508687412302613
	0.0001509542638001369
	0.0001509845137666918
	0.0001510061196690169
	0.0001509881169631027
	0.0001509619272407045
	0.0001509064082298702
	0.0001507717287590657
	0.0001505517934075723
	0.0001502288154415243
	0.0001498220246865786
	0.0001494085530480612
	0.0001490334271939547
	0.0001486735319270582
	0.000148345100816523
	0.0001480560871020895
	0.0001477923932195033
	0.0001475706899005969
	0.0001473695510977421
	0.0001472147695182585
	0.0001470904534248026
	0.0001470422498669151
	0.0001470466685423129
	0.0001470841003088916
	0.0001471467083047459
	0.0001472140145863484
	0.0001472875701664261
	0.0001473992850086269
	0.0001475381491374217
	0.0001477126927731754
	0.0001479000650865357
	0.0001480495731523783
	0.0001481712335473657
	0.0001482521049150803
	0.0001483144131798371
	0.000148364527014095
	0.0001483873534625565
	0.0001483726378172971
	0.0001483678301576247
	0.0001483850371149803
	0.0001483941453567018
	0.0001483963475642633
	0.0001484056331653399
	0.0001484219240566913
	0.0001484653365802887
	0.0001485339064537082
	0.0001486094841545928
	0.0001486781059004056
	0.0001487160796779859
	0.0001487253972580297
	0.0001487197862169286
	0.0001487244829539255
	0.0001487567726794914
	0.0001488177439254066
	0.0001489184020684711
	0.0001490416755328778
	0.0001491840506130361
	0.000149318775852855
	0.0001494085835033513
	0.0001494999536518374
	0.000149619669464808
	0.0001497860986914407
	0.0001499828008058765
	0.0001501998867131414
	0.0001504272133610178
	0.0001506529621694934
	0.0001508637657721505
	0.0001510829734797825
	0.0001513298149332237
	0.0001515800444535859
	0.0001518292332162411
	0.000152064923198156
	0.0001522716418276612
	0.0001524801035680615
	0.0001527202623471103
	0.0001529891882995068
	0.0001532699592575053
	0.000153545788002147
	0.000153838746338007
	0.0001541157463392518
	0.0001543867614592515
	0.0001546588759497643
	0.0001549301548945092
	0.0001551660443828369
	0.0001553779286696136
	0.000155584765598006
	0.0001557497970372894
	0.0001558765782796681
	0.0001559184781223657
	0.0001558678968203728
	0.0001557634333306306
	0.0001556421120577754
	0.0001555738846269986
	0.000155559963712417
	0.0001556008587415927
	0.0001556484590678449
	0.000155695418460993
	0.0001557431892826497
	0.0001558131518685781
	0.0001559323642982156
	0.0001561159466645757
	0.0001563371187385899
	0.0001565616172057712
	0.000156791576401421
	0.0001569845370328084
	0.000157179240353873
	0.0001574005146688406
	0.0001576485182445505
	0.0001579380998925704
	0.0001582290688867015
	0.0001584603159533869
	0.0001585831121609326
	0.0001585813724660262
	0.0001584427103227255
	0.0001582410106492308
	0.0001579859237062827
	0.0001577133673698932
	0.000157439635009601
	0.0001571796625594588
	0.0001569297941563567
	0.0001566795531747618
	0.0001564033862627966
	0.000156131521718632
	0.0001559017344018485
	0.0001556866105970568
	0.0001554364099912273
	0.0001551626278991378
	0.0001548803404795408
	0.0001546043423557193
	0.0001543478204022254
	0.0001541428206014009
	0.0001539761886463102
	0.0001538486341492016
	0.0001537787874414274
	0.0001537441941161795
	0.000153733608568676
	0.0001537398861317888
	0.0001537770380420936
	0.000153824010279675
	0.0001538611201711928
	0.0001538410355364966
	0.000153772509349401
	0.0001536872195996888
	0.0001535785146574744
	0.0001534783325352553
	0.0001534272944307722
	0.0001534680755766572
	0.0001535840472016756
	0.0001537844508947234
	0.0001541094794782289
	0.0001545562780331343
	0.0001550664443378108
	0.0001555665461365538
	0.0001560342463618872
	0.0001565353916274738
	0.0001570759782039471
	0.0001576414192447049
	0.0001582000500924899
	0.000158759811081528
	0.0001592841705621787
	0.0001597866978540681
	0.0001602122256230665
	0.000160606610460263
	0.0001609706468952321
	0.0001613196593011314
	0.0001616458782314186
	0.0001619694607381098
	0.0001623359478481457
	0.0001627163456743029
	0.0001630372048559516
	0.0001632901969585814
	0.0001635134065177151
	0.0001636982869907575
	0.0001638555751239245
	0.0001640068629695765
	0.0001641355774567798
	0.0001642232604618434
	0.0001642653567347007
	0.000164251878551317
	0.0001642056615182735
	0.000164114165801414
	0.000164009722735724
	0.0001638701342095139
	0.0001637383137263588
	0.0001635744618102343
	0.0001633361839978157
	0.000163093853433502
	0.0001628672928447602
	0.0001626747145074707
	0.0001624817729504002
	0.0001622777783922775
	0.0001620786959752879
	0.000161874086716064
	0.0001616719466352767
	0.0001614910861581999
	0.0001613394816379261
	0.000161222115404633
	0.0001611273451969332
	0.0001610242761622826
	0.000160907829831349
	0.0001607262307603253
	0.0001605206410825877
	0.0001603090716501444
	0.000160068059551526
	0.0001597815200018257
	0.0001594387796564587
	0.0001590385626943957
	0.0001586567556419194
	0.0001582713068630583
	0.0001579413229248894
	0.0001576683653117451
	0.0001574604013549286
	0.0001573232353802646
	0.0001572517010452083
	0.0001572204269166146
	0.0001572526023036765
	0.0001573403033377652
	0.0001574195865841361
	0.000157425737623641
	0.0001573884749600786
	0.000157289996054552
	0.0001571602693590588
	0.0001569888354640747
	0.000156788221125494
	0.0001566080209499442
	0.0001564191507503862
	0.0001562322488818524
	0.0001560309246209229
	0.0001558312930103309
	0.0001556909346499503
	0.0001556176262270192
	0.0001556263804460736
	0.0001556886124997335
	0.0001558024814338307
	0.0001558993807372752
	0.0001559719967477899
	0.0001560612746147517
	0.0001562148441328811
	0.0001563831818732697
	0.0001565618138142165
	0.0001567656356985917
	0.0001569000942300294
	0.0001569250420576884
	0.0001569141273882819
	0.0001568950450679472
	0.0001568791362896901
	0.000156888609367248
	0.0001569326927342539
	0.0001569990339067193
	0.000157121678325401
	0.0001572747059440286
	0.0001574561562632767
	0.0001575945996203813
	0.0001576658906796072
	0.0001577214263383302
	0.0001577303741017619
	0.0001576972584461452
	0.0001575949880660184
	0.000157409916048637
	0.0001571241693850024
	0.0001567695543164307
	0.0001563505905389191
	0.0001558852376047803
	0.0001553839802346135
	0.0001548767572072954
	0.0001543648948132961
	0.0001538431475657571
	0.0001533531402616331
	0.0001528539494974695
	0.0001523627109131141
	0.0001519482031094864
	0.0001516096595835522
	0.000151322649962646
	0.0001511178943219244
	0.0001509566782490014
	0.0001507950184076082
	0.0001506299900743676
	0.0001504344620692612
	0.0001502803213174049
	0.0001501830353521331
	0.0001500996524898777
	0.000149990647989218
	0.0001498625680513941
	0.0001497117563852141
	0.0001495428480559417
	0.000149400245902776
	0.0001493640365588499
	0.0001493865990609354
	0.0001494296223343598
	0.000149509552960985
	0.0001496034408336497
	0.0001497292117254508
	0.0001498643244219722
	0.0001499800486220297
	0.0001501096241273205
	0.0001502392747725905
	0.000150355991768113
	0.0001504213316112305
	0.000150402762134609
	0.0001503104495406543
	0.0001501825543415659
	0.0001500148959714238
	0.000149885121043243
	0.0001497736809191985
	0.0001496429990541306
	0.0001494692223398166
	0.0001492600548753594
	0.0001490341016995582
	0.0001488516470702488
	0.0001487166840431998
	0.0001485999092650543
	0.0001484856302346328
	0.0001483618753265868
	0.00014825020687581
	0.0001481410821775988
	0.0001480335593036389
	0.000147962746821311
	0.0001479468093005861
	0.0001479566599944606
	0.0001479810073576951
	0.0001480164722192168
	0.0001480495307742757
	0.0001480975639459988
	0.0001481377329473712
	0.0001482232166828344
	0.0001483269591024856
	0.0001484229915518577
	0.0001485119096318044
	0.0001485500737126679
	0.0001485093980054942
	0.000148390037963724
	0.0001482045891271326
	0.0001479661214575937
	0.0001477133775956569
	0.0001474817256872396
	0.0001472882310427279
	0.0001471354045704203
	0.0001470060602402222
	0.0001469223060327553
	0.0001468417876381251
	0.0001467345588716256
	0.0001465569350542131
	0.0001463365171117597
	0.0001460811334431317
	0.0001458209939826703
	0.0001455654229462131
	0.0001453560894146813
	0.0001451737147056214
	0.0001450407798242871
	0.000144974682204055
	0.0001449941070428515
	0.0001450643999627083
	0.0001451982318298418
	0.0001453956893495382
	0.0001456458006460215
	0.0001459458406473994
	0.0001463113684432342
	0.0001467302842914326
	0.0001471979035114792
	0.0001476816812952469
	0.0001481953169822452
	0.0001487257607456825
	0.0001492403968905379
	0.0001496948608758416
	0.0001500700930924315
	0.0001503919028662263
	0.0001506766485164882
	0.0001509287247374308
	0.0001511545889315285
	0.0001513828873935252
	0.0001516439055389848
	0.0001519660946016323
	0.0001523423924647508
	0.0001527715573634403
	0.0001532434378946152
	0.0001537632130826191
	0.0001543281060180011
	0.0001548943051043244
	0.0001554598042856851
	0.0001560245378554978
	0.0001565824400648277
	0.000157163031330243
	0.0001577592844921609
	0.0001583283119927664
	0.0001588625076568503
	0.0001592789913606101
	0.0001595776219731066
	0.0001597580951648598
	0.0001598705645805424
	0.0001599835371252185
	0.0001601162646228248
	0.0001602670926054883
	0.0001604309852649669
	0.0001605900108586162
	0.000160741778978281
	0.0001608767540804633
	0.0001610018612852372
	0.0001611094548309664
	0.0001611929555571573
	0.0001613070873588542
	0.0001614788439447959
	0.000161679361193546
	0.0001619209742438121
	0.0001621891756644757
	0.0001624377668104362
	0.0001626542407250974
	0.0001628837061965644
	0.0001631229530332153
	0.0001633876711282059
	0.0001637046953500252
	0.0001640794576327924
	0.000164490495545061
	0.0001649227438343159
	0.0001653650713658393
	0.0001658382071873268
	0.0001663106162210393
	0.0001667715250522081
	0.000167220894803282
	0.0001676371540624679
	0.0001680458288299521
	0.0001684489297075806
	0.000168836361583762
	0.0001691625397134563
	0.0001694275705138873
	0.0001696051860862686
	0.0001696974493384576
	0.0001697430214820199
	0.0001697088816655346
	0.0001696135563853148
	0.0001694868999830459
	0.000169326057239041
	0.0001691494348163572
	0.0001689779074119292
	0.0001688213380313304
	0.0001687214418155562
	0.0001686835592564365
	0.0001686883358617028
	0.0001686422931702618
	0.0001685593577088819
	0.0001684255517099315
	0.0001682482011745238
	0.000168041704671258
	0.0001678356300520763
	0.000167616433038116
	0.000167369819027764
	0.0001671122057479756
	0.0001668609777033657
	0.0001666218062735815
	0.0001664004083377206
	0.0001662092398564469
	0.0001660050893975235
	0.000165783193251645
	0.0001655268083274636
	0.0001652679249952699
	0.0001650581090054527
	0.0001649170375122758
	0.0001648297622264337
	0.0001647968461408931
	0.0001648180396533948
	0.0001649027709576353
	0.0001650154662821233
	0.0001651179469671144
	0.0001651629393847007
	0.0001651421490580955
	0.0001650111143434379
	0.0001648036619197482
	0.000164541129362786
	0.0001642328365902558
	0.0001639188182218083
	0.0001635905772277707
	0.0001632611972938669
	0.0001629450856623059
	0.0001626308077929276
	0.0001622974745728222
	0.000162013704979506
	0.0001617672188592269
	0.0001615440623826818
	0.0001613619255417171
	0.0001611948256481809
	0.0001610528975882785
	0.0001609450747359171
	0.000160858300192599
	0.0001607527361175037
	0.0001606419486875976
	0.0001605130116357643
	0.0001603679701783407
	0.000160209250558389
	0.0001600593717971859
	0.0001599385062586993
	0.0001598681251634894
	0.0001598441467675487
	0.0001598588086167662
	0.0001599234528884957
	0.0001600078383242153
	0.0001600618994086316
	0.000160099786302627
	0.0001601228591181927
	0.000160182917587855
	0.0001603310002478332
	0.0001606060005409218
	0.0001610077150579565
	0.0001614218249147468
	0.0001617525754075162
	0.0001619815182157513
	0.0001621268628407825
	0.0001622151103668194
	0.0001622624697062585
	0.0001623150276577139
	0.0001623661060566024
	0.0001624156148581939
	0.0001624598727988157
	0.0001624914059735945
	0.0001625095557275861
	0.000162531859104286
	0.000162527281660886
	0.0001624945767395971
	0.0001624271403797375
	0.0001623910737458346
	0.00016240375356579
	0.0001624779435842206
	0.0001625497936120441
	0.0001625793012269244
	0.0001625423555041664
	0.0001624944087283585
	0.000162491709379283
	0.0001625568218374844
	0.0001626444991617764
	0.0001627570920036415
	0.0001628680793675283
	0.000162949146847502
	0.0001630279311164336
	0.0001631251653255099
	0.0001632453057365072
	0.0001633713097039827
	0.0001634888552585139
	0.000163609207934051
	0.0001637394225782864
	0.0001638769055926361
	0.0001639857418670804
	0.0001640522194024506
	0.0001641044326607308
	0.000164120293310167
	0.0001641205040198138
	0.0001641033408195143
	0.0001640372329710718
	0.0001639602964732992
	0.000163865556940148
	0.0001637463499031608
	0.0001636417365998932
	0.0001635032277208039
	0.0001633725089676377
	0.0001632153603025168
	0.0001630578692139971
	0.0001628773984094338
	0.0001627018994251857
	0.0001625205656962526
	0.000162354396810673
	0.0001622102756165365
	0.0001621165592447004
	0.0001620450525532089
	0.0001619693735519837
	0.0001618681665677557
	0.0001617969843221876
	0.0001617172394228435
	0.0001616698772456836
	0.0001616604451976308
	0.0001616670568517946
	0.0001617063945761279
	0.0001617156411729348
	0.000161666048140465
	0.0001615857967706098
	0.0001614669563397921
	0.0001613236463540124
	0.0001611458090312303
	0.0001609650491080293
	0.0001607876705234525
	0.0001606241906615528
	0.0001604735210446614
	0.0001603289764221455
	0.0001601623496442303
	0.0001599793679858652
	0.0001597981257354182
	0.0001596296298730004
	0.0001594381639849628
	0.0001592455831392022
	0.0001590653406540315
	0.0001588932028631292
	0.0001587003023931219
	0.0001584727927673439
	0.0001582151287489828
	0.0001579518357090186
	0.0001576834879840931
	0.0001574036498381589
	0.0001570967546609128
	0.0001568174103589056
	0.0001565374497723072
	0.0001563079284651253
	0.0001561201388979706
	0.0001559633533365257
	0.0001558372536803586
	0.0001557711097827172
	0.0001557145802318466
	0.0001556403076800663
	0.0001555567535968765
	0.0001554564231657968
	0.0001553517482579087
	0.0001552600638516515
	0.0001551897353395299
	0.0001551541535262628
	0.0001551679137934793
	0.000155255255432031
	0.0001554151893206507
	0.0001556281771481129
	0.0001558445750987851
	0.0001560664841861308
	0.0001562622255960599
	0.0001563894822126566
	0.0001565160254384728
	0.0001566469315191887
	0.0001567624928865939
	0.0001568923408199434
	0.0001570272373726665
	0.000157131103604754
	0.0001571813340040849
	0.0001571642085112375
	0.0001571186053446053
	0.0001570955973723495
	0.000157149505568364
	0.0001572400752306021
	0.0001573458193979612
	0.0001574122239754168
	0.0001574454732677233
	0.0001574292090918987
	0.0001573399312106822
	0.0001571847291822238
	0.0001569580364009164
	0.0001566774873279204
	0.0001563662542682203
	0.0001560149983975409
	0.0001556309288639316
	0.0001552064982164258
	0.0001547587923447227
	0.0001543415190112856
	0.0001539896570766058
	0.0001536965628677476
	0.0001534397402321855
	0.000153235093634621
	0.0001530563962719257
	0.0001529372972489113
	0.0001528771590554525
	0.000152882081310126
	0.0001529160625692157
	0.0001528787708978196
	0.0001527593928979833
	0.0001525835274241557
	0.0001524233328860793
	0.0001522980518978207
	0.0001522052844959968
	0.0001521611672155948
	0.0001521443170954981
	0.0001521486908626161
	0.0001522268312865299
	0.0001523602417641242
	0.0001526052468875384
	0.0001529359238866645
	0.0001532966811368303
	0.0001536567073677425
	0.0001539760636828732
	0.000154236948489441
	0.0001544583585351135
	0.0001546303192639454
	0.0001547916349695564
	0.000154938860046515
	0.0001550936520999569
	0.00015523804945365
	0.0001554068769804045
	0.0001555878997105645
	0.0001558042948684233
	0.00015605005878327
	0.0001562952830356685
	0.0001565404423575233
	0.0001567688360121074
	0.0001570154977155231
	0.0001573179527305343
	0.0001576947496215733
	0.0001581238051077118
	0.0001585588805953457
	0.0001589723109523267
	0.0001593080025458407
	0.0001595419586959754
	0.0001596851127786827
	0.0001597744894422325
	0.0001598250223891995
	0.0001598400775394565
	0.0001598475455786822
	0.0001598390563628859
	0.0001598079276276414
	0.0001597183252887295
	0.0001595790092066389
	0.0001594067078035952
	0.000159226887259739
	0.0001590454417584197
	0.0001588781813114385
	0.0001587572377646011
	0.0001587056592939331
	0.0001587157990212429
	0.0001588110473023976
	0.0001589403825718405
	0.0001590769393055252
	0.0001592199458968752
	0.0001593953731382462
	0.0001596673833033191
	0.0001599977938576909
	0.0001603552822821121
	0.0001606992622727585
	0.0001610108719979421
	0.0001612779638122361
	0.0001614772009764979
	0.0001616233296606609
	0.0001617302822450369
	0.0001618248548427958
	0.000161881260326547
	0.0001618999256969448
	0.0001618592037708322
	0.000161776737977772
	0.000161678401670315
	0.00016153087982762
	0.000161350691055029
	0.0001611591944926606
	0.0001609435130413593
	0.0001607202756640139
	0.0001604747290499309
	0.0001602340069554191
	0.0001600009836940512
	0.0001597665366366606
	0.0001595306845702016
	0.0001593019388495654
	0.0001590828872389269
	0.0001588651743171128
	0.0001586905300366774
	0.0001585727327120289
	0.0001585531085721135
	0.0001586116821480615
	0.0001586537248946603
	0.0001586414320560218
	0.0001586198509283227
	0.0001586224885321626
	0.0001586264024035475
	0.0001586850348071714
	0.0001587876534729795
	0.0001588888030311766
	0.0001589619760909157
	0.0001590183277364742
	0.0001590738187064852
	0.0001591507360946251
	0.0001592500443104293
	0.000159386199557909
	0.0001595206377916053
	0.0001596729424327947
	0.0001598866414691469
	0.00016016782445191
	0.0001605396620304894
	0.0001609681581114092
	0.0001613847822145843
	0.0001617820809702751
	0.0001621098169412696
	0.0001623580159142668
	0.0001625467833809855
	0.0001627333710100196
	0.0001629794349846315
	0.0001633047632894647
	0.0001636402644194427
	0.0001639848758938635
	0.0001642726478772478
	0.0001645236500191283
	0.0001647662405122193
	0.0001650400823608939
	0.0001653592366171089
	0.0001657177144374232
	0.0001660483373198659
	0.0001662975827901731
	0.0001665001713455608
	0.0001666450564179689
	0.0001667446837061386
	0.0001668078885538713
	0.0001668198258118559
	0.000166802201015482
	0.0001667861106961517
	0.0001667353180263093
	0.0001666306016784081
	0.0001664415745342503
	0.0001662171681268663
	0.0001659788283200866
	0.0001657402547988688
	0.0001655120271194136
	0.0001652894210478962
	0.0001650633358485339
	0.0001648433828142112
	0.0001646516573344421
	0.0001644957523564362
	0.0001643439549622268
	0.0001641964139891487
	0.0001640407820211226
	0.0001638918697756272
	0.0001637825204645017
	0.0001637126732815865
	0.0001636478243545194
	0.0001635584410579089
	0.000163440791335321
	0.0001633030854720026
	0.0001631326913166457
	0.0001629382984967667
	0.0001627021525556359
	0.0001624491720472506
	0.0001622015277260114
	0.0001619557640247021
	0.0001616999829857618
	0.0001614499748782532
	0.0001612085248702176
	0.0001609591729476412
	0.0001606976053004871
	0.000160418299650536
	0.0001601376068769952
	0.0001598412577530833
	0.0001595302327560875
	0.0001592373938130885
	0.0001589754265408779
	0.0001587445282893659
	0.0001585378935775409
	0.0001583603602438714
	0.0001582008063636401
	0.0001580279094574385
	0.0001578422766123802
	0.0001576492521823286
	0.0001574581696369968
	0.00015728926827871
	0.0001571549123079356
	0.0001570754508403847
	0.0001570569640284704
	0.000157081830066185
	0.0001571246966255937
	0.0001571480012541373
	0.0001571498952856056
	0.0001571272272724615
	0.0001570664695253615
	0.0001569982844456168
	0.0001569613839765915
	0.0001569911914605322
	0.0001570801095011016
	0.0001572320469300981
	0.0001574252797945294
	0.0001576283062164164
	0.0001578153847351786
	0.0001579786394744616
	0.0001581244086185082
	0.0001582148028486233
	0.0001582099086709591
	0.0001580900251015058
	0.0001578695606558192
	0.0001575590965822199
	0.0001572143843758601
	0.0001568244672400556
	0.0001564253449529958
	0.0001560168675250665
	0.0001555715352616062
	0.0001551016154980502
	0.0001546186047976363
	0.0001541792417355706
	0.0001538444124744873
	0.0001536416383065957
	0.0001535508210614421
	0.0001535543113775043
	0.0001535912322530515
	0.0001536252532815017
	0.0001536336599001256
	0.0001536265937258283
	0.0001536320447116676
	0.0001536284882852295
	0.000153630321511387
	0.0001536603312392267
	0.0001537253173960435
	0.0001538405206039679
	0.0001539798533600754
	0.0001541535371053388
	0.0001543531801043621
	0.0001545361400382779
	0.000154711072036053
	0.0001548275822427433
	0.0001549410243207684
	0.0001550232826408786
	0.000155107717001413
	0.0001551387742466616
	0.0001551211011720539
	0.0001550457991792198
	0.0001548877741574085
	0.000154654631199569
	0.0001543208736921202
	0.0001539153371893228
	0.0001534565540711475
	0.0001530180725197217
	0.0001526233065513571
	0.0001522883567626133
	0.0001519809956367469
	0.0001516679351823506
	0.0001513439444568457
	0.000151063984044523
	0.0001508339713582449
	0.0001506543923481588
	0.0001504822891373041
	0.000150306691627028
	0.0001501108598342662
	0.0001499207624069031
	0.0001497091183337884
	0.0001494557455235082
	0.0001491459410137869
	0.0001488256531359275
	0.0001485671875402388
	0.0001483648383297149
	0.0001481965768989692
	0.0001480644327454752
	0.000147953614689722
	0.0001478381400367726
	0.0001477253524294526
	0.0001476411920347817
	0.000147576036892852
	0.0001475476408868801
	0.0001475498333420364
	0.0001475863368535468
	0.0001476805336601431
	0.0001478478499178517
	0.0001480335513253024
	0.000148221959626887
	0.0001484109899111898
	0.000148602883319951
	0.0001487697773423282
	0.0001489295879222182
	0.0001490783443383685
	0.0001492325837035777
	0.0001494140074328046
	0.0001495871527573562
	0.0001497258310832095
	0.0001498036025123844
	0.0001498371777112804
	0.0001498561301759503
	0.0001498743034852971
	0.0001498694774582182
	0.000149828180961942
	0.0001497474997880929
	0.0001496438262092761
	0.0001495335369263268
	0.0001494338534479231
	0.0001493666408173603
	0.0001493521192527156
	0.000149396784849137
	0.0001494752953675703
	0.0001495966114724829
	0.0001497776940119448
	0.0001500126504301988
	0.0001502660011558465
	0.0001505118481721782
	0.0001507102189604485
	0.0001508330602290772
	0.0001508880673982858
	0.0001509199074836996
	0.0001509804347519066
	0.0001510911910493984
	0.0001512255161040857
	0.0001513863115119908
	0.0001515519062657952
	0.0001517599131406805
	0.0001520236265084628
	0.0001523583607267893
	0.0001527055053381918
	0.0001530701135943004
	0.0001534265420528408
	0.0001537953238053842
	0.0001541561034382745
	0.0001545394425854258
	0.0001548920340723696
	0.0001552401588023869
	0.0001555541231111089
	0.0001558009399427748
	0.000155979758553982
	0.0001561240496605286
	0.0001562494566065673
	0.0001563881379222945
	0.0001565514057547703
	0.0001567371040085606
	0.000156910276507845
	0.0001570195158888819
	0.0001571530648183542
	0.0001573027797077378
	0.000157478839741946
	0.0001577277353415685
	0.0001580532668244586
	0.0001583952782793879
	0.0001587656462933693
	0.0001591432178862136
	0.0001594885608581915
	0.0001598354001973473
	0.0001602300041756848
	0.0001606321442905628
	0.0001610071578265851
	0.0001613318835212149
	0.0001616235273268166
	0.0001618781269026015
	0.0001620560375098034
	0.0001621456426413789
	0.0001621537558596169
	0.0001621711747983852
	0.0001622211267084725
	0.0001623045023039075
	0.0001623872029471588
	0.0001624770356853853
	0.0001625649392126383
	0.0001626264100292391
	0.0001626353668524573
	0.0001625757812549714
	0.000162426054014092
	0.0001622338582036424
	0.0001620133121796275
	0.0001617869355185944
	0.0001615370972104612
	0.0001612682861608818
	0.0001609780209388983
	0.0001607249983032814
	0.0001605206206493274
	0.000160355044717246
	0.0001602321789409441
	0.0001601722432567735
	0.0001601359496026848
	0.0001601149212455278
	0.0001600966308179017
	0.0001600667773078667
	0.0001600527562451727
	0.0001600390580652768
	0.0001600267056858064
	0.000159955891567743
	0.0001598047906251085
	0.0001595808391587451
	0.0001593006185058121
	0.0001590254920383743
	0.0001587990502358079
	0.0001586386923822143
	0.0001585126830199628
	0.0001583976432780077
	0.0001582991092360818
	0.0001582296489178647
	0.0001581874401617112
	0.0001581984136431188
	0.0001582524498167989
	0.000158320389765478
	0.000158326749930205
	0.0001583063849603333
	0.0001582365307710664
	0.0001581480452551263
	0.0001580548017116969
	0.0001579436342961627
	0.0001578646451591975
	0.0001577854530896523
	0.0001577064222652356
	0.0001576141845152919
	0.0001575399697009969
	0.0001575008052601276
	0.0001574938598783334
	0.0001575173555242962
	0.0001575795010994783
	0.000157670513412683
	0.0001578130823612577
	0.0001580069744131092
	0.0001582758908273858
	0.0001585599634255074
	0.0001588853296373849
	0.0001592542526465605
	0.0001596873704142031
	0.0001601810817439656
	0.0001607066423229824
	0.0001612283557713908
	0.0001617471809480784
	0.0001621749336549416
	0.0001625920423290426
	0.0001629968509464999
	0.0001634291583312267
	0.0001638479004842886
	0.0001642317641302099
	0.0001645852116405892
	0.0001649525164551441
	0.0001653056790540605
	0.000165663515483611
	0.0001660086324091934
	0.0001663611039358826
	0.0001667237031269172
	0.0001670341894163403
	0.000167314167108138
	0.0001675954637300398
	0.0001678882995557349
	0.0001681602261810452
	0.000168420996991913
	0.0001687002162340112
	0.0001689868543223243
	0.0001692564745582412
	0.0001694958630726338
	0.0001697013350586533
	0.0001698575568745117
	0.0001699730919262651
	0.0001700469786428195
	0.0001700911723103882
	0.0001701419593181411
	0.0001701858337579929
	0.000170163573807278
	0.0001700881614712192
	0.0001699594791824923
	0.0001697802301938226
	0.0001695603865236041
	0.0001693517819618571
	0.000169144779667642
	0.0001689301869605047
	0.0001687254600146545
	0.0001685478409606256
	0.000168378002605075
	0.0001682160279236095
	0.0001680191013719097
	0.0001677956914582154
	0.0001675655937118127
	0.0001673532595768598
	0.0001671578406634981
	0.0001670135369427859
	0.0001668790527009065
	0.0001667622744725741
	0.0001666276218384629
	0.0001664827878339112
	0.0001663804010829133
	0.0001663184056021155
	0.0001662903701744426
	0.0001662865801462002
	0.0001662771894966631
	0.0001662555051687304
	0.0001662400124801905
	0.0001662569904192545
	0.0001663347305847402
	0.0001664872571039021
	0.0001667280190202471
	0.00016702504353233
	0.0001673079765588373
	0.0001675986766896023
	0.0001678543711594484
	0.0001680825065378786
	0.0001682668868139672
	0.0001684093930551221
	0.0001684876094396757
	0.0001685119801682909
	0.0001685175059095785
	0.0001684387995456546
	0.0001682920864439899
	0.0001680600507436902
	0.000167787327664879
	0.0001674736450255998
	0.0001671277883142
	0.0001667210012755107
	0.0001662619501177477
	0.0001657701566913517
	0.0001652868747943863
	0.0001648425893258562
	0.0001644105448501251
	0.0001639847950583613
	0.0001635585387616589
	0.0001631397100474336
	0.0001627864224678089
	0.0001624996176909948
	0.0001622769815186628
	0.0001620650910947139
	0.0001618294869819188
	0.000161560660461942
	0.0001612882783753026
	0.0001610409757711445
	0.0001608285139189493
	0.0001606357840452449
	0.0001604763395128134
	0.0001603086091007466
	0.0001601285027416611
	0.0001599122029845947
	0.0001596571240033888
	0.00015939892287191
	0.0001591101721761882
	0.0001587923266896771
	0.0001584591595148998
	0.0001581327861838922
	0.0001578436158517452
	0.0001576043133845988
	0.0001573953810856764
	0.0001572366900376902
	0.0001571116976327804
	0.0001570101429540458
	0.000156919824088791
	0.0001568055821724603
	0.0001566860641996864
	0.000156537165094653
	0.0001563846400893149
	0.0001562748049466357
	0.000156169317118391
	0.0001560546956494524
	0.0001559022491912339
	0.0001556896173056603
	0.0001554251021358183
	0.0001551194730957268
	0.0001548356993777297
	0.0001546035311903564
	0.0001544268882469265
	0.0001543057092109692
	0.0001542442071155429
	0.0001542276138609541
	0.0001542262944058241
	0.0001542075371227107
	0.0001541593713127672
	0.0001540939509134368
	0.000154010658279332
	0.0001539130045958348
	0.0001537616358028826
	0.0001535646474048738
	0.000153326251538152
	0.000153041444215537
	0.0001527764763998338
	0.0001525198681279934
	0.0001522967227737345
	0.0001520985239150255
	0.0001519225566780134
	0.0001517720805398539
	0.0001516009137507864
	0.000151417193986322
	0.000151263547436025
	0.0001511522991215235
	0.0001511491870975912
	0.0001512297069759226
	0.0001513994547793555
	0.0001516272894284878
	0.0001518924483420702
	0.0001521431284845302
	0.0001523313445246643
	0.0001524628535167796
	0.0001525620948663208
	0.0001526533961490183
	0.0001527055553768679
	0.0001527602955785839
	0.0001528738186985089
	0.0001530625047639954
	0.0001533575045391048
	0.0001536944188801836
	0.0001540122488329113
	0.0001542766331574573
	0.0001544770469163257
	0.0001545971976088106
	0.0001546554306927965
	0.00015466481173021
	0.0001546566119849456
	0.0001546743033887949
	0.0001547522674015485
	0.0001548492573996178
	0.0001548994198051173
	0.0001548841894741433
	0.000154791998714364
	0.0001546918613219281
	0.000154575899308983
	0.0001544614496692125
	0.000154368147488379
	0.000154309518043755
	0.0001542820561897745
	0.0001543101042372106
	0.0001543573516933926
	0.0001544260882880843
	0.0001545129397927398
	0.0001546089314526566
	0.0001547052786764282
	0.0001548202976978123
	0.0001549168136302614
	0.000154965049361855
	0.0001549791975007687
	0.0001549741002125558
	0.0001549793136736855
	0.0001550322922350124
	0.0001551734747045095
	0.0001553892303764093
	0.0001556291660748526
	0.0001558588184240566
	0.0001560569519640451
	0.0001562396089684373
	0.0001564162669713468
	0.0001566350597960965
	0.000156891711151328
	0.0001572101909725466
	0.0001575891957540452
	0.0001580279912702199
	0.0001584750654619067
	0.000158870291764381
	0.0001592201475692409
	0.0001595102431630525
	0.0001597566836889509
	0.000160052953989967
	0.0001603941274033186
	0.0001607771618587172
	0.0001611831203928455
	0.0001615584918199249
	0.00016192124751764
	0.0001622481825096504
	0.0001625558543276569
	0.0001628312490783943
	0.0001630917702865886
	0.0001633811439503116
	0.0001636908577305615
	0.0001640140956515038
	0.0001643457820540653
	0.0001646812186074855
	0.0001649827945852493
	0.000165269421518227
	0.000165547264210344
	0.0001657922008665648
	0.0001659880837960697
	0.0001661036305495696
	0.0001662196239642325
	0.000166331141648701
	0.0001663926321077106
	0.0001663844735826122
	0.0001663166066436592
	0.0001661789278283664
	0.0001660362447058984
	0.0001658739999717818
	0.000165697159718123
	0.0001654788437692494
	0.0001652394133286451
	0.0001650088904188397
	0.0001647772767223479
	0.0001645356160002075
	0.0001642846184840151
	0.0001640560776219269
	0.0001638721363547953
	0.0001637548615717328
	0.0001636311414320631
	0.000163478822908159
	0.0001632953942362083
	0.0001631363090934765
	0.0001630681636162892
	0.0001630876057150765
	0.0001632047462038573
	0.0001633884670562892
	0.0001635840072996655
	0.0001637646894571734
	0.000163920405900779
	0.0001640946226632183
	0.0001642862460904105
	0.0001644802169527604
	0.0001646379685686169
	0.0001647458390625476
	0.0001647581838199632
	0.0001646756785045317
	0.0001645524426181192
	0.0001643785869769924
	0.000164171174258201
	0.0001639628179600416
	0.0001637350580435034
	0.0001634976661470674
	0.0001632459973053534
	0.00016302230856042
	0.0001628411390913661
	0.0001627144885628486
	0.0001625841739096426
	0.0001624311541471459
	0.0001622694983263871
	0.0001621395643669162
	0.0001620646714604178
	0.000162024078585769
	0.0001620189104491814
	0.0001620381039466869
	0.0001620188896742932
	0.0001619522119819245
	0.0001618157174513637
	0.0001616096599246422
	0.0001613481711983628
	0.0001610678236048674
	0.000160799434843864
	0.0001605419631804408
	0.000160295393344315
	0.0001600314253943861
	0.0001597383908835172
	0.0001594160039657911
	0.0001590962142436925
	0.000158801448226293
	0.0001585494188767325
	0.0001583622139220229
	0.000158173406712212
	0.0001579824599080653
	0.0001578305868196806
	0.0001576967028611904
	0.000157549676220135
	0.0001573764208646183
	0.0001571850358377798
	0.0001569837719416232
	0.0001567846071453402
	0.0001566695599369452
	0.0001566879841119846
	0.0001568618657885273
	0.0001571198574016573
	0.0001574178741501586
	0.000157696038681445
	0.000157957542673248
	0.0001582298779910654
	0.0001584844259643257
	0.0001587275441218986
	0.0001589309424165578
	0.0001591087918390536
	0.0001592615875160757
	0.000159430788034947
	0.0001596247489002011
	0.0001598197468789426
	0.000159997323124288
	0.000160164915425166
	0.0001603205872887456
	0.0001604947016366931
	0.0001607049606034518
	0.0001608987210158818
	0.0001610851368514111
	0.0001612328435604996
	0.0001613452917733249
	0.00016143791092132
	0.0001615510625038597
	0.0001616441415885798
	0.0001617111813710375
	0.0001617113416480524
	0.0001616467425436864
	0.0001615161655895409
	0.0001613293014636287
	0.0001610437968379426
	0.0001606774603471346
	0.0001602710646404837
	0.000159849418926163
	0.0001594074001662514
	0.0001589554571483788
	0.0001584671097673893
	0.0001579414917735907
	0.0001573877850074047
	0.0001568040717458141
	0.0001562031177292556
	0.0001555720651469463
	0.0001549804308582076
	0.0001544976727705205
	0.0001541300161119924
	0.0001538328812421239
	0.0001535607863349608
	0.000153358824856589
	0.0001532065534120074
	0.0001530925818492502
	0.0001530271753747913
	0.0001530286051176871
	0.000153121750495969
	0.0001532967808536349
	0.0001535638202653203
	0.000153868434617029
	0.0001542121180708179
	0.0001545613726557575
	0.0001548858293309104
	0.00015520600977077
	0.0001554894716869505
	0.0001557582798465572
	0.0001560510760732569
	0.0001563956236216975
	0.0001567387440298544
	0.0001571166651349214
	0.0001574345963197378
	0.0001577028105554688
	0.0001579282556273425
	0.0001581256415532108
	0.0001583090075320355
	0.000158460344305448
	0.0001586035932524796
	0.0001587371047586093
	0.0001588412828929017
	0.0001589135264947987
	0.0001589623866922514
	0.000159009063124547
	0.0001590352444066209
	0.0001590471009481804
	0.0001590229947141105
	0.0001589628888470655
	0.000158875745980773
	0.0001587779583249002
	0.0001586842708792459
	0.0001586199436828231
	0.0001585514257267796
	0.0001584906952483051
	0.0001584397002332696
	0.0001583839536582044
	0.0001583465166406867
	0.0001583919775303038
	0.0001584724607305736
	0.0001585198244462102
	0.0001585193059054332
	0.000158445846960848
	0.0001583243941174854
	0.000158150277418035
	0.0001579231577028435
	0.0001576329533944573
	0.0001572830494923552
	0.0001568900261780399
	0.0001565075419517189
	0.0001561668279682813
	0.0001559116446773678
	0.0001557043677410823
	0.0001555255297014415
	0.000155361827691419
	0.0001552103962356193
	0.0001550560671870264
	0.0001548924114601846
	0.0001547972851030025
	0.0001547533525288204
	0.000154788932450315
	0.0001549009056826776
	0.0001550735247417863
	0.0001552787494700044
	0.00015549213205342
	0.0001556929434535509
	0.0001558585573089278
	0.0001560154830905125
	0.0001561680230123017
	0.0001563091284511676
	0.0001564524674604636
	0.0001566245650122017
	0.000156810149580143
	0.000156986782035805
	0.0001571443061677154
	0.0001572507466778214
	0.0001573195908211281
	0.0001573579632829719
	0.0001573695641677638
	0.0001574077169379073
	0.0001574794815645595
	0.0001575811382227308
	0.0001577069482249314
	0.0001578244095482326
	0.0001578969737242714
	0.0001578879162239857
	0.0001577856856371844
	0.000157638870445829
	0.0001574834736984592
	0.000157336187864948
	0.0001572237291078414
	0.0001571787244977888
	0.0001571753530471478
	0.0001572039602860046
