	7.773796224418719
	7.776604917893506
	7.779330138512756
	7.781992770493271
	7.784606467809654
	7.787155646989627
	7.789648763834539
	7.797039271411331
	7.799469838131857
	7.801858287058952
	7.804201730887726
	7.806499378766958
	7.810932466487792
	7.817127606047777
	7.819051399312951
	7.820877465985998
	7.824211277684535
	7.825730871546994
	7.828549603042307
	7.829866958421573
	7.832265005083528
	7.833275406803101
	7.834121359280925
	7.834807029747767
	7.83534111171905
	7.835737637271922
	7.835999487921966
	7.836111918489154
	7.836076551698453
	7.835906478151357
	7.8356071612156
	7.835210511739075
	7.834769968738355
	7.834322160341586
	7.833885452641728
	7.833482328305482
	7.833142416390753
	7.832892287177711
	7.832636432262369
	7.832630010075648
	7.832705476903518
	7.833348742185454
	7.833579882815301
	7.833738952100438
	7.833820770463547
	7.833803022024306
	7.833745680106765
	7.833635615234847
	7.833445153889662
	7.83312667668112
	7.832641868679001
	7.831985619869815
	7.831180421085374
	7.830252561759718
	7.82923974810253
	7.828199645423502
	7.827182789225239
	7.826247434810922
	7.825420482826632
	7.824699881499297
	7.824084469421734
	7.822748105907813
	7.82236037398992
	7.821441164210577
	7.82014680009883
	7.818490252359346
	7.817628250868197
	7.816818214408945
	7.816080563644349
	7.815444067902994
	7.814938955121836
	7.814386806456831
	7.814367067568305
	7.814484261958324
	7.814614930844
	7.814750884405052
	7.814856846902661
	7.814883731875035
	7.814798761598361
	7.813831963399982
	7.813318155050125
	7.812702997231397
	7.811960198719697
	7.811110156527137
	7.810161270828003
	7.809129439417117
	7.808050176469572
	7.806973646068956
	7.805908024110996
	7.80486097634542
	7.802776403298075
	7.801631156113644
	7.798831431782998
	7.797152723382215
	7.795316540051792
	7.793362646496119
	7.789075970143061
	7.786767783112144
	7.784399705501672
	7.782025859787361
	7.7797074599491
	7.777463002714829
	7.775349248660006
	7.77343457508888
	7.77173965928258
	7.767840475886522
	7.766830037184928
	7.765961938391944
	7.765247718214715
	7.764682165012075
	7.763897042039321
	7.763623202892306
	7.763407254783055
	7.763231719117291
	7.762805435905761
	7.762490619504628
	7.762104384406288
	7.761300875533895
	7.760921627299657
	7.76053105667794
	7.760119738571945
	7.759671169186629
	7.759178298067094
	7.758648107664698
	7.758072273149341
	7.757436386023442
	7.756732837599208
	7.755942074221315
	7.755070581764899
	7.754146490987956
	7.753208380834851
	7.752291479756947
	7.751415160805831
	7.750584470421307
	7.749786375066276
	7.747527229295132
	7.746786349022589
	7.746032158988837
	7.745272009005363
	7.744530864268926
	7.743091467792679
	7.742388931622544
	7.741675930873774
	7.740959414767251
	7.740244458925755
	7.739511604868079
	7.738753275708914
	7.737956273770643
	7.736253362371783
	7.73537734067531
	7.734535519187546
	7.733757652987721
	7.733084730479883
	7.732541402989561
	7.732114044503356
	7.731780454792979
	7.731510267836181
	7.731270842015477
	7.730353370896046
	7.72994412362489
	7.72894752568445
	7.728340253103593
	7.726781137540976
	7.724663712872139
	7.723417950044582
	7.722069793854931
	7.720651064357629
	7.719187812481268
	7.717716620410981
	7.716270008836927
	7.714890527058495
	7.713603913244234
	7.712450817180301
	7.71147643872048
	7.71069607717039
	7.7101215160109
	7.709745015306077
	7.709536825820553
	7.709448831443382
	7.709425172627692
	7.709438482985314
	7.711039295457859
	7.712251542440179
	7.713768788162756
	7.714529151571139
	7.715256131120321
	7.715975811207339
	7.718034423053269
	7.721336726354211
	7.723760617873761
	7.726881690737721
	7.729457306160105
	7.730866663898873
	7.732355615838414
	7.73726254299749
	7.742408244944857
	7.746948365755941
	7.748365708297073
	7.749805521950409
	7.758602346361026
	7.760741227119742
	7.762962729501298
	7.76522818717907
	7.767504859574147
	7.769758640437213
	7.771950023113412
	7.774064569909041
	7.776103165137392
	7.778084402958902
	7.78196392921305
	7.783896609313115
	7.785822517429113
	7.787696473107053
	7.789493146068877
	7.791171367255044
	7.792730697900328
	7.794199590733156
	7.795575599014684
	7.796883335667838
	7.798135852799798
	7.799372025564426
	7.800623849009295
	7.801896851112677
	7.803139913002148
	7.804250444749152
	7.805122795170307
	7.805665037203498
	7.805804691620999
	7.805490760941149
	7.80473083381847
	7.803549486872554
	7.801993417016991
	7.800106350429774
	7.797932678841748
	7.795533907609495
	7.79297101530257
	7.790292569104202
	7.787551423427065
	7.784809958804757
	7.782105950314065
	7.779484498465386
	7.776993530858249
	7.774672095026061
	7.772532439983361
	7.770587754886354
	7.768841013714902
	7.767280157677146
	7.765909765921929
	7.764669634706724
	7.763510316328709
	7.762391831012466
	7.76128997671574
	7.760195893215504
	7.759118814325968
	7.758092032805425
	7.757156991621102
	7.756362513059184
	7.755743243425399
	7.755299035276284
	7.755017946152297
	7.754885205269421
	7.754884924434855
	7.755013556201293
	7.755286076238762
	7.755718624971331
	7.75631808863625
	7.757065241255065
	7.757939241222291
	7.758897507490139
	7.759935172914624
	7.761031994352948
	7.762178384284784
	7.763373648307046
	7.764624871255222
	7.765932249822135
	7.767285616489755
	7.768677896569278
	7.770118139030394
	7.77159093856934
	7.773047901907693
	7.774409844695843
	7.775603802375763
	7.776584734130363
	7.777335086195811
	7.777847494990608
	7.778116294317772
	7.778131848342947
	7.777904265256221
	7.77745994230722
	7.776835733632191
	7.776063605169946
	7.775176828663529
	7.773128796075758
	7.768138698969369
	7.766814334151611
	7.762670643635891
	7.760062351604343
	7.757976036342278
	7.757159669041777
	7.756476242623502
	7.755896532254455
	7.754946270825225
	7.754516153804382
	7.754047852902063
	7.753501367836447
	7.752856593803775
	7.752117233539434
	7.751270955371294
	7.750308994700764
	7.749244877668863
	7.748089180771036
	7.746841671952351
	7.745519237549121
	7.744121279534042
	7.742682292126944
	7.741227760341687
	7.739792181601106
	7.738409080860301
	7.737100397913871
	7.735880339981121
	7.734736837623438
	7.733667430378378
	7.732688936568925
	7.731833046423938
	7.731131879559008
	7.73013809501324
	7.730275081099846
	7.730365786829783
	7.730484027148101
	7.730636965415579
	7.730829754960927
	7.731270229742273
	7.731489541538517
	7.731693929251419
	7.731874224526803
	7.732159231888718
	7.732251624900655
	7.732282987432756
	7.732249185014904
	7.731906644789942
	7.730659491011745
	7.730158028583334
	7.729693309987444
	7.729057325191064
	7.728923596786894
	7.728925718665288
	7.729082088931295
	7.729403449180437
	7.729914835698235
	7.730626003154432
	7.732655994254698
	7.733949595053927
	7.73538664568542
	7.736938259696455
	7.738565739204444
	7.740247625851385
	7.741975829768119
	7.743744614774673
	7.745529445756148
	7.747290339936914
	7.748994717655418
	7.752204712663413
	7.753737754757226
	7.755231217892943
	7.758106107461436
	7.760854508393514
	7.76213443597421
	7.763294366180231
	7.764306116360241
	7.765184598328601
	7.765925497446138
	7.766550714999473
	7.76707189916915
	7.767857750973161
	7.768149568989756
	7.768405031229848
	7.76863886500167
	7.768861746875316
	7.76906168529719
	7.769195600955768
	7.769235685013895
	7.76916307620757
	7.768975696626985
	7.768686101685787
	7.768308151004567
	7.767849621454061
	7.767308771578539
	7.76672317614024
	7.766127695881753
	7.765529342052663
	7.764925970518426
	7.76431095195897
	7.763669855639049
	7.763013297720433
	7.762362221081474
	7.761714814402704
	7.761046053683032
	7.760335951800531
	7.759582962297395
	7.758808727804288
	7.758040227626728
	7.757280336012906
	7.756489661861909
	7.755652751044758
	7.754786989185069
	7.753918720304359
	7.753074091440544
	7.752285286291956
	7.751605929599712
	7.75105879759319
	7.750629120004774
	7.750296558303394
	7.750038781157743
	7.749822893847269
	7.749648140405457
	7.749500279881167
	7.749356836939388
	7.749202957288205
	7.748992652802305
	7.748694151864425
	7.748310106934694
	7.74784857251086
	7.747326976764192
	7.746765010339813
	7.74617230775142
	7.745569699437373
	7.744965320456703
	7.744394032303878
	7.743895181119317
	7.743485715096462
	7.743177745973584
	7.742967499037594
	7.742870120937712
	7.742892646545881
	7.743041280234508
	7.743324865522234
	7.743739765936844
	7.744280108361441
	7.744899225187432
	7.745526888320761
	7.746075562382199
	7.746499504696054
	7.746768985673791
	7.746854366733899
	7.746736281764534
	7.74653768403951
	7.74622931630588
	7.745806336679313
	7.744702410598865
	7.744109994319881
	7.74356452971197
	7.743106273316925
	7.742778198776607
	7.742619955874525
	7.742657437296018
	7.742895718653106
	7.74331568301277
	7.743874465359183
	7.744518922983627
	7.745913678849338
	7.748048110397866
	7.748729052175262
	7.749923701510787
	7.750420116432588
	7.750866690907928
	7.7512814949002
	7.751685930421797
	7.752094099706643
	7.7529983065013
	7.753560277164621
	7.754966463755078
	7.75581831789445
	7.756744358615688
	7.757677611473158
	7.758536246590746
	7.759267328513801
	7.759845117092704
	7.760274696900256
	7.760603100124936
	7.760860676649957
	7.761066455620464
	7.761238739355758
	7.761412716523612
	7.761602141105537
	7.761790806771875
	7.761963646156208
	7.762114608607438
	7.762237620231636
	7.76232533407289
	7.762379431907566
	7.762410195659367
	7.762467554730086
	7.762481975264715
	7.762446961463112
	7.762328505158077
	7.762089176680716
	7.761702683794601
	7.761164375138576
	7.760469473818923
	7.759622573793281
	7.758632491546102
	7.757514424328748
	7.756278085123781
	7.753555965951428
	7.750574457893136
	7.7459150452768
	7.744425291763702
	7.743004267677405
	7.741678051265419
	7.740472846402701
	7.739408946534557
	7.737753531734286
	7.737149388656594
	7.736653460930627
	7.735889663530797
	7.735612625063873
	7.735430831035432
	7.735366610871429
	7.735432566623662
	7.735629987224176
	7.735935551936267
	7.736314390824924
	7.73673857714206
	7.737202926296145
	7.738305428831474
	7.738985410878972
	7.739753571217566
	7.740593329420617
	7.741495404228248
	7.743430690770736
	7.744417221959959
	7.7453917796261
	7.746352246543923
	7.747301237811643
	7.748223354375979
	7.749087140939187
	7.749857290205431
	7.750513933319502
	7.75103553394162
	7.751400745955221
	7.751595414574735
	7.751644454935925
	7.751569352450947
	7.751411706099847
	7.751219690675629
	7.750831257179251
	7.75066595252938
	7.750524552054737
	7.750405823233766
	7.750317167330929
	7.750265929235376
	7.750235637905905
	7.750229470885017
	7.750251636283201
	7.750337493651939
	7.750502895615081
	7.750762607538642
	7.751120148853398
	7.751584372475919
	7.752157591971979
	7.75281380051754
	7.753543830650885
	7.75432540964166
	7.755128403831419
	7.755909058473925
	7.756607124518096
	7.757169609344809
	7.757557158857534
	7.757772071012072
	7.757863268607098
	7.757875090538605
	7.757862965927125
	7.757872791043861
	7.757938137289083
	7.75808421520256
	7.758577492698478
	7.758894887912021
	7.759251037914026
	7.759656984453321
	7.760105683551102
	7.760604042523235
	7.76115630332117
	7.761752060756523
	7.762367365395137
	7.762969368700925
	7.763551700995236
	7.764131314784231
	7.764720534864319
	7.765339505773521
	7.766004472975413
	7.766750776137203
	7.767607893276879
	7.768564791123628
	7.769578399884116
	7.77058837912426
	7.77235021968326
	7.77301809921084
	7.773513889766646
	7.773836671963875
	7.774011316003834
	7.774067610704622
	7.774037838835076
	7.773960405776265
	7.773853747126831
	7.773704799714695
	7.773483504664677
	7.773164641375492
	7.772727652394137
	7.772148938488193
	7.771410470761161
	7.770508724144836
	7.769440492468083
	7.768180005177411
	7.763262400820038
	7.761374314093223
	7.759403459488029
	7.75735431291885
	7.755254179490702
	7.750980245835371
	7.748873056043449
	7.746857995388843
	7.744953387376965
	7.743150806074132
	7.741443893676349
	7.739832372868546
	7.738343361427746
	7.73700543360655
	7.73483994664065
	7.733997898550784
	7.733296649308306
	7.732688002242868
	7.732119296024837
	7.730960533219696
	7.730349371258721
	7.729713834419794
	7.729047223836634
	7.728369418561783
	7.727701240138861
	7.727052167487881
	7.72641623770936
	7.725773256036878
	7.72509118974156
	7.724349538031567
	7.723562585039274
	7.722744323874634
	7.72190066267338
	7.721033293097305
	7.720150361137614
	7.719262624893531
	7.718367545790664
	7.717459252495012
	7.716556951353311
	7.715694959781164
	7.714919725656354
	7.714242684345303
	7.713652814956005
	7.713131843032052
	7.712657005859445
	7.711811794549843
	7.711474828812446
	7.711259058867262
	7.711226298588147
	7.711427747921433
	7.711895725103746
	7.712636495410806
	7.713644213346335
	7.7149190212389
	7.718323256657122
	7.720423095387486
	7.722737413334292
	7.725194891642764
	7.727717081088203
	7.732775738418058
	7.735270471954816
	7.73770757127036
	7.740058288175423
	7.742264161166074
	7.744289184442087
	7.746118536949445
	7.747752039720591
	7.749174534028038
	7.750386176596654
	7.75141834298999
	7.752321983570044
	7.753121228823999
	7.753840502751687
	7.754514163006811
	7.755196071360221
	7.755945246977334
	7.75680347407406
	7.757806720302353
	7.758975121387604
	7.760309513694266
	7.761804074158387
	7.763441740992516
	7.765209925892202
	7.767076571611408
	7.769012427750094
	7.770986166565743
	7.772962732904747
	7.774881957222642
	7.776702725164328
	7.778408169974065
	7.780004235155383
	7.781529184805377
	7.783016532644409
	7.78447713714777
	7.785919567180267
	7.787330297538561
	7.788697671436928
	7.79001862406675
	7.79127994102216
	7.792462411367747
	7.793562134683977
	7.794567589598289
	7.795453609413619
	7.796193095782185
	7.796767518113661
	7.797152945986555
	7.79734206118882
	7.797367436772189
	7.797270463948616
	7.797059350541934
	7.796702345496392
	7.795423533681956
	7.794522660135272
	7.793487907536589
	7.792356546509124
	7.791175194400494
	7.788727491980671
	7.787508742515905
	7.786317129331914
	7.785162792371764
	7.784072483559331
	7.783096369330374
	7.782261556181742
	7.781583750984793
	7.781084483141609
	7.78078119052578
	7.780666915463738
	7.780896897918013
	7.781529113629917
	7.781931069516942
	7.782787001523323
	7.783250351126339
	7.783756593793057
	7.784316407098401
	7.784947491237705
	7.785649046371177
	7.786418075733145
	7.787243649173567
	7.788102727409628
	7.788959442780057
	7.78978946453421
	7.790587796627359
	7.791370172563469
	7.792166942957921
	7.793011668654001
	7.793931640415833
	7.794942414226549
	7.796038730384748
	7.797206484538262
	7.798453280700999
	7.799783879853067
	7.801182788792787
	7.802618887553343
	7.804069454951122
	7.805517819106291
	7.806932181799757
	7.80827890666293
	7.809507067814382
	7.810602859037452
	7.811559431398113
	7.812403546033252
	7.813150374242512
	7.813767855541697
	7.814239576358622
	7.814591688037312
	7.814858237810272
	7.815036078130811
	7.815126701378563
	7.815150809043574
	7.815135637084417
	7.815111970489564
	7.815114168689465
	7.815152382827962
	7.815230160627228
	7.815346876220945
	7.815493747650272
	7.815665893801284
	7.815855990425765
	7.816068950488074
	7.816312051266945
	7.816556966850165
	7.816758035823885
	7.816864561085825
	7.816854517690449
	7.816732889240656
	7.816519111755457
	7.816192138303937
	7.815720063419671
	7.815076521365096
	7.814248074830791
	7.813216423826235
	7.81200755505763
	7.810646274060857
	7.80915300293965
	7.807560571562243
	7.805925906579678
	7.804279199500356
	7.802654810680186
	7.801085413886975
	7.79959049869774
	7.798183192138929
	7.796855171149057
	7.795592624474955
	7.794384529272054
	7.793228747098591
	7.792156303452027
	7.791209726179582
	7.790438208479208
	7.789877021590971
	7.789513385591437
	7.789328583794362
	7.789277320722026
	7.789303342901177
	7.789329835624636
	7.78928812590416
	7.789134820395951
	7.788844866965587
	7.788375536928502
	7.78768837171438
	7.786788776660946
	7.785703761040557
	7.784485687037181
	7.783184265351803
	7.781842031151057
	7.780485724058274
	7.777838066149547
	7.775398339000038
	7.774278037546529
	7.773225530539698
	7.772241165236195
	7.77132254618677
	7.770454625619694
	7.769607276738547
	7.76874659519847
	7.767842588989687
	7.766878152056353
	7.765861645604923
	7.764820957374376
	7.763790142611136
	7.762799832135292
	7.761877011935558
	7.761055579030557
	7.760352111917561
	7.759748809185568
	7.759203640240488
	7.758707388283764
	7.758257330051632
	7.757837504902502
	7.757437601327432
	7.757044535410999
	7.756641883923161
	7.756247574104351
	7.755875819274475
	7.755529447028215
	7.755198046653073
	7.754850759349772
	7.7544547813076
	7.75399573895932
	7.753468119954725
	7.752861952319439
	7.751400020232437
	7.750538204852967
	7.748525376754051
	7.746193978604635
	7.744915524906064
	7.743586480358259
	7.742240891132251
	7.740910987921867
	7.739632336690379
	7.738406283652048
	7.737260601986945
	7.736204734211759
	7.735239865301907
	7.734370540816848
	7.733596873350533
	7.73293662114872
	7.732392515167748
	7.731945911761274
	7.731569066179122
	7.731222838302737
	7.730907993095632
	7.730622503908905
	7.730397794442655
	7.730246002275371
	7.730185497854928
	7.730214522677846
	7.730311289986639
	7.730446827292115
	7.730582463304908
	7.730681524186124
	7.730718521488335
	7.730668193014703
	7.730513024213946
	7.730232877360566
	7.729833819765617
	7.729322750448183
	7.728711291770545
	7.727984824135602
	7.727142566398229
	7.725109177677236
	7.723934768947569
	7.721314597289584
	7.71843087401348
	7.716928491424102
	7.713940932847639
	7.712482070501272
	7.711069578044139
	7.709726304292751
	7.708451927550925
	7.707233992516618
	7.704971271411559
	7.703949988949993
	7.703011975467104
	7.702164453435513
	7.701406351478437
	7.700753821312563
	7.700232094556717
	7.699856577777753
	7.699642375703314
	7.699603922095766
	7.700063319509475
	7.701245079536613
	7.702137873450241
	7.704543184999695
	7.706049401886273
	7.707745971790779
	7.711584564598073
	7.713683271284318
	7.715869555860857
	7.718167564237063
	7.720621319704812
	7.723233181145456
	7.725978075664549
	7.728813805480157
	7.731676425831684
	7.734481272599075
	7.737140616407053
	7.739609736598914
	7.741866403886168
	7.743881314582446
	7.745616691132273
	7.747045023267615
	7.748156734361551
	7.748974034646319
	7.749541677486
	7.749916829148513
	7.750160865475023
	7.750321975721921
	7.750463168319685
	7.750631891245959
	7.750857382649988
	7.751151768387256
	7.751518770919684
	7.751943632414054
	7.752398568250505
	7.752878390595723
	7.75343072736624
	7.754112545432045
	7.754958815088088
	7.755986384247698
	7.757161636702492
	7.758434219784009
	7.759740922943466
	7.761032438548863
	7.762256699038399
	7.763366026006001
	7.764329099172953
	7.765125919913022
	7.765748627157392
	7.766204021744839
	7.766493601740928
	7.766684859911509
	7.766493788681833
	7.766289261091895
	7.766027608595142
	7.765729744356666
	7.765405244586963
	7.765076039362169
	7.76447162199683
	7.763927679529267
	7.763625888062046
	7.76327780001988
	7.762854129022224
	7.762315593537892
	7.761632064007212
	7.759805972933712
	7.758720461197123
	7.756270661314454
	7.754868777818517
	7.753319102356732
	7.751621262887046
	7.749809260198373
	7.746033065145917
	7.744174389039443
	7.742406019524842
	7.740758270649294
	7.736966132845774
	7.736122475326128
	7.735481794414348
	7.735035099638469
	7.734770424205847
	7.734659365366714
	7.734650591100505
	7.734712012980752
	7.734822651255896
	7.734968063567296
	7.735142540370854
	7.735321019709988
	7.735481687372887
	7.735599377663404
	7.73567407804553
	7.735704984748367
	7.735707205734544
	7.735699005691622
	7.735697152656988
	7.735707502470525
	7.735734042713987
	7.735803768638955
	7.735923566025357
	7.736084475422754
	7.736253491061074
	7.736385653599497
	7.736450186077092
	7.73643934683463
	7.736366556856887
	7.736248238619058
	7.736093505725884
	7.735640620485854
	7.735625379389216
	7.735697856219716
	7.735870011130386
	7.73613980250551
	7.736502078206668
	7.737493234705223
	7.738069349572414
	7.738651967185053
	7.739205006159625
	7.739722069080573
	7.740196813652755
	7.740639304557894
	7.741080062056415
	7.741547388808888
	7.742072192600966
	7.742676838877225
	7.743362011367709
	7.744128172219543
	7.744970537267329
	7.745859160648482
	7.746753359323269
	7.74762746357143
	7.748463205741136
	7.749258912942034
	7.75003174757029
	7.75081180562259
	7.751625977699813
	7.752471523682858
	7.753354794789839
	7.754277502188512
	7.756145778804058
	7.757046519063675
	7.757928624251221
	7.75881493267941
	7.75972546592591
	7.760675137786333
	7.761688302168465
	7.762781555954011
	7.7639523901787
	7.765178598400246
	7.7664277351578
	7.767660634496052
	7.768849042742453
	7.769994771232806
	7.771150135907651
	7.772365403972143
	7.773675624458377
	7.778356199905448
	7.78006307774309
	7.784950679965399
	7.786345484613554
	7.787557901757041
	7.788573246025752
	7.789389743348114
	7.790019848019673
	7.790483429383521
	7.790835302019082
	7.791136311865341
	7.791435422158897
	7.792068775857095
	7.792393951390964
	7.792710157254978
	7.793323613436951
	7.793670523753839
	7.794074783376399
	7.794567160795697
	7.795152890878085
	7.795822562515355
	7.79656088614751
	7.797336700247181
	7.798117201712219
	7.798876090375275
	7.799571439928895
	7.800169103562872
	7.800627217760637
	7.800912391529747
	7.80100854076997
	7.800924873387297
	7.800665880107668
	7.800246203467706
	7.799693656169261
	7.799042497315248
	7.798318288324996
	7.795879652363699
	7.794959200202833
	7.793964045168687
	7.792887886152558
	7.791745720292389
	7.79055713154109
	7.789358285057674
	7.788204963505572
	7.787156738178013
	7.786251616919301
	7.785492805730959
	7.784871830733524
	7.784343177678261
	7.783874494475323
	7.783432675509681
	7.782986950690184
	7.782512369786896
	7.7819936681037
	7.781421374891353
	7.780793031147468
	7.780089016410015
	7.779296819351369
	7.778411178476387
	7.777450491105395
	7.776443523775686
	7.77541709149292
	7.774349690949709
	7.773230093760286
	7.772072972234046
	7.770914190608108
	7.76979954816432
	7.768759353168893
	7.767826327074385
	7.767029023376322
	7.766394858625925
	7.765944967652101
	7.765675502470499
	7.765583686705464
	7.765637946636011
	7.765815211689191
	7.766094434992615
	7.766470985095878
	7.766947161134134
	7.767529952959492
	7.76822551321148
	7.769036206928958
	7.769951140601409
	7.77092902307553
	7.77191734903746
	7.772853882122384
	7.773710357977982
	7.774426710574496
	7.774936248388634
	7.775218204101643
	7.775278119700904
	7.774819460952052
	7.774344722788876
	7.773736586340131
	7.773034821631657
	7.77225464007
	7.771428574547842
	7.77057697359878
	7.769727352707921
	7.768900944494304
	7.768120130915841
	7.767409540312507
	7.766797275718064
	7.76631871466259
	7.76599396660419
	7.76581006224552
	7.765752896237841
	7.765795307512607
	7.765935456068078
	7.766159963632153
	7.766451855440931
	7.766760627219452
	7.767046597135784
	7.767264920721967
	7.767367002620444
	7.767314853783414
	7.767083577354199
	7.76666986538705
	7.766089884008292
	7.76537521711579
	7.764583448906097
	7.76374980279428
	7.762909702085897
	7.762070324442526
	7.761227235953241
	7.760362399478766
	7.759466697109286
	7.758550307701951
	7.757627680068261
	7.756696408896483
	7.755746897016683
	7.754777121446844
	7.753777910758732
	7.752759144214475
	7.7506958542206
	7.748696286417842
	7.747056083358536
	7.74646046619339
	7.746016486972766
	7.74544341272899
	7.74526085399437
	7.745145178901061
	7.745116292242367
	7.745195789266552
	7.745396235520731
	7.745696764468608
	7.746525602515925
	7.747524753738241
	7.748065347174131
	7.748647373362703
	7.749924625691127
	7.750573418070764
	7.751178025234452
	7.751725828340855
	7.752178784167501
	7.752496488528524
	7.752624441905284
	7.752525009519814
	7.751556365780063
	7.750696368976102
	7.749645010093503
	7.748458084356431
	7.747212676672302
	7.745968345540482
	7.744764604690797
	7.743610725296149
	7.742479894374176
	7.741326969983887
	7.740114051373267
	7.738828050729501
	7.737471503513
	7.736046130385344
	7.734585929549604
	7.733117939534852
	7.731672098600148
	7.730283786195291
	7.729027749809506
	7.727967153608762
	7.727138450978495
	7.726527364200732
	7.72611376626814
	7.725879002190482
	7.725791429753404
	7.725805690633195
	7.72587089354456
	7.725919896547301
	7.725898915665939
	7.725759118799967
	7.725479920490192
	7.72505617644989
	7.724501285850701
	7.723830099668809
	7.722359936327325
	7.721625418510332
	7.720880156746492
	7.72014063677911
	7.719399050207352
	7.717878142921275
	7.717090582635374
	7.716317104087779
	7.71559250831895
	7.71493731436546
	7.713864907884371
	7.713400566173183
	7.712920145686438
	7.712393114678315
	7.711186254433704
	7.709913328399931
	7.708242156250083
	7.707710291147534
	7.707165164587617
	7.705951265953588
	7.704345074468693
	7.703426378068663
	7.702509252902057
	7.70164929223341
	7.700912255697252
	7.700323598456063
	7.699908032035965
	7.699662768684491
	7.699563823968345
	7.699583034705292
	7.699706121394523
	7.699919671443441
	7.700210183249939
	7.700545500699983
	7.700884116011484
	7.701187850025965
	7.701461317422514
	7.701709135843836
	7.702198207284784
	7.702499401443296
	7.702861044520231
	7.70326653661496
	7.70369346700658
	7.704128833548577
	7.704583500746047
	7.705058261548868
	7.705537105293863
	7.706000623014581
	7.706461384397902
	7.706927629813245
	7.707407290149169
	7.707917680504914
	7.708458369246698
	7.70901543512981
	7.709555986036028
	7.710060743038193
	7.710539445917228
	7.711023268060003
	7.71156805988693
	7.71220639822748
	7.712918429281367
	7.713674256824858
	7.714454167013692
	7.715235153402194
	7.716764104737172
	7.717523229210376
	7.719049109856412
	7.72070056317338
	7.72091323650541
	7.720032243741158
	7.719303433806136
	7.718961775104772
	7.7180338025153
	7.717975907808634
	7.718048216006775
	7.718174029847519
	7.718334503053691
	7.718541262975988
	7.718830258964402
	7.719236705016714
	7.719784382609047
	7.720501448986758
	7.721405004057289
	7.722472614899185
	7.723651212511157
	7.724895845534565
	7.726165724388848
	7.727423163637124
	7.729892012883973
	7.731119001159795
	7.732358767286822
	7.733604703040617
	7.734831848933294
	7.73602199970368
	7.737169755982217
	7.738289060347375
	7.739405791077584
	7.740518791850762
	7.741644104928456
	7.74278944660575
	7.743970560511212
	7.745188530688536
	7.746438767703292
	7.748966260321329
	7.750236915619759
	7.75279296798906
	7.754049393627773
	7.755263614179873
	7.756385158417956
	7.757389543954968
	7.758273888863211
	7.759043143580232
	7.759679072147211
	7.760163048178923
	7.760494197684004
	7.760693989414731
	7.760767590374277
	7.760547183060702
	7.760283207332527
	7.758398305832573
	7.756921853082205
	7.755431523336264
	7.754793729559212
	7.754020906268715
	7.753969224037154
	7.754118118994158
	7.754422852045375
	7.755301460245669
	7.755728589763935
	7.756057064132577
	7.756245107256137
	7.756044450424015
	7.755608497040711
	7.754969906129992
	7.753328832963777
	7.752406343937427
	7.7514281837029
	7.750406837678959
	7.749340747547035
	7.748231001911646
	7.745968535630185
	7.744804758892664
	7.743616212311655
	7.741325769023742
	7.74029382957928
	7.7393706983034
	7.737866632423275
	7.736192421685283
	7.735673922288589
	7.735115696663273
	7.734496733320809
	7.733786014338633
	7.732992276791193
	7.731107601697409
	7.729990668365915
	7.728733468065162
	7.727346559495682
	7.725858982694386
	7.724303845878544
	7.722693771000494
	7.721030696908495
	7.719303223185054
	7.717522634925531
	7.715669747766889
	7.713743610116699
	7.707760559343238
	7.705789621086947
	7.703874099214605
	7.702061484219255
	7.70040525451353
	7.698950829953711
	7.697751802669531
	7.696852294902383
	7.696260712284058
	7.695854508494989
	7.695956552112197
	7.69661342021232
	7.697113517206507
	7.698200990147582
	7.699472774424712
	7.699717479830936
	7.699782797869269
	7.699542532975972
	7.699155047387967
	7.698633731489884
	7.697217156550806
	7.694882300554209
	7.693576566785801
	7.693039725926935
	7.692599948394207
	7.692272142001649
	7.69203998762995
	7.69188544265328
	7.691793579635503
	7.691761994445269
	7.691781865447721
	7.691830203516449
	7.691896760161033
	7.691969096764249
	7.692031476898306
	7.692057254182807
	7.692040050927601
	7.691976504238354
	7.691842850730177
	7.691631322361402
	7.69135487161651
	7.691031731120786
	7.690675430570789
	7.690297301979653
	7.689933606009608
	7.689601211970159
	7.689345525821182
	7.68921299981242
	7.689222493676012
	7.689381164093875
	7.689681522977638
	7.690095594689673
	7.690604045789759
	7.691193688496033
	7.691855758933878
	7.692602413621329
	7.693457859129657
	7.694447876634571
	7.695566998672836
	7.696794605257571
	7.698120832330435
	7.69952263001344
	7.700977832470352
	7.702448586627163
	7.703897417002098
	7.705300833971178
	7.706633661805895
	7.707878798049568
	7.709030490168381
	7.710110976180308
	7.711159532204712
	7.712237119647828
	7.713407842557969
	7.714716409341825
	7.716178761154543
	7.719541461038475
	7.721426078942917
	7.7234450732128
	7.727916128214329
	7.732827375921964
	7.735340095981854
	7.740139082770742
	7.744318022971482
	7.746122351778932
	7.747704201895562
	7.749043044324821
	7.751875695673401
	7.752502903534606
	7.753621704563704
	7.755466728390432
	7.7562103164023
	7.758754978651012
	7.759608529142431
	7.76045738481722
	7.761320709501198
	7.762203426299487
	7.763113990571854
	7.764031820776459
	7.764914245659229
	7.765683932432824
	7.766299765792731
	7.766910356917117
	7.766861160761228
	7.766573069849622
	7.766057888192038
	7.765332010773681
	7.764406785652155
	7.763320385837305
	7.762101407362594
	7.760790548532924
	7.757908992629318
	7.756360336281093
	7.754784781394783
	7.753216120465353
	7.751686403553727
	7.750208892585846
	7.748802542174524
	7.74745876277029
	7.746163231322814
	7.744916484494889
	7.743721809326916
	7.742580928109143
	7.741491697210007
	7.740461011323004
	7.739500429145633
	7.738613281116884
	7.737786369863914
	7.735414073415056
	7.734690209994598
	7.73403188135758
	7.733467048530796
	7.732997764171301
	7.732633879100982
	7.73235703256082
	7.732147860921287
	7.731970172465149
	7.73180103621597
	7.731639221673535
	7.731476303713517
	7.73130577013073
	7.731125974797667
	7.730942241675598
	7.730512527179144
	7.729929797409106
	7.729550097189127
	7.729064169746863
	7.728474935244172
	7.727079066529249
	7.725469301404747
	7.72458661062481
	7.722791266176604
	7.721945214082958
	7.720373548709447
	7.719659396976413
	7.719011365764668
	7.718428350289064
	7.717883854021394
	7.717337753695194
	7.716776852033039
	7.716205221144719
	7.71564055031181
	7.715101095385954
	7.714583665889494
	7.714072418614786
	7.713549073891658
	7.712995162803229
	7.712400387480643
	7.711791157440832
	7.711194051620194
	7.710656869234907
	7.710229486388157
	7.709932735918368
	7.709698158658071
	7.709904386516475
	7.710153344546318
	7.710861739123906
	7.711734940515679
	7.712228943905054
	7.712762198781685
	7.713306815929672
	7.713866967001679
	7.714429946288222
	7.715487253868651
	7.71665902321307
	7.716875745477319
	7.716612654547907
	7.714773697277938
	7.713072640724554
	7.710550728571923
	7.70799164087892
	7.707428099357328
	7.707336923745087
	7.707385590135279
	7.707583099197746
	7.707946560309666
	7.708480681720653
	7.709175479834081
	7.710019345825855
	7.711009137531074
	7.712123878115962
	7.713349035377055
	7.714649938348542
	7.715995809597525
	7.717374761026676
	7.718789356095145
	7.720257409259857
	7.721827162141235
	7.723523833847422
	7.725352223947348
	7.727312619863041
	7.729386089977877
	7.731544394818885
	7.733750937380949
	7.73595909635234
	7.738134976180389
	7.740232939183827
	7.74221033851927
	7.7440685951455
	7.745824243643594
	7.747507684400578
	7.749143190647778
	7.750754175627811
	7.752344914226563
	7.753898571375081
	7.75537512570782
	7.756731682164071
	7.757944853700002
	7.759011988568711
	7.75994177774451
	7.760767127309487
	7.761512538386388
	7.762178015193645
	7.763318876266475
	7.764346687699036
	7.765235889688223
	7.765612849395011
	7.765956601103663
	7.766279972627816
	7.766556778825293
	7.766744043000001
	7.766786390659795
	7.766643845996389
	7.766317632200392
	7.765827200696283
	7.765195124824629
	7.764454856461727
	7.763639449499656
	7.762768865330949
	7.761871442343877
	7.760966598376627
	7.759288380701855
	7.756999449622187
	7.75675047289481
	7.757238867167628
	7.757782456475942
	7.759188283487755
	7.759959599750296
	7.760729278919561
	7.761467223141755
	7.762141609602249
	7.762749106745994
	7.763268808693269
	7.763666731111329
	7.763913009155972
	7.763989973777264
	7.763898331457155
	7.763650819614582
	7.763264694878756
	7.76273428456175
	7.761370233550946
	7.760019184328516
	7.75946078922283
	7.758987978003623
	7.758598944944929
	7.758267292542626
	7.757982654744985
	7.757722861635985
	7.757462558511099
