	3.543612519911291e-07
	3.549444958896671e-07
	3.553573659102719e-07
	3.555841466116506e-07
	3.557216381612452e-07
	3.556677197268537e-07
	3.555443338579334e-07
	3.555066324497196e-07
	3.555883262902846e-07
	3.556498493858099e-07
	3.55699057975136e-07
	3.556774272929463e-07
	3.555018862426507e-07
	3.552469452058169e-07
	3.551025662422523e-07
	3.551190367206901e-07
	3.552720436802345e-07
	3.556276666565496e-07
	3.561029024833502e-07
	3.567501897111706e-07
	3.575550605175206e-07
	3.583428962622293e-07
	3.591666788381849e-07
	3.598782509389329e-07
	3.604328256900956e-07
	3.608926890184001e-07
	3.613007535487529e-07
	3.617589001839306e-07
	3.622629053823362e-07
	3.628642638193024e-07
	3.634578560482174e-07
	3.637658568514351e-07
	3.638781667938444e-07
	3.637970908352675e-07
	3.634910660903758e-07
	3.629306327452412e-07
	3.621056868780591e-07
	3.611664572254096e-07
	3.603057814326644e-07
	3.595857062771081e-07
	3.587869799414047e-07
	3.579057588855849e-07
	3.569716861552516e-07
	3.559426719135459e-07
	3.548429277674497e-07
	3.538749054204293e-07
	3.530999059951146e-07
	3.52367467595382e-07
	3.515516956895508e-07
	3.506047528582607e-07
	3.495746470964229e-07
	3.486952180073151e-07
	3.482033681975456e-07
	3.480454753603048e-07
	3.48058584888542e-07
	3.481985340108454e-07
	3.485791101135315e-07
	3.493568947116343e-07
	3.504651059804536e-07
	3.516148584871278e-07
	3.529054261931807e-07
	3.539153811872952e-07
	3.546417399861034e-07
	3.552221674152317e-07
	3.557927853755903e-07
	3.565055165131078e-07
	3.573729931234441e-07
	3.584483793923698e-07
	3.59698074200093e-07
	3.60948228859068e-07
	3.62452719860785e-07
	3.641078246181859e-07
	3.657667043500752e-07
	3.674230573025392e-07
	3.690456496726933e-07
	3.70571413514874e-07
	3.72002559426872e-07
	3.732897096658197e-07
	3.744064582018577e-07
	3.751635559203275e-07
	3.756036028588851e-07
	3.759274736791417e-07
	3.762531887189293e-07
	3.766078747255184e-07
	3.769082362524056e-07
	3.772405752672082e-07
	3.775008122425391e-07
	3.777735988289786e-07
	3.780198885212064e-07
	3.783186782697464e-07
	3.785758306713203e-07
	3.78717037927529e-07
	3.786427209802754e-07
	3.783491652475385e-07
	3.778990536514657e-07
	3.772316319990624e-07
	3.766496012211813e-07
	3.763032114188915e-07
	3.76115933208439e-07
	3.76028561957736e-07
	3.758891671536718e-07
	3.755821620338355e-07
	3.749864234138044e-07
	3.742516938701399e-07
	3.735117056155268e-07
	3.72849068920264e-07
	3.723103789708466e-07
	3.717800585272733e-07
	3.711422728241981e-07
	3.703758852612125e-07
	3.696831530123671e-07
	3.692106199973943e-07
	3.689085704297877e-07
	3.686105731231024e-07
	3.68294086091979e-07
	3.680067228726026e-07
	3.677027470559647e-07
	3.674879008595544e-07
	3.67397091520864e-07
	3.675298601767132e-07
	3.678136164244486e-07
	3.680500507009427e-07
	3.682067920722917e-07
	3.683115365978399e-07
	3.685422177841235e-07
	3.688776300072998e-07
	3.69208902248941e-07
	3.694555446216613e-07
	3.695780751425878e-07
	3.695800315493235e-07
	3.694252347042115e-07
	3.690719800418614e-07
	3.683398948946874e-07
	3.674556047341495e-07
	3.662972972979626e-07
	3.647757851296004e-07
	3.629089800250708e-07
	3.606185074289042e-07
	3.580921525753176e-07
	3.556099753696414e-07
	3.534390253704274e-07
	3.517368719922634e-07
	3.504556851203526e-07
	3.495549365296099e-07
	3.489337224530572e-07
	3.48453985881774e-07
	3.479099285560706e-07
	3.473371065092743e-07
	3.468544741278035e-07
	3.464743624209286e-07
	3.462543942693318e-07
	3.460171848703369e-07
	3.45537538737801e-07
	3.4473532312054e-07
	3.437104276207741e-07
	3.42582117306185e-07
	3.4131125918752e-07
	3.39901118212344e-07
	3.384807967428055e-07
	3.370455886514708e-07
	3.355494410897101e-07
	3.34037752724424e-07
	3.326153252714444e-07
	3.313626863909516e-07
	3.304205564727558e-07
	3.297157742350334e-07
	3.292439835885659e-07
	3.289100051075088e-07
	3.287142986129312e-07
	3.285844772227771e-07
	3.284645263575368e-07
	3.2838102571924e-07
	3.283734841654814e-07
	3.283305598078116e-07
	3.282332966180432e-07
	3.280798102831355e-07
	3.277753435403417e-07
	3.273534252426055e-07
	3.269519542668251e-07
	3.264386591638197e-07
	3.256222311063938e-07
	3.245641033149953e-07
	3.234052036437848e-07
	3.223343516099334e-07
	3.213564238560639e-07
	3.205027174592115e-07
	3.198303562191713e-07
	3.19349585102807e-07
	3.189281368126105e-07
	3.185815971616392e-07
	3.182784894643303e-07
	3.179349922704992e-07
	3.175168605102543e-07
	3.170005557812022e-07
	3.163192169101705e-07
	3.15496494809224e-07
	3.146329623069892e-07
	3.137370624485183e-07
	3.129001300679784e-07
	3.121214704212235e-07
	3.114584310617957e-07
	3.108680270036505e-07
	3.102643357275235e-07
	3.095379197419114e-07
	3.086934522769699e-07
	3.078776805495599e-07
	3.072613296119068e-07
	3.068986020930901e-07
	3.067748978794606e-07
	3.068514648106922e-07
	3.069857541457723e-07
	3.070886625997789e-07
	3.070439814374236e-07
	3.068283340487496e-07
	3.06439634523485e-07
	3.059333385108446e-07
	3.054145293369652e-07
	3.050347821541341e-07
	3.047288377493638e-07
	3.045141753861815e-07
	3.043644987214995e-07
	3.042531677738759e-07
	3.040796670014163e-07
	3.038649023314966e-07
	3.035316316903585e-07
	3.030120547573335e-07
	3.023413540056452e-07
	3.01641710064384e-07
	3.009585673941579e-07
	3.003352374306097e-07
	2.998010297573441e-07
	2.994092499042277e-07
	2.992048771719808e-07
	2.992800169540193e-07
	2.995917653440786e-07
	3.000910689258953e-07
	3.006227764875176e-07
	3.011260912965083e-07
	3.016810452129831e-07
	3.022978450234041e-07
	3.029694779573415e-07
	3.036777116962755e-07
	3.043032051157162e-07
	3.047338072684574e-07
	3.050430925425448e-07
	3.05241082000873e-07
	3.05415835100749e-07
	3.057063602847092e-07
	3.062659408370058e-07
	3.070994032345637e-07
	3.082082409721534e-07
	3.094859133198166e-07
	3.108037103995269e-07
	3.121061237153267e-07
	3.134541104176078e-07
	3.149135952374478e-07
	3.164298840065875e-07
	3.179262323745088e-07
	3.193564715479947e-07
	3.206413975680949e-07
	3.217530503793362e-07
	3.227528593219737e-07
	3.236690335240023e-07
	3.24579196265575e-07
	3.255140723912362e-07
	3.263753531017567e-07
	3.27139076693348e-07
	3.27869278722362e-07
	3.285927577953931e-07
	3.29323406612741e-07
	3.300215206638219e-07
	3.307197557820705e-07
	3.314161437972193e-07
	3.32071938225303e-07
	3.32606058336654e-07
	3.32936297829906e-07
	3.330194904475278e-07
	3.327701161407735e-07
	3.323394394355235e-07
	3.319811610451529e-07
	3.3168484145445e-07
	3.313558376041632e-07
	3.308631992807593e-07
	3.302983968613372e-07
	3.29800605473222e-07
	3.294186637978411e-07
	3.291738378358991e-07
	3.290329383034919e-07
	3.28946566660913e-07
	3.288957624132683e-07
	3.288874407557523e-07
	3.288399194269319e-07
	3.286598656288671e-07
	3.2836950552708e-07
	3.281099812439887e-07
	3.27897747568645e-07
	3.276998423074526e-07
	3.276091354989811e-07
	3.275072246188743e-07
	3.274786542357956e-07
	3.274382310242601e-07
	3.274890081949522e-07
	3.277060762290496e-07
	3.281143013536541e-07
	3.286956937441528e-07
	3.293085421394848e-07
	3.298387414379633e-07
	3.302201457974671e-07
	3.304389667954132e-07
	3.304987130109006e-07
	3.304148804732874e-07
	3.30315707116251e-07
	3.303257730919753e-07
	3.304227616881186e-07
	3.304532678136496e-07
	3.304039524933145e-07
	3.302404487223655e-07
	3.299628179700254e-07
	3.296805353579634e-07
	3.295136020719251e-07
	3.294099154293006e-07
	3.293916935287364e-07
	3.295833390056734e-07
	3.300216034649083e-07
	3.305139394285859e-07
	3.309861730474857e-07
	3.316300858054094e-07
	3.32167603814723e-07
	3.325027040510287e-07
	3.326968938744155e-07
	3.327571272705664e-07
	3.326590432529039e-07
	3.325242443965487e-07
	3.324175159565983e-07
	3.324589254495679e-07
	3.326327901379673e-07
	3.328411359492599e-07
	3.329394070128274e-07
	3.330188641817962e-07
	3.33131243085597e-07
	3.332322546621917e-07
	3.332767944945631e-07
	3.331740319913929e-07
	3.329693235384096e-07
	3.327208165731322e-07
	3.325292342184875e-07
	3.325081258146686e-07
	3.327716107500631e-07
	3.33228005107411e-07
	3.336777526710317e-07
	3.339362049128625e-07
	3.339278866414898e-07
	3.337177762374702e-07
	3.332867050683048e-07
	3.326399934869369e-07
	3.318480241125046e-07
	3.309705095045625e-07
	3.300833589207244e-07
	3.293016170414401e-07
	3.286998115805478e-07
	3.282669335653662e-07
	3.278662735440016e-07
	3.274906186644077e-07
	3.271000035855287e-07
	3.26719457781583e-07
	3.264068200759824e-07
	3.26185552814752e-07
	3.259379656470566e-07
	3.256949559537934e-07
	3.25505288453641e-07
	3.253573675123378e-07
	3.253366932076819e-07
	3.254124662041587e-07
	3.256675123702701e-07
	3.260783345015749e-07
	3.266469966211057e-07
	3.271064373351779e-07
	3.274631382985316e-07
	3.278445318855622e-07
	3.283463872093043e-07
	3.289436846506457e-07
	3.297289586526507e-07
	3.307353975770013e-07
	3.319178767837989e-07
	3.333227954947721e-07
	3.347791252586783e-07
	3.360250431583756e-07
	3.369175998285829e-07
	3.375742597699113e-07
	3.3825528521579e-07
	3.39064894207581e-07
	3.400364931078189e-07
	3.410694295747729e-07
	3.42038704186426e-07
	3.428156831276762e-07
	3.432870204534864e-07
	3.433899830563306e-07
	3.432095533871758e-07
	3.427717685444524e-07
	3.420851894650926e-07
	3.414429408934706e-07
	3.409663469821418e-07
	3.405527751574361e-07
	3.400145063611189e-07
	3.393936302496928e-07
	3.387175645748378e-07
	3.380532485497939e-07
	3.37580723613725e-07
	3.372154482713383e-07
	3.369924277196273e-07
	3.36815036099902e-07
	3.366117882968359e-07
	3.364325120973291e-07
	3.361871277174433e-07
	3.358791098415105e-07
	3.355176474655858e-07
	3.351076525256851e-07
	3.345589499911118e-07
	3.337902393722882e-07
	3.330632013193526e-07
	3.32692421434954e-07
	3.32572683081018e-07
	3.326809879097805e-07
	3.32909834308405e-07
	3.330998893939459e-07
	3.333309573383604e-07
	3.336772502023799e-07
	3.340429653709339e-07
	3.34224734023327e-07
	3.341469457171346e-07
	3.339654166313173e-07
	3.338098174559543e-07
	3.33749126312296e-07
	3.337766594815613e-07
	3.338465532679762e-07
	3.33954143329256e-07
	3.342285201946022e-07
	3.346873821337696e-07
	3.352359896867353e-07
	3.358648424233547e-07
	3.364931704845279e-07
	3.37140054023752e-07
	3.379134271114945e-07
	3.387929135753183e-07
	3.396974424749495e-07
	3.404496126660683e-07
	3.409718146585561e-07
	3.413318784364304e-07
	3.416194302478532e-07
	3.419229601365365e-07
	3.421852479926404e-07
	3.423492239818773e-07
	3.422652244426189e-07
	3.418351329336837e-07
	3.411663572216554e-07
	3.402118268390832e-07
	3.389078169757249e-07
	3.373709818711464e-07
	3.3564396625456e-07
	3.337139100189272e-07
	3.317283579411817e-07
	3.298202305504545e-07
	3.281451313888426e-07
	3.26811308946809e-07
	3.257362163272092e-07
	3.24749449305973e-07
	3.23803776353473e-07
	3.228857779452063e-07
	3.22122194413484e-07
	3.215340601412079e-07
	3.21172736540109e-07
	3.210475861233682e-07
	3.211967813152718e-07
	3.21692697474798e-07
	3.224358090850422e-07
	3.232261394173547e-07
	3.241367301163598e-07
	3.253285358903643e-07
	3.269173316020348e-07
	3.287549063348272e-07
	3.305772399651147e-07
	3.32119809896982e-07
	3.333577245729627e-07
	3.343741873136915e-07
	3.352620221579642e-07
	3.360802169434302e-07
	3.367404234554459e-07
	3.371522983507993e-07
	3.373900229142859e-07
	3.374797175008398e-07
	3.372934950907686e-07
	3.369542345862501e-07
	3.366518464654178e-07
	3.363802097941988e-07
	3.361661599614807e-07
	3.360570925453754e-07
	3.361162893234345e-07
	3.363198766570743e-07
	3.366106613710845e-07
	3.368545773337272e-07
	3.370518614183992e-07
	3.372650774040329e-07
	3.374924929295377e-07
	3.378138863426918e-07
	3.382373703129372e-07
	3.385872020575777e-07
	3.38827026374992e-07
	3.389642332230619e-07
	3.391141661595529e-07
	3.393755514448854e-07
	3.397566208377221e-07
	3.401992712467557e-07
	3.405836229367276e-07
	3.408917825000766e-07
	3.411376899863895e-07
	3.414571194215908e-07
	3.418852187785671e-07
	3.423778875529559e-07
	3.42970961837476e-07
	3.436503283781316e-07
	3.444393124542985e-07
	3.453558380602194e-07
	3.462576572250401e-07
	3.470315989997988e-07
	3.475058350078582e-07
	3.475844705234525e-07
	3.472487174357357e-07
	3.466175135553292e-07
	3.460777850558944e-07
	3.458665620412934e-07
	3.459995821129257e-07
	3.462330513333419e-07
	3.464198746359702e-07
	3.464219845540753e-07
	3.461850733549032e-07
	3.456774571787984e-07
	3.450711269539154e-07
	3.446588613451722e-07
	3.445019669493095e-07
	3.445393349867356e-07
	3.445729777868109e-07
	3.444567566601529e-07
	3.442312922814002e-07
	3.439821567410806e-07
	3.438799610291096e-07
	3.439472225472278e-07
	3.442020559008044e-07
	3.446039849462156e-07
	3.451406066033719e-07
	3.458028052683385e-07
	3.466641572040041e-07
	3.479446783969561e-07
	3.497057017173719e-07
	3.518376040806601e-07
	3.541249152056949e-07
	3.562792176076235e-07
	3.580791500876997e-07
	3.59412615996747e-07
	3.604100799734527e-07
	3.612560989873068e-07
	3.620954717396642e-07
	3.63092747572846e-07
	3.641596615767068e-07
	3.65145786600511e-07
	3.659803118351228e-07
	3.665682111920493e-07
	3.668658609206913e-07
	3.669936279172559e-07
	3.668585766797728e-07
	3.665063886092052e-07
	3.660308684646216e-07
	3.655104675915277e-07
	3.649471010122755e-07
	3.642499796255396e-07
	3.634327730476109e-07
	3.624732130159242e-07
	3.615269501547312e-07
	3.606919751619642e-07
	3.599795008876302e-07
	3.592964421279308e-07
	3.585248398180703e-07
	3.575493877711274e-07
	3.563236716252997e-07
	3.549851927811514e-07
	3.53654939135334e-07
	3.524612108760324e-07
	3.515341869107343e-07
	3.508729539581875e-07
	3.503655395701801e-07
	3.500109228457319e-07
	3.498339710401049e-07
	3.497956942173811e-07
	3.497501003742133e-07
	3.497088571457912e-07
	3.498263941788202e-07
	3.502498721830682e-07
	3.510170069535507e-07
	3.519263242196642e-07
	3.528757381203033e-07
	3.538095118770526e-07
	3.547415100313928e-07
	3.556222152040364e-07
	3.566303851878185e-07
	3.578335549529745e-07
	3.591569265391256e-07
	3.60594791143742e-07
	3.619657880915042e-07
	3.631435681559593e-07
	3.644214865441369e-07
	3.659009718298911e-07
	3.67471220104278e-07
	3.691253721332843e-07
	3.707774134999604e-07
	3.723487103373952e-07
	3.739253895368295e-07
	3.75691431039111e-07
	3.776643949806033e-07
	3.79749072051588e-07
	3.817698034831634e-07
	3.835574415419133e-07
	3.850806970735105e-07
	3.86388176068654e-07
	3.877309579449623e-07
	3.888659660846461e-07
	3.895786591959523e-07
	3.901161885987296e-07
	3.90233125503374e-07
	3.898067732842586e-07
	3.891592678635004e-07
	3.881646731208988e-07
	3.868891001628747e-07
	3.853513626673191e-07
	3.83715915622847e-07
	3.822833205105146e-07
	3.811533026819376e-07
	3.80260750485069e-07
	3.79602776470806e-07
	3.792852711590161e-07
	3.790838438993688e-07
	3.788608484920046e-07
	3.785382320976881e-07
	3.780529302393641e-07
	3.772743984442224e-07
	3.761985442955071e-07
	3.750291528158738e-07
	3.740380993222873e-07
	3.732428747717329e-07
	3.726799165659279e-07
	3.721897954713774e-07
	3.717229184584919e-07
	3.713172793142712e-07
	3.708845148503898e-07
	3.704112667307431e-07
	3.697284374752062e-07
	3.688510917699349e-07
	3.677521875067332e-07
	3.666858374255844e-07
	3.658509778527848e-07
	3.651275170382542e-07
	3.644260359236256e-07
	3.636424235783432e-07
	3.626669836536718e-07
	3.615322847883277e-07
	3.603193333999028e-07
	3.592268738718871e-07
	3.583800305120515e-07
	3.578819442904655e-07
	3.577160119906119e-07
	3.578777861317786e-07
	3.583511765068116e-07
	3.591174220461461e-07
	3.599290026606568e-07
	3.60648073900875e-07
	3.612525636963473e-07
	3.618197895493657e-07
	3.623273831908458e-07
	3.627078473141991e-07
	3.629005561964702e-07
	3.62911635352482e-07
	3.628499547327688e-07
	3.626816162691477e-07
	3.623462667704692e-07
	3.61824890558092e-07
	3.613063877755468e-07
	3.608934980122345e-07
	3.605395798034825e-07
	3.602148577583707e-07
	3.599800486713678e-07
	3.595811599845351e-07
	3.588030667638823e-07
	3.578730716993633e-07
	3.567305623037205e-07
	3.555907627291353e-07
	3.547955273128069e-07
	3.544609141970717e-07
	3.544704056482259e-07
	3.545477875633082e-07
	3.549290242736787e-07
	3.554530674516209e-07
	3.561230048528456e-07
	3.568121074268006e-07
	3.576949528691218e-07
	3.588189280459165e-07
	3.601047173495486e-07
	3.613157218838752e-07
	3.622712650667649e-07
	3.628969757950831e-07
	3.632361851035776e-07
	3.633816224151804e-07
	3.633304789812313e-07
	3.630767027367716e-07
	3.626707421953537e-07
	3.619478383753502e-07
	3.607826509107227e-07
	3.591581107217349e-07
	3.573106674794698e-07
	3.553486128850202e-07
	3.534643076944122e-07
	3.516204285225629e-07
	3.497799027922115e-07
	3.479180101282732e-07
	3.459898973085677e-07
	3.439908072331192e-07
	3.418905431672817e-07
	3.39731042375769e-07
	3.375423922352263e-07
	3.353832417678792e-07
	3.331970208063337e-07
	3.310181448580556e-07
	3.29016134426638e-07
	3.273358542428193e-07
	3.260318600577345e-07
	3.252650759847793e-07
	3.249330783821959e-07
	3.246541552016734e-07
	3.243908333479305e-07
	3.241428729605595e-07
	3.242103184647561e-07
	3.248063799287628e-07
	3.257744358261335e-07
	3.268606874902646e-07
	3.279474499741433e-07
	3.288336610911585e-07
	3.295124963355994e-07
	3.300545293222332e-07
	3.30676421186449e-07
	3.314550570539447e-07
	3.324241947097479e-07
	3.335718768878054e-07
	3.346537107880619e-07
	3.354562581152667e-07
	3.35985993150156e-07
	3.363339546882906e-07
	3.365301460390781e-07
	3.365246337534068e-07
	3.362404818979597e-07
	3.356780865586295e-07
	3.348798959601494e-07
	3.339956263050935e-07
	3.329819625065059e-07
	3.317258050807936e-07
	3.30257045058188e-07
	3.288657468758586e-07
	3.275626784288674e-07
	3.263555210007159e-07
	3.252774548467891e-07
	3.244286774824098e-07
	3.238120870626498e-07
	3.235477110947809e-07
	3.236844950303725e-07
	3.241908408092732e-07
	3.24825535793039e-07
	3.253660404853452e-07
	3.256784531289683e-07
	3.25802404551822e-07
	3.258885556017415e-07
	3.259537298709817e-07
	3.259798625706978e-07
	3.261084928577067e-07
	3.264327035252971e-07
	3.268799392180095e-07
	3.272841372607278e-07
	3.275629073629998e-07
	3.277267988263156e-07
	3.277816078527834e-07
	3.27685849166221e-07
	3.273984834307711e-07
	3.271584562846211e-07
	3.270620287166812e-07
	3.271497903948845e-07
	3.272539799416944e-07
	3.274502150634141e-07
	3.2781757271112e-07
	3.282855267655745e-07
	3.287842825785428e-07
	3.291724399787022e-07
	3.295252646778469e-07
	3.298304430654985e-07
	3.301817742205134e-07
	3.30559867640443e-07
	3.309387062811113e-07
	3.312830002946114e-07
	3.317128375083864e-07
	3.321713275928052e-07
	3.325687938026706e-07
	3.327750457052868e-07
	3.327662278073695e-07
	3.326017721689988e-07
	3.323369739576518e-07
	3.319849434748911e-07
	3.316026434392118e-07
	3.312570638675288e-07
	3.310509112554309e-07
	3.310298105799617e-07
	3.312522822927669e-07
	3.317125350969626e-07
	3.323105687645775e-07
	3.329213818115413e-07
	3.335261248616533e-07
	3.340629621526502e-07
	3.345715234214972e-07
	3.349590464760805e-07
	3.352295700962775e-07
	3.35445707878918e-07
	3.357600842098637e-07
	3.362683573205711e-07
	3.369101867776557e-07
	3.376476792763617e-07
	3.384702479433749e-07
	3.394535989819538e-07
	3.406030761389619e-07
	3.418523773479273e-07
	3.43214425933583e-07
	3.446783391092334e-07
	3.462905450392185e-07
	3.479262992656609e-07
	3.495128010278951e-07
	3.509955991621923e-07
	3.523722360488374e-07
	3.536512821326448e-07
	3.547084204447332e-07
	3.554787716188353e-07
	3.559611916944046e-07
	3.563055861372949e-07
	3.565629322882054e-07
	3.568846914916134e-07
	3.572748634062897e-07
	3.578804471663475e-07
	3.586880970118971e-07
	3.597186758014727e-07
	3.607790469530573e-07
	3.617839507268685e-07
	3.627364794960527e-07
	3.638654216841354e-07
	3.650262962391584e-07
	3.660100696404302e-07
	3.668282717890191e-07
	3.676204890739646e-07
	3.685360893048077e-07
	3.696621340048425e-07
	3.711862676999816e-07
	3.729482846275411e-07
	3.748146813877045e-07
	3.768954119463951e-07
	3.79008166496566e-07
	3.80939913773969e-07
	3.825666212845193e-07
	3.83944024866226e-07
	3.85172450162831e-07
	3.864491566642505e-07
	3.878487180200157e-07
	3.893162497088181e-07
	3.908212561663971e-07
	3.921451367988671e-07
	3.930637293345174e-07
	3.936863490681587e-07
	3.939661743360222e-07
	3.938798111795687e-07
	3.933379383331424e-07
	3.925022156003665e-07
	3.916458088395081e-07
	3.908004521450264e-07
	3.899991188205434e-07
	3.891256535277694e-07
	3.880218837541891e-07
	3.8661407822544e-07
	3.850268530213747e-07
	3.831807686042534e-07
	3.812520825448249e-07
	3.795473359492174e-07
	3.779648393538137e-07
	3.761316851974823e-07
	3.742695676077638e-07
	3.725071551817965e-07
	3.710258405255757e-07
	3.699027325737528e-07
	3.689498794837095e-07
	3.681289422140798e-07
	3.673525696636679e-07
	3.666398202744892e-07
	3.662446462013583e-07
	3.660558991655338e-07
	3.657780752621171e-07
	3.654613913157482e-07
	3.651387032690045e-07
	3.649147036079607e-07
	3.648379720377668e-07
	3.650216069730991e-07
	3.654010973197106e-07
	3.658729584638803e-07
	3.664381039201886e-07
	3.669938712628407e-07
	3.674791536695376e-07
	3.679126485073507e-07
	3.684520930549895e-07
	3.692298021825441e-07
	3.702509958852855e-07
	3.713279207378298e-07
	3.723299237537739e-07
	3.733171998248462e-07
	3.74211973211624e-07
	3.748723737147347e-07
	3.75427286169252e-07
	3.759685774753783e-07
	3.765304585003246e-07
	3.771109632287091e-07
	3.77596132998996e-07
	3.780148543405532e-07
	3.783744508812522e-07
	3.786860928080369e-07
	3.791339131779753e-07
	3.798519356308866e-07
	3.8088123467197e-07
	3.82143027075638e-07
	3.833995723064108e-07
	3.844226499891688e-07
	3.850781323085437e-07
	3.854221522743174e-07
	3.853113086403492e-07
	3.846905041617159e-07
	3.837592169620684e-07
	3.82787369389763e-07
	3.819098089809746e-07
	3.81066000959152e-07
	3.801648083274395e-07
	3.792828969946852e-07
	3.785755601683968e-07
	3.781891763356409e-07
	3.781062721640509e-07
	3.784410525346927e-07
	3.79171364968515e-07
	3.800852847492904e-07
	3.809667997953509e-07
	3.817107073591572e-07
	3.822094854265091e-07
	3.825060956677786e-07
	3.826113199049192e-07
	3.825296134785566e-07
	3.822088705920634e-07
	3.815941329119349e-07
	3.807905760370274e-07
	3.801558166024059e-07
	3.797777554963865e-07
	3.796731810756892e-07
	3.797574542249789e-07
	3.799610712141505e-07
	3.8030232776033e-07
	3.806753677869329e-07
	3.811291094356457e-07
	3.817202655750073e-07
	3.822930892414288e-07
	3.827033582016985e-07
	3.829367180281384e-07
	3.82962357529734e-07
	3.826482692236319e-07
	3.819852792403889e-07
	3.809944425245407e-07
	3.798527313723973e-07
	3.787647432818641e-07
	3.778252730941048e-07
	3.769954582862317e-07
	3.762588365425106e-07
	3.754886462769046e-07
	3.746700885590074e-07
	3.739751368764463e-07
	3.73570215421957e-07
	3.734992576281811e-07
	3.73646340614255e-07
	3.740678948233487e-07
	3.747179217998161e-07
	3.7556114015336e-07
	3.765119495138827e-07
	3.77339463286267e-07
	3.778734798254193e-07
	3.782864499716732e-07
	3.786784540255485e-07
	3.791032187892152e-07
	3.795877497555694e-07
	3.798619612325795e-07
	3.79914774836467e-07
	3.797791185433276e-07
	3.794109846127777e-07
	3.789014642012537e-07
	3.784298025991601e-07
	3.779478482915751e-07
	3.774900739888822e-07
	3.771102477700715e-07
	3.768421597854371e-07
	3.766081773099683e-07
	3.76243556748242e-07
	3.757005068229295e-07
	3.749392313883167e-07
	3.741510575833418e-07
	3.733627404957357e-07
	3.724433364171671e-07
	3.715219449685955e-07
	3.706910685931263e-07
	3.698907220291756e-07
	3.69088111033354e-07
	3.683029964585012e-07
	3.675767443685636e-07
	3.668501818601137e-07
	3.662658209617965e-07
	3.656747313276187e-07
	3.652005198912865e-07
	3.648578134465935e-07
	3.644697695843919e-07
	3.638487500664374e-07
	3.633221568230275e-07
	3.631095058533348e-07
	3.631587493037523e-07
	3.632412061886045e-07
	3.633058402455463e-07
	3.632084057653464e-07
	3.629332820933678e-07
	3.625618682971452e-07
	3.620683324325885e-07
	3.614241823269386e-07
	3.60784420894657e-07
	3.60184718288141e-07
	3.596877516279799e-07
	3.59376784751444e-07
	3.592581150266076e-07
	3.59327812225082e-07
	3.595591044574189e-07
	3.599573488593419e-07
	3.603741991931635e-07
	3.607232695218228e-07
	3.610510618452123e-07
	3.613928020240591e-07
	3.617664209495082e-07
	3.621085079214278e-07
	3.624403725286152e-07
	3.628264373889153e-07
	3.633181806910544e-07
	3.637455852311191e-07
	3.641438828499954e-07
	3.645283918378019e-07
	3.647720234688005e-07
	3.650890190098528e-07
	3.653003732957723e-07
	3.653263505903294e-07
	3.652553336266138e-07
	3.653038841842533e-07
	3.654671629582729e-07
	3.65850474530295e-07
	3.66381773323537e-07
	3.669163256924584e-07
	3.675757213413161e-07
	3.682853938715709e-07
	3.687697215056532e-07
	3.693284324467296e-07
	3.699417370346671e-07
	3.705932792487573e-07
	3.710823814372401e-07
	3.713472539796441e-07
	3.713940809011037e-07
	3.711501977347172e-07
	3.704504482049161e-07
	3.693992479524354e-07
	3.682402109012555e-07
	3.67240460977648e-07
	3.665199867371062e-07
	3.661423458882596e-07
	3.659812956191039e-07
	3.658556896911347e-07
	3.655679937116057e-07
	3.649908635500745e-07
	3.641981920144729e-07
	3.632600792140544e-07
	3.622828623849822e-07
	3.613473839076649e-07
	3.60428532614745e-07
	3.593599415423991e-07
	3.58199865022502e-07
	3.56847183772177e-07
	3.552922872746707e-07
	3.536893111116283e-07
	3.521451030428645e-07
	3.507258196047203e-07
	3.494919220060843e-07
	3.48477362622081e-07
	3.477833563876068e-07
	3.473149912414015e-07
	3.467700273434259e-07
	3.460731153781711e-07
	3.453075911823441e-07
	3.446063734022169e-07
	3.43958689659419e-07
	3.43308962295173e-07
	3.426204866446792e-07
	3.419622637914867e-07
	3.414003684077499e-07
	3.409637166544976e-07
	3.408176894514289e-07
	3.410515818676927e-07
	3.415847354999687e-07
	3.423246358975127e-07
	3.430693626075284e-07
	3.437491284313451e-07
	3.442505586222033e-07
	3.446417440043797e-07
	3.45012692241637e-07
	3.453897499899579e-07
	3.456488479845723e-07
	3.457408763820965e-07
	3.454605965065501e-07
	3.44758819918152e-07
	3.435997264426231e-07
	3.420249551400812e-07
	3.40169589447686e-07
	3.38179457702367e-07
	3.363480618380939e-07
	3.348639612276128e-07
	3.340551376089178e-07
	3.337776920233284e-07
	3.339287147690347e-07
	3.344955649173641e-07
	3.354466681700425e-07
	3.368967842642175e-07
	3.387694234909572e-07
	3.408188712051211e-07
	3.427289702222897e-07
	3.446149790563332e-07
	3.463724448140075e-07
	3.476944872298001e-07
	3.485655814720445e-07
	3.489971358337781e-07
	3.489569753338051e-07
	3.485344770377398e-07
	3.478612320299792e-07
	3.471727537064366e-07
	3.467225063747915e-07
	3.463771660718518e-07
	3.461360460457249e-07
	3.458765658139981e-07
	3.457330470211442e-07
	3.45716748994008e-07
	3.457549590628739e-07
	3.457533455606035e-07
	3.459104105806586e-07
	3.46262556714625e-07
	3.469388696569093e-07
	3.48045157693409e-07
	3.495194246703201e-07
	3.512848804164693e-07
	3.531995388290796e-07
	3.549656192767994e-07
	3.563206533045948e-07
	3.573204470334441e-07
	3.581949821698655e-07
	3.589662736369507e-07
	3.596885520881057e-07
	3.603677899463222e-07
	3.609462854291243e-07
	3.615249192626039e-07
	3.620427494387417e-07
	3.624871454449838e-07
	3.628620276326351e-07
	3.632875886574622e-07
	3.636754955746875e-07
	3.640045183128819e-07
	3.641680640125366e-07
	3.641156782204852e-07
	3.638018376691846e-07
	3.633180370129207e-07
	3.626814478513387e-07
	3.619010359269096e-07
	3.609033574555206e-07
	3.596803222688768e-07
	3.582189031985893e-07
	3.565775226378552e-07
	3.550000345679725e-07
	3.537111905835121e-07
	3.528528819126462e-07
	3.525816456872048e-07
	3.528851109573677e-07
	3.536547497230677e-07
	3.546878779675678e-07
	3.558955721555544e-07
	3.571331873543398e-07
	3.582949479370582e-07
	3.594857200526214e-07
	3.606730418314981e-07
	3.618291524771898e-07
	3.62948521903085e-07
	3.638863928640411e-07
	3.647456959858878e-07
	3.658342701664446e-07
	3.67239915610355e-07
	3.690231340458275e-07
	3.710678911816433e-07
	3.731966916664774e-07
	3.751267706816862e-07
	3.767805249338483e-07
	3.78232890089282e-07
	3.793971125972537e-07
	3.801911775935931e-07
	3.806508132800775e-07
	3.81095714417508e-07
	3.815946210471025e-07
	3.820529098515534e-07
	3.823046209188747e-07
	3.824972082102666e-07
	3.828251018029434e-07
	3.833471066255604e-07
	3.840619515009018e-07
	3.849136960872254e-07
	3.858257175650542e-07
	3.867752660924496e-07
	3.877827921159544e-07
	3.889136031428926e-07
	3.902391739626509e-07
	3.916753317831274e-07
	3.930930636229582e-07
	3.943969106123936e-07
	3.955064796101329e-07
	3.963924966575233e-07
	3.968694423765198e-07
	3.96829463722121e-07
	3.964631252798811e-07
	3.957850073149133e-07
	3.948111817620002e-07
	3.935687759085796e-07
	3.920650652824764e-07
	3.904663600167074e-07
	3.889244252568895e-07
	3.875565785693408e-07
	3.863728953129577e-07
	3.855506975330132e-07
	3.850613902852555e-07
	3.84764973803132e-07
	3.845481565370801e-07
	3.843545013328182e-07
	3.840545637555184e-07
	3.835667566894208e-07
	3.82870124943626e-07
	3.820370255275244e-07
	3.813323344539067e-07
	3.807854342774256e-07
	3.803707169740324e-07
	3.799988540823294e-07
	3.796028389276185e-07
	3.790658954624672e-07
	3.784933868092561e-07
	3.779171411642542e-07
	3.772523450691869e-07
	3.764539160508125e-07
	3.756513213056763e-07
	3.748818296066938e-07
	3.741061186342035e-07
	3.73353880169292e-07
	3.728454543611343e-07
	3.723422171660609e-07
	3.718277068921331e-07
	3.712530507715991e-07
	3.705998365063996e-07
	3.698561679295172e-07
	3.69175960517922e-07
	3.686605590866337e-07
	3.681835518148996e-07
	3.676724752702627e-07
	3.671319212774937e-07
	3.665797650467528e-07
	3.661491308292155e-07
	3.658795306631639e-07
	3.657539586810212e-07
	3.656801034560559e-07
	3.656444577971906e-07
	3.655514853690385e-07
	3.652615265428633e-07
	3.648337908116421e-07
	3.644106861907857e-07
	3.64004380492983e-07
	3.636619070975454e-07
	3.633858899675692e-07
	3.631013346725268e-07
	3.628407989424826e-07
	3.625137236211245e-07
	3.621691649335042e-07
	3.618190396638954e-07
	3.615612574224791e-07
	3.613442339179088e-07
	3.612130009045377e-07
	3.610141961265728e-07
	3.606957107628081e-07
	3.602733417151906e-07
	3.596698652131991e-07
	3.589291568136114e-07
	3.581362307465695e-07
	3.574015304194211e-07
	3.567598432394093e-07
	3.561466726812251e-07
	3.553280641088117e-07
	3.541608949997752e-07
	3.527432038253324e-07
	3.513403542594293e-07
	3.501396173401712e-07
	3.491412009630773e-07
	3.482781480009302e-07
	3.476538497957763e-07
	3.473567839514389e-07
	3.473140195315419e-07
	3.475854857141415e-07
	3.480883547161127e-07
	3.486786959146048e-07
	3.493661939169463e-07
	3.50175563536015e-07
	3.509871537093699e-07
	3.517066028727775e-07
	3.522039261265839e-07
	3.522827019840968e-07
	3.520631201968866e-07
	3.519083406002087e-07
	3.520707262385932e-07
	3.526280126208351e-07
	3.534148170057486e-07
	3.541130345154789e-07
	3.545493679940967e-07
	3.546712528179861e-07
	3.544258206865448e-07
	3.539438737466108e-07
	3.534346857423604e-07
	3.528237036932724e-07
	3.520917285154238e-07
	3.51293955395343e-07
	3.505541397810713e-07
	3.499022410730142e-07
	3.492126180012556e-07
	3.484956439763381e-07
	3.476579234912147e-07
	3.468090283191312e-07
	3.461589329478493e-07
	3.457482343568068e-07
	3.454388125934821e-07
	3.451807781466169e-07
	3.447328435923455e-07
	3.439884142700611e-07
	3.430243346312845e-07
	3.419112505993637e-07
	3.407106798081823e-07
	3.395155045204457e-07
	3.382901288005426e-07
	3.370873426441896e-07
	3.360114276082416e-07
	3.350978244000986e-07
	3.343393381436256e-07
	3.337193913132468e-07
	3.332451396487602e-07
	3.328874696778284e-07
	3.326313450142263e-07
	3.324384016298413e-07
	3.321624706414738e-07
	3.317590715210784e-07
	3.312388314596254e-07
	3.306723876340989e-07
	3.300979734800673e-07
	3.295434193800568e-07
	3.29069979748789e-07
	3.286383247204031e-07
	3.282148314520105e-07
	3.277305431422555e-07
	3.271893017504768e-07
	3.265968095684885e-07
	3.259669377951625e-07
	3.253760715581129e-07
	3.249378280951456e-07
	3.245954639677763e-07
	3.241762749723332e-07
	3.236241947457654e-07
	3.230906630670712e-07
	3.227166211821457e-07
	3.225098788893262e-07
	3.224915407543365e-07
	3.225205063659539e-07
	3.224898053166712e-07
	3.22503006499022e-07
	3.226849019319707e-07
	3.229776627404129e-07
	3.233401671398518e-07
	3.237292447454422e-07
	3.240771059684199e-07
	3.243441506031295e-07
	3.24504703815153e-07
	3.245806432968035e-07
	3.246524275870817e-07
	3.247874441709297e-07
	3.249793012032835e-07
	3.252115645023333e-07
	3.255262944695068e-07
	3.259307968771616e-07
	3.264567185191968e-07
	3.270543532117599e-07
	3.275298412351937e-07
	3.278505219435328e-07
	3.281027365803986e-07
	3.283729739681501e-07
	3.287649767119122e-07
	3.292732878853242e-07
	3.296955177883878e-07
	3.298096051200767e-07
	3.296336719621248e-07
	3.293540635595835e-07
	3.291687751575023e-07
	3.291460622961144e-07
	3.294703966774985e-07
	3.299849936945589e-07
	3.306685567783595e-07
	3.315851232676565e-07
	3.329711594875046e-07
	3.346569041643315e-07
	3.366705388174423e-07
	3.384594730206219e-07
	3.399520524321906e-07
	3.409893830395521e-07
	3.418234655487574e-07
	3.42600262849671e-07
	3.43521155404823e-07
	3.443842184316412e-07
	3.452842385064616e-07
	3.463221257948756e-07
	3.473591647249084e-07
	3.482664074786045e-07
	3.490562528645805e-07
	3.498736364275261e-07
	3.508284560297482e-07
	3.518373025322145e-07
	3.528684880931887e-07
	3.538687670481724e-07
	3.548516932917354e-07
	3.558272347261286e-07
	3.565936655986362e-07
	3.571298458304465e-07
	3.574714606306739e-07
	3.577598416354824e-07
	3.581825188538022e-07
	3.588655544242535e-07
	3.598833728500878e-07
	3.612150547920114e-07
	3.627198774569862e-07
	3.642303486141239e-07
	3.654971283133924e-07
	3.664251488894034e-07
	3.670870785822528e-07
	3.675758905936307e-07
	3.677719137916029e-07
	3.675551938689997e-07
	3.670867631318332e-07
	3.665668071319461e-07
	3.66265123204912e-07
	3.662669265714224e-07
	3.663831519379058e-07
	3.663967949504404e-07
	3.661703870026168e-07
	3.65705603042829e-07
	3.651278276354044e-07
	3.644945000223119e-07
	3.637807173899182e-07
	3.631821084692025e-07
	3.629057211956147e-07
	3.630038227608897e-07
	3.634376752757874e-07
	3.640955759404449e-07
	3.648329570419271e-07
	3.655203704115391e-07
	3.661656387364517e-07
	3.667182552942699e-07
	3.671936979165348e-07
	3.674802785381205e-07
	3.675729416212085e-07
	3.675305726832824e-07
	3.673319108232904e-07
	3.669579142616931e-07
	3.664953648689656e-07
	3.66017401709574e-07
	3.65543354851673e-07
	3.651510918693183e-07
	3.648912140444715e-07
	3.647722708618652e-07
	3.647236360363786e-07
	3.646916157513833e-07
	3.646991989532764e-07
	3.647755468146052e-07
	3.64877919765064e-07
	3.650396086606353e-07
	3.653239571377901e-07
	3.655190912073002e-07
	3.656371082585603e-07
	3.655056577915911e-07
	3.652011542950313e-07
	3.647958304749355e-07
	3.645088618892251e-07
	3.64404746612347e-07
	3.644644407390305e-07
	3.646697940935142e-07
	3.650769028111096e-07
	3.655760001824475e-07
	3.660841321593147e-07
	3.665708557065363e-07
	3.66958972226704e-07
	3.671705180961316e-07
	3.673167055394831e-07
	3.67420955208173e-07
	3.674498551701666e-07
	3.673381042267746e-07
	3.671681506698574e-07
	3.66966464678555e-07
	3.668340083246927e-07
	3.667748977791452e-07
	3.668142095664535e-07
	3.669898087378409e-07
	3.672893319242932e-07
	3.675724938949125e-07
	3.678686185523276e-07
	3.683605050191389e-07
	3.691070631012774e-07
	3.701690806569019e-07
	3.714024856888463e-07
	3.725832514420239e-07
	3.735882424724233e-07
	3.746406776065339e-07
	3.759384743940834e-07
	3.776490585259169e-07
	3.796707901203588e-07
	3.81685449198684e-07
	3.836178502039823e-07
	3.85551159988291e-07
	3.875902086666151e-07
	3.897757531529018e-07
	3.920971785968049e-07
	3.943212173269759e-07
	3.962352045189972e-07
	3.977800597228682e-07
	3.990799647071257e-07
	4.003618837008379e-07
	4.016675109994603e-07
	4.029565673916693e-07
	4.040717844589066e-07
	4.049510416053296e-07
	4.05534265645115e-07
	4.060263908117441e-07
	4.06542550196824e-07
	4.070166372125887e-07
	4.074185589735786e-07
	4.076635210792298e-07
	4.077590706731148e-07
	4.076512521994441e-07
	4.074278984522575e-07
	4.073814135102561e-07
	4.075648964064055e-07
	4.078212414627641e-07
	4.080305959738559e-07
	4.079694390109166e-07
	4.076052238851443e-07
	4.068239914015324e-07
	4.057694954387986e-07
	4.045155389030797e-07
	4.031158886431731e-07
	4.016819340615751e-07
	4.001951472978543e-07
	3.987432561123137e-07
	3.975024785120853e-07
	3.964985346005283e-07
	3.956496094423998e-07
	3.949368963608614e-07
	3.942939831220999e-07
	3.937743983481255e-07
	3.934134423060971e-07
	3.931538806731144e-07
	3.930777716440686e-07
	3.931578088355604e-07
	3.933522354284378e-07
	3.937735419952616e-07
	3.943409702146128e-07
	3.951685039269164e-07
	3.964148729588799e-07
	3.980764535493436e-07
	3.999990227936776e-07
	4.02010671546602e-07
	4.038934010559864e-07
	4.055328510755284e-07
	4.068254965241774e-07
	4.077736514198392e-07
	4.083079735397091e-07
	4.084821591762775e-07
	4.084350588471491e-07
	4.082019558362081e-07
	4.079212759591336e-07
	4.075659427442195e-07
	4.070053135920469e-07
	4.060996762649276e-07
	4.048243452968918e-07
	4.03135957416009e-07
	4.010128587671628e-07
	3.986800276562736e-07
	3.962847832469605e-07
	3.940433782291647e-07
	3.918082281248046e-07
	3.894280984214212e-07
	3.869619563819143e-07
	3.844414685452474e-07
	3.821174663294484e-07
	3.799242495239993e-07
	3.77881551685616e-07
	3.760765567813748e-07
	3.746782268918102e-07
	3.7375425102226e-07
	3.731022589268772e-07
	3.725478069648892e-07
	3.720302942501422e-07
	3.71522384206138e-07
	3.709381837870865e-07
	3.702049036942451e-07
	3.693257165107221e-07
	3.682899667585589e-07
	3.670731042447497e-07
	3.656956132227135e-07
	3.642153372967499e-07
	3.625278848426109e-07
	3.608748616494656e-07
	3.59345877107792e-07
	3.578830450297091e-07
	3.565172286112516e-07
	3.552575151455972e-07
	3.541282420133919e-07
	3.531882027247169e-07
	3.525805818225748e-07
	3.522172178990184e-07
	3.519246391994822e-07
	3.517414933684153e-07
	3.515153911121559e-07
	3.512835216041638e-07
	3.50954156490426e-07
	3.504977795379711e-07
	3.501395075269547e-07
	3.499862104441693e-07
	3.500664216889558e-07
	3.502841340635178e-07
	3.505338018559097e-07
	3.508702453773161e-07
	3.51054701257283e-07
	3.510641438145249e-07
	3.509130286574818e-07
	3.507012541217503e-07
	3.505127480837175e-07
	3.502986648248238e-07
	3.499637655601469e-07
	3.49581497476707e-07
	3.49191313284749e-07
	3.488589563308323e-07
	3.484850139835771e-07
	3.480845581921136e-07
	3.476572791503585e-07
	3.471602059228155e-07
	3.466657856506413e-07
	3.462031385787852e-07
	3.456406547549037e-07
	3.448682585832156e-07
	3.439273333987944e-07
	3.429341645757952e-07
	3.419747004968436e-07
	3.410717393534258e-07
	3.40383062100681e-07
	3.400643186591913e-07
	3.399358256239737e-07
	3.398125007359601e-07
	3.395803612632909e-07
	3.394143919330975e-07
	3.393910495041612e-07
	3.395565794368457e-07
	3.398724236050144e-07
	3.402107423387083e-07
	3.405643544515755e-07
	3.408671945286077e-07
	3.409465476925014e-07
	3.408778928397718e-07
	3.407985626328084e-07
	3.406951573371917e-07
	3.404950511330721e-07
	3.402100183415399e-07
	3.398637023003831e-07
	3.395554961534273e-07
	3.394511244764925e-07
	3.397672620877331e-07
	3.405811547386127e-07
	3.416828830286326e-07
	3.426979989472708e-07
	3.433292741251209e-07
	3.436247437948765e-07
	3.436814509767016e-07
	3.436499677222375e-07
	3.435409703943187e-07
	3.434042360169383e-07
	3.433820977161131e-07
	3.436724767868945e-07
	3.441989455850458e-07
	3.449143053944153e-07
	3.456692359170355e-07
	3.46452897915029e-07
	3.471620351222447e-07
	3.47836236857291e-07
	3.48211957200218e-07
	3.48229775184788e-07
	3.478644658391141e-07
	3.471696051419835e-07
	3.463258329317064e-07
	3.454325669430232e-07
	3.445632104806125e-07
	3.437249107639584e-07
	3.427628712098957e-07
	3.418699757023828e-07
	3.413763976074273e-07
	3.414003601506729e-07
	3.41731169770532e-07
	3.421852213053106e-07
	3.426670609865239e-07
	3.43063605118947e-07
	3.43330552605256e-07
	3.434892392732453e-07
	3.436207542083501e-07
	3.438087414886379e-07
	3.441690970283767e-07
	3.44743597693933e-07
	3.45558068765948e-07
	3.466297201036971e-07
	3.478044812125153e-07
	3.489580673327822e-07
	3.501425534703103e-07
	3.514212148660124e-07
	3.5284699677921e-07
	3.543894850614616e-07
	3.559655523986209e-07
	3.577569023778575e-07
	3.598175329810566e-07
	3.618821830300207e-07
	3.637120134419721e-07
	3.650927528774528e-07
	3.660210255055143e-07
	3.664846247508165e-07
	3.667511263494788e-07
	3.669578267016925e-07
	3.672482141290987e-07
	3.675507280108787e-07
	3.679567734378132e-07
	3.683497690278974e-07
	3.68735820333569e-07
	3.690277823282036e-07
	3.692127455581192e-07
	3.693886132292025e-07
	3.69503989737367e-07
	3.694259209506362e-07
	3.692661735284768e-07
	3.691956536635249e-07
	3.692694633964615e-07
	3.694576923096595e-07
	3.697091511197277e-07
	3.700974687265576e-07
	3.707211734246764e-07
	3.713921974621434e-07
	3.719414013174384e-07
	3.722927649189626e-07
	3.72464180156071e-07
	3.724773016912413e-07
	3.723696352544934e-07
	3.720377848370778e-07
	3.713799404070553e-07
	3.70417012660178e-07
	3.692405103715189e-07
	3.679789279106151e-07
	3.667842837549594e-07
	3.656596259766292e-07
	3.644868313706833e-07
	3.632519954831239e-07
	3.620087319648502e-07
	3.608496660447253e-07
	3.599838480789607e-07
	3.594800936364414e-07
	3.592782598469906e-07
	3.592328997519352e-07
	3.592691804894585e-07
	3.593157852252496e-07
	3.594374511445703e-07
	3.596235821408043e-07
	3.599355850163004e-07
	3.604690086974166e-07
	3.612889643522926e-07
	3.624215389514969e-07
	3.638745911660461e-07
	3.655036543482843e-07
	3.672573366638907e-07
	3.690176346013644e-07
	3.706500648005139e-07
	3.721967737124183e-07
	3.736796008322859e-07
	3.750996398228634e-07
	3.764384121932261e-07
	3.776216451577527e-07
	3.786237873051207e-07
	3.793789656923838e-07
	3.798543256119356e-07
	3.801864622909021e-07
	3.803888480882576e-07
	3.805490799190972e-07
	3.807201800210164e-07
	3.808311358005972e-07
	3.808714187080672e-07
	3.806276579279344e-07
	3.799262925883301e-07
	3.787960172596628e-07
	3.774183138057209e-07
	3.759661978940958e-07
	3.744376832758654e-07
	3.728521248764166e-07
	3.71237535247055e-07
	3.694971068202699e-07
	3.676094056917273e-07
	3.656456522845791e-07
	3.63657743218806e-07
	3.617127208174195e-07
	3.598839761926235e-07
	3.581649792280284e-07
	3.565293793094187e-07
	3.548729636557446e-07
	3.53211511407359e-07
	3.515031199418722e-07
	3.497631592870748e-07
	3.481163796961005e-07
	3.466070460508999e-07
	3.453591428012734e-07
	3.44472970439559e-07
	3.440199546493213e-07
	3.442775894869177e-07
	3.453308209791206e-07
	3.468439422001589e-07
	3.486082151110367e-07
	3.50486300343565e-07
	3.524063153394083e-07
	3.54462787733041e-07
	3.566348679326644e-07
	3.589763746799573e-07
	3.613224937043212e-07
	3.636821639222686e-07
	3.658883713429983e-07
	3.678607064011385e-07
	3.696506471898585e-07
	3.71302862264941e-07
	3.72857506437052e-07
	3.742930887644285e-07
	3.756188076719267e-07
	3.769249632992097e-07
	3.782825346630036e-07
	3.795455855289879e-07
	3.806210508512058e-07
	3.814224856492695e-07
	3.819991654818218e-07
	3.823825031086203e-07
	3.825978224055744e-07
	3.826233044622912e-07
	3.824347319794692e-07
	3.821242347337718e-07
	3.815913826456758e-07
	3.806814556489323e-07
	3.7945070635326e-07
	3.781083412034607e-07
	3.765945811468815e-07
	3.747736323443524e-07
	3.726003369470069e-07
	3.701805296248638e-07
	3.675296061058744e-07
	3.646535162070936e-07
	3.616003047615781e-07
	3.586831924475621e-07
	3.558376744454327e-07
	3.532581496586069e-07
	3.507654147843952e-07
	3.484341136517701e-07
	3.462315831130193e-07
	3.446018968266677e-07
	3.43634122920923e-07
	3.432573878422886e-07
	3.432909248194235e-07
	3.433745715748219e-07
	3.434250564830251e-07
	3.434278300881579e-07
	3.434833207449856e-07
	3.437219550888068e-07
	3.440654560772018e-07
	3.445662966599487e-07
	3.452914448652978e-07
	3.460754968621701e-07
	3.4676474131921e-07
	3.473293437621529e-07
	3.479916376294645e-07
	3.489919548992309e-07
	3.502938751446199e-07
	3.519197246729688e-07
	3.538278964815112e-07
	3.559618974043769e-07
	3.58162299222511e-07
	3.602977452122507e-07
	3.620947755753293e-07
	3.635008739882413e-07
	3.64624207327192e-07
	3.656205908035638e-07
	3.665307493296786e-07
	3.672655395245861e-07
	3.677949182244196e-07
	3.6812043386959e-07
	3.684743504287828e-07
	3.689160526806079e-07
	3.692862644661844e-07
	3.694740237074982e-07
	3.693765113291584e-07
	3.691436036496375e-07
	3.688827971687927e-07
	3.685927320321225e-07
	3.682474180962782e-07
	3.679938958708533e-07
	3.678575214347201e-07
	3.677487720578203e-07
	3.6772194652661e-07
	3.677323953984762e-07
	3.6771170939552e-07
	3.677357116259795e-07
	3.678939534502307e-07
	3.681221163799229e-07
	3.683229502183227e-07
	3.683694515509703e-07
	3.68199501484606e-07
	3.677974715024888e-07
	3.671373468283787e-07
	3.661739227211616e-07
	3.651297794452258e-07
	3.641421929295853e-07
	3.632635159186137e-07
	3.624620397870257e-07
	3.61696140653066e-07
	3.608782583666258e-07
	3.599853240380659e-07
	3.590706127220352e-07
	3.581248591040365e-07
	3.57260786730171e-07
	3.565191850017147e-07
	3.559633583828742e-07
	3.557453980370693e-07
	3.558772535210204e-07
	3.563013584149202e-07
	3.570437279679708e-07
	3.580121730593824e-07
	3.588890727550493e-07
	3.596710076042621e-07
	3.602416030232731e-07
	3.604780006840424e-07
	3.604503710526229e-07
	3.602998170045433e-07
	3.601600024532861e-07
	3.600776644664537e-07
	3.599306362762233e-07
	3.596120232317415e-07
	3.592344210381355e-07
	3.587375919950062e-07
	3.58011468638409e-07
	3.571874058214342e-07
	3.564021557984791e-07
	3.556480617802182e-07
	3.548866535228391e-07
	3.542036249642103e-07
	3.537902856748325e-07
	3.537471551122389e-07
	3.539209467074686e-07
	3.540586907525676e-07
	3.540336752761042e-07
	3.538772565939117e-07
	3.536466198555316e-07
	3.534531452110895e-07
	3.534184794345459e-07
	3.535361595079298e-07
	3.538006114743642e-07
	3.543453737668752e-07
	3.550640675618619e-07
