	194.570342521929
	192.7954879713608
	190.8347997498477
	189.3032702799628
	187.4743385335834
	185.441792316443
	183.3117079003748
	188.3038193341224
	190.6194089137161
	192.2279756345216
	193.00347934087
	193.6035366442013
	193.1283398170816
	191.5652866324515
	190.2624184978803
	188.670773751424
	188.662925250776
	191.4663708255324
	195.6174687796724
	197.1327633330658
	197.7547805581018
	197.2620257739921
	197.5117250155309
	196.9485228325451
	196.1410111079113
	194.8765978277222
	193.1607516674778
	191.1711591953286
	189.6386758051841
	187.8710535696142
	185.8608134016469
	183.7558601284476
	184.7054500896417
	187.6428463840096
	190.4348147263042
	192.7992735257622
	194.636152633339
	196.0950737212279
	196.3063114161392
	195.8964809448809
	195.9035330136373
	192.7358939302638
	190.8217112864722
	188.6702897926775
	187.0523871405786
	191.6505151444952
	193.8073646379922
	195.7882577480121
	197.0950030961598
	197.571773660969
	197.3049219779425
	197.0408259372482
	197.154463469293
	196.6339444717929
	195.9258404473821
	194.6353342417691
	192.9454364743818
	191.0062515159835
	189.320470258943
	187.630755668551
	185.6737211349445
	187.125136582732
	189.7400710666039
	193.3925468219541
	194.8476480342031
	194.2262237448606
	194.115400249772
	193.3168085532903
	192.3465677065961
	190.9521841630323
	189.2193713410108
	189.7821804226248
	197.521321553954
	198.0788132199148
	197.8569317801723
	197.7558878670608
	197.8905640138921
	197.2144438452099
	196.3138306331535
	191.4394573988009
	189.946032349551
	188.1834937038431
	186.1831981652061
	183.9334737006477
	184.8381898434216
	187.7115170445455
	190.3374045505076
	192.4216800591879
	193.7799979975885
	194.994105362382
	195.2025978504388
	194.9322482031886
	194.2120258413072
	193.1859246093206
	191.8754249990245
	190.198869457233
	188.7929187193003
	191.5179856716628
	193.9180647306962
	195.6662123225196
	197.2631357143561
	198.0601051471071
	198.091200766683
	197.5134328551932
	197.9895452108806
	195.7041428426516
	194.0677987817572
	192.1184373934156
	190.5346679790068
	188.8568694845795
	184.7899091240032
	184.8950922237476
	187.6853561503793
	190.3836086552848
	194.1504739162781
	195.5438780143623
	196.1802498507637
	195.4839151336458
	195.5965707059069
	194.9480907961148
	194.0589599880962
	192.7788782506671
	191.1161396627702
	189.2046984701497
	187.4506438961815
	187.5773067426285
	190.2131911946623
	192.4962240904996
	194.1071536556194
	195.5314712722359
	196.1709784643855
	195.9907879261683
	196.0049879129724
	196.250906327434
	195.7139779077941
	192.0559991589954
	190.275652351919
	188.8760291831829
	187.1528477064614
	185.1842980687141
	187.0512517726544
	189.7873517866577
	192.0899817900202
	193.7292739880282
	194.9692660548342
	195.7725072170616
	195.7807079664949
	195.0458846042895
	194.7802903653019
	193.7999261380493
	192.629035551393
	191.0391656425898
	189.1872810779985
	187.3515777515381
	187.0947117672586
	190.1137832856603
	192.8199926461536
	194.9626643170693
	197.7962679662121
	197.2622626681875
	196.9299696048708
	196.0009354537129
	193.3168140495856
	189.5861919337951
	187.9798766703085
	186.0661226002599
	183.9538374926189
	186.3124760189936
	189.0003836200996
	191.3063092723713
	193.0015088805767
	194.3844692257942
	195.2781444440865
	195.3881084263147
	194.6998952569083
	194.9059899077945
	194.4906327851739
	193.642148789938
	192.5356180615401
	190.9853167583897
	189.1441872181153
	195.8608537343046
	197.7407452292829
	197.303806639998
	197.3733903210384
	196.8545817391012
	196.0880882663628
	190.9149213144404
	187.8793691220036
	194.2401323408669
	195.2881935274906
	195.0980380754445
	194.3075333430357
	193.3274495229014
	188.0703226295564
	189.9276058173688
	196.0794722542386
	197.0192291607917
	197.1648434917258
	194.8921018265227
	193.3229679698462
	191.4528169156066
	189.7531396900706
	188.100212963468
	186.225604598773
	184.3514090515321
	186.1130356843664
	188.7781694744324
	191.0289075169673
	194.0265322286108
	194.8652407861054
	194.9321114854051
	194.2402065812921
	194.2147514426578
	193.8812537698268
	192.9968069900847
	192.0032232573104
	190.6128916949644
	188.9178514671162
	187.0391807314533
	185.5152821069021
	188.3314204763166
	190.9632201908484
	193.2132208782229
	195.1655707504078
	196.5552808406823
	197.0911041855492
	196.8704598152647
	196.566665280553
	196.715139344287
	196.2104479808479
	195.4864468270245
	194.1523652394852
	192.4047097454152
	190.4161323708383
	188.9061909145328
	187.121980310367
	185.0831116272715
	184.2269238414977
	186.8792551919054
	189.3282746472541
	191.3588268490746
	192.8552324063231
	194.1510804657588
	194.8458831907085
	194.7852363791155
	194.0472809237777
	194.2533795112839
	193.8731928261429
	192.9453043382661
	191.7874055695271
	190.3670847392319
	188.6484218563036
	186.7481056287428
	186.6622713940972
	189.6575458184431
	192.2428425815899
	194.3069731563154
	195.7508589211902
	196.8205403141993
	196.9834743252919
	196.3759433763325
	196.4349799205297
	196.1169838775813
	195.1844174257037
	194.0860116026836
	192.4853155567092
	190.5583321688083
	188.6660547074189
	186.9551077206127
	184.9849322474971
	183.9505536429204
	186.4359605888035
	189.0638979798833
	191.3149470000087
	192.9784099621101
	194.0673703183564
	194.9626299726169
	195.0952747840997
	194.4700819502716
	194.7094149958741
	194.4358730808804
	193.5679252907361
	192.3678374254032
	191.0158856623162
	189.3404460700159
	187.4631609400014
	187.1112522655988
	189.9915621840453
	192.3078699630617
	193.9702439960407
	195.1262919171836
	195.5281305251107
	193.8363255955266
	192.4516458401772
	187.215537865051
	184.170387420742
	184.5905146435958
	187.2559283119151
	189.891338633009
	192.0919571449667
	194.7276949769793
	195.4253863976448
	195.370043163464
	194.696396153958
	194.9833413318865
	194.5038568159411
	193.436923946133
	192.1472433697541
	190.6375422070095
	188.8638794217501
	189.4192444852197
	192.4024431724225
	194.7445237581703
	196.7714380657947
	198.1452151039845
	198.6292977334955
	198.0911331617689
	197.7184990272906
	197.4340970325414
	196.9969096580727
	195.8657734801587
	194.2171314809272
	192.1830878493479
	189.9342636232519
	182.4110970614041
	186.6340991211048
	189.2340429830296
	191.5013498354591
	193.3621640529106
	194.9895453452103
	196.1663604411865
	195.6299054100581
	195.7228196258628
	195.4527419549861
	193.8781953847765
	192.4401178135516
	190.6570578956008
	188.6486060211893
	191.4501123338262
	196.4619698092727
	196.5347469881082
	195.7573161679035
	195.6711158773304
	195.1427757062498
	193.9949217113108
	192.3804485634449
	190.4825148906541
	188.4419736560219
	186.7396639714225
	183.0461515582908
	182.0340173776545
	183.7141872849785
	186.7208263557521
	189.4249767280598
	191.5381451039714
	192.8903743560853
	193.6829696470906
	194.1341529738864
	193.6855321205355
	193.8787056904285
	192.800362751236
	191.6031326923374
	190.1765111280081
	186.631158193892
	191.2746875745906
	193.4463898216007
	195.3506944118818
	196.5431563084713
	196.8772874973255
	196.4015810132891
	196.1004051629828
	195.9498460451543
	194.686501838741
	193.2439444898853
	191.4511303558379
	189.4482468200618
	187.4405116845419
	185.6224889927285
	183.6685978517762
	182.4511601120129
	183.9491339738574
	186.9140914686616
	189.642023149699
	191.8165790740479
	193.3853559288835
	194.6276174931293
	195.0436607213611
	194.6357979035076
	194.615474997289
	194.5270401128982
	193.7622045585671
	192.8779039883954
	191.4494391213409
	189.663242676305
	187.733658448228
	188.1754708485763
	190.8864428563316
	193.1345688309506
	194.7634999885483
	196.1605125750974
	196.6913764868055
	196.4657204579156
	196.1262252519039
	196.1733478633596
	195.5338698976232
	194.8010045102096
	193.5002020025074
	191.8192681826074
	189.9069103914564
	188.0915675278174
	186.3519111734443
	184.3623592582889
	182.2914868549864
	182.8328982918127
	185.333070220981
	188.1532707845688
	190.637670027788
	192.4523000551729
	194.1456456084916
	194.9967461967868
	194.9917418442975
	194.3139900748736
	194.6071625238071
	194.1623885573261
	193.5961713291925
	192.3828651005875
	190.7265849625086
	188.7952290513362
	188.6834184856284
	191.4630006159663
	193.8108501059349
	195.5673238879994
	197.1583638673007
	197.8559169719485
	197.6700316982125
	196.9957136223932
	197.1512605357063
	196.571811295908
	195.9165102070827
	194.6423550453357
	192.9510342530617
	191.0051026948425
	187.3410988307871
	185.381921333001
	183.3692252974706
	182.2013673191225
	183.6053251459398
	189.2466948421426
	191.4097403189959
	193.2145574086726
	194.4466242582107
	194.789153378503
	194.3425044849892
	193.8686996139536
	193.7065769731398
	193.0973358800883
	192.1670221543463
	190.7253003319918
	188.7854046242055
	195.621521069758
	197.2373022988059
	197.9012581008145
	197.1533536209783
	197.3721772189957
	196.8962916272597
	196.3061463847165
	195.0692579944185
	191.4409976175828
	189.4294909521373
	185.8182845849038
	183.9256583118759
	182.3936117202001
	184.5777040879221
	187.3535177569559
	189.8505211521457
	191.7892670790819
	193.3678390004707
	194.4331577562813
	194.7264029332458
	194.2372857454277
	194.1108763449511
	193.9350806688092
	193.3340347370895
	192.4190976250502
	190.9987752227223
	189.2441754411189
	187.2888631102377
	189.0203323937472
	191.6673702214556
	193.8202262544784
	196.6375082084915
	197.2235961974196
	196.983044907919
	196.3755793537925
	196.5203772293356
	195.8899824721994
	194.9973921485531
	193.7464637930708
	192.1148185172041
	190.2220895624888
	188.3769691060505
	186.7568789233582
	183.3123733269236
	184.5347426114899
	191.118790209973
	192.7351259475698
	193.5250507353171
	193.499304704975
	192.7199047404399
	192.9991385042167
	191.8773882557657
	190.718769758888
	189.1288442695052
	186.4728708451713
	189.2891337744847
	191.7914527499935
	193.9033683951717
	195.7062314971414
	196.6870494451622
	196.8149680514964
	196.3385196728446
	196.8091827141644
	196.6119391348543
	195.1040362058377
	193.5003814131733
	191.5864337356733
	189.9403169158228
	188.2119686071796
	184.5624585059064
	183.0144509547577
	184.1256873346913
	187.0966462880516
	189.7094080200915
	191.7482280534723
	193.3512418771607
	194.3669457326939
	194.4985551485361
	193.8408696814597
	193.7910599343039
	193.444243448189
	192.6753918742864
	191.568596934439
	189.9855230411893
	188.1012915530126
	188.301438034508
	191.0801458694307
	193.28342448944
	195.1753317298178
	196.5902362506694
	197.0735809615848
	196.662012715482
	196.1081405071909
	196.0380131131177
	195.5953988607091
	194.732151033031
	193.2948449911635
	191.4837033643673
	189.4544166883294
	187.4576857405032
	185.5877121625986
	183.7498760382356
	183.3314145473595
	184.1624517262556
	184.9675924799128
	187.634875076702
	189.8761471770142
	191.649732386926
	193.0197105457499
	193.567621174467
	193.3391192498873
	192.715058325886
	192.8816110207725
	192.3052420157381
	191.5607067035096
	188.7360415832193
	186.8901060726187
	186.8325793138069
	189.7433142658616
	192.2427373545866
	194.1729641790752
	195.8860132536728
	196.7101563893407
	196.6840450436005
	195.8631936992404
	196.2103325716946
	195.7475737036265
	195.0938359220538
	193.9133283654302
	192.2718127139467
	190.3432012299918
	188.5069227832504
	186.7903421011464
	184.8730548230448
	184.3848321804071
	185.8629235449152
	188.730072204962
	191.2374203747135
	193.064720049366
	194.3335501956523
	195.1515151396333
	195.1125688968888
	194.4324270388215
	194.7083659198683
	194.2110543950618
	193.2288514401332
	192.0502558165053
	190.434427193898
	188.5448911955577
	186.7884141044609
	189.8147425524166
	192.4628003769774
	194.6197075281342
	198.1312142060139
	197.6473328002771
	197.651757832272
	197.49573900428
	197.0064197264409
	194.5347799638365
	192.6600641544285
	190.6406379163381
	188.9825613422811
	187.0988265744956
	185.0160770750479
	182.9411913780451
	184.7137859692357
	187.6264285991497
	192.1881905776561
	193.9195518209002
	195.0148037964746
	195.214891185504
	194.5999611926404
	194.0518793812759
	193.5445261420525
	192.5235770982373
	191.0273496032703
	189.2307973777181
	187.264950078811
	189.0219895210168
	191.7703977344854
	194.0095026456985
	195.5437728060868
	196.9697566139587
	197.470261427999
	197.1464037626109
	196.6650367300406
	196.7049212088546
	195.962266934026
	195.1213658322328
	193.7688477605689
	192.0309297272174
	190.0635171214918
	188.4157909466807
	186.6732233999214
	184.7101670447779
	182.7467328468575
	184.7094033626565
	187.6289740159209
	192.4996557058776
	194.2222691252686
	195.459015370132
	195.9250622774384
	195.5823753488225
	194.9046485439744
	194.7615354881292
	193.9079506408845
	192.6149442236507
	189.3294819195782
	187.2405291444054
	189.0419667677256
	191.7680771227666
	194.0321399159576
	197.3319212653072
	197.9227203553629
	197.6650951718125
	197.1720552663601
	197.3158629370804
	196.7254907563494
	196.0483347855875
	194.7530111686176
	193.0403614127567
	191.0745819765177
	189.3623255575234
	187.5972936755038
	185.6400723931829
	185.7915514323249
	186.7729271817474
	189.2076556913305
	191.1532962825879
	192.513882834272
	193.2255909463035
	193.7541572450949
	193.7139929485611
	193.4822029615516
	193.6943817700595
	193.2654483888941
	192.3433335674574
	191.0728336678101
	189.5660709433513
	188.0065148587335
	186.6159068961856
	187.2634003723328
	190.1970402091949
	192.7487654718992
	194.9277585600697
	196.8256633980531
	197.9424958822578
	198.1522868578962
	197.5947671472713
	197.4609388851255
	197.2223025429853
	196.7275611716541
	195.7042389438292
	194.1506760126228
	192.254525405943
	190.2227452753954
	188.5728491466562
	186.7386068631801
	188.7426425679876
	191.5220633635475
	194.0127898053412
	195.963434463353
	197.2560049468282
	198.0535363481732
	198.0614838424035
	197.723416565678
	197.619662721166
	196.8220910158558
	195.4729928490028
	192.2554494253822
	190.2266417503094
	188.589038182022
	186.824095869487
	188.6087221194811
	191.388987257593
	193.7738487758042
	195.9650893190867
	197.5602581868105
	198.2950041895193
	198.2792517256292
	197.8966980607661
	197.0516199855631
	195.8814055845816
	192.4148354846726
	190.4084070797201
	188.827231531932
	186.9747142434483
	185.2243285660571
	187.8259850974273
	190.1159090810689
	191.9147590324743
	193.2531319808555
	194.3883014423525
	194.7291513924057
	194.2853959952126
	194.4952037744287
	194.3258046530541
	193.6642038793368
	192.8424772905308
	191.5412209276887
	189.9252723411578
	188.1022685172881
	186.6465994569141
	188.8611237647753
	191.4869571650274
	193.7455312880413
	195.3905347805417
	196.8869495277213
	197.6750631902893
	197.7821533202309
	197.1166739184639
	197.2787825492804
	196.9496672878852
	196.1653802751985
	195.1844957339931
	193.7456134785018
	192.0273114668033
	190.1197267159493
	188.6680490547149
	186.9665929211617
	184.9980318012245
	185.5662718836568
	188.2859794170707
	190.7039539733114
	192.6070462592799
	193.9645015291359
	195.0973806129908
	195.5273588792817
	195.1918267866896
	194.2134761346728
	194.2215832009985
	193.6824980731458
	192.5828062714115
	191.0856039594113
	189.4434350622228
	187.590234535371
	188.9179850692904
	191.6143391115089
	194.0159410010608
	195.9693783930468
	197.7050989086561
	198.6703760159877
	198.887273903008
	198.3228229763539
	198.4398725933165
	198.236278637673
	197.8019871827563
	196.8896258728557
	195.4642247184742
	193.6982249448183
	191.7299649822901
	190.1179788980953
	188.4015846803084
	186.4675432690113
	184.5239870202381
	185.3113377758028
	187.9350964935209
	190.2652294167147
	192.201391354103
	193.5033043396946
	194.6052042446089
	195.0699991616403
	194.7989105266343
	194.6216421303909
	194.7090170104929
	194.1608356202683
	193.0867384152324
	191.7999727536622
	190.3037396354673
	188.5581437154227
	188.8038350865764
	191.4121205514907
	193.6716820329276
	195.7716121989482
	197.3224107317091
	198.0858169134332
	198.0697703296326
	197.3264427346676
	197.3654970326186
	195.8073835721678
	194.2524678786282
	192.4041369751035
	190.4377488428872
	188.8464299236535
	187.0139340642074
	185.141991290663
	187.6975831612674
	190.374890375611
	192.6803900315147
	194.3898802729458
	195.4688612496176
	196.4291500728033
	196.6496961126744
	196.0802150976985
	196.005973679809
	195.690597837662
	194.7887436125072
	193.6706104076786
	192.3008299729686
	190.5892011935063
	188.6739850807826
	187.0669962037857
	189.026421958054
	191.6581487187137
	193.8674112431144
	195.3652195620359
	196.7306393571076
	197.2655925094105
	197.028703498087
	196.4701696786214
	196.5767061889786
	195.9050004283418
	194.9963662887709
	192.0063397872561
	190.0673384991987
	186.6871945710672
	186.1967869177502
	192.9282637224714
	197.7234726638249
	193.0918026573561
	194.5596193640565
	195.650915468344
	196.004160787438
	195.5376147500653
	195.4127533053685
	195.2400656628984
	194.5239290518149
	193.6380783446807
	192.2696131013894
	190.5531261589406
	188.6099398986437
	186.8957189164124
	188.1379499318435
	191.1010069680919
	193.5904386700536
	195.5609875548739
	197.2785773930546
	198.1036569347927
	198.0125534287988
	197.2784947493964
	197.5513394053426
	197.0024563858176
	196.3489603680768
	195.076372644056
	193.3387133721666
	191.3176260636554
	189.6421549519244
	187.8617417619482
	185.8820538456221
	183.8319775301637
	185.1571041195207
	187.9774698949759
	192.3573619532976
	194.0870021090339
	195.4586201605949
	194.8054697178509
	194.5888815632295
	192.9091541762929
	191.5348894020651
	189.8116598226447
	187.8776906296588
	186.1586814532317
	188.5411449110913
	193.6158567688134
	195.7160957106355
	197.1698328971362
	197.7239445074843
	197.386787516715
	196.9209884355801
	196.946053201337
	196.6559739620609
	195.8771837099378
	194.5093331895643
	190.7605237215013
	187.188845473034
	185.274997033976
	188.295235961875
	190.7231412985693
	192.5812861377554
	194.7666111393942
	195.081366003469
	194.5808120691581
	194.5558493957638
	194.3382905749636
	193.4468359188467
	192.3346154119589
	190.9227761559871
	189.1943130074765
	187.2534625237502
	186.176238985341
	188.8037764789973
	191.6340355477797
	194.0234720900818
	196.1106852557031
	197.8151694437182
	198.6265479678218
	198.5722753205152
	197.7474761582045
	197.8822237113628
	197.5840254381431
	197.0420552669804
	195.8504410070774
	194.210360602343
	192.2878342670328
	190.2060719510043
	188.4622285780152
	186.5551296349884
	184.8852508320983
	187.7296193926743
	190.2975245565655
	192.3244076455092
	193.9005427303924
	195.0477255127045
	195.4632622082921
	195.0163771049511
	194.8990244507186
	194.8087629781598
	194.1143879100836
	193.2339822487035
	191.8024942613332
	190.0071373701101
	187.9973971722694
	186.3691398583152
	187.1929597637278
	192.5600867369603
	196.2742801789889
	197.4508608440843
	197.8454906499446
	197.4609462317289
	197.1629337745716
	197.0859219150531
	195.6664114318976
	192.6460512753443
	190.7476593969688
	188.9244455765474
	187.2947776226662
	185.4067535332564
	184.6446904404185
	190.2449415728165
	192.4374357891473
	195.2941431250184
	195.6919904534857
	195.2168929857366
	194.9203063665388
	194.7880775719138
	192.9617279129687
	191.4638332391771
	189.6180587324428
	187.6033664945245
	192.9429759801019
	195.1226360669476
	197.1593825394527
	198.4803243986439
	199.0577126544435
	198.8427865397282
	198.3814626355419
	198.513384681647
	198.0397363057574
	197.3486195267865
	196.0773886847942
	194.4134273715555
	192.460941645809
	190.6662495450062
	189.005283890437
	187.0676338503327
	184.9340327955672
	184.770937540085
	187.6383808676106
	190.310983800815
	192.4055181800938
	194.0292719816898
	195.176139204545
	195.5916705953711
	195.169105673783
	194.8427543216253
	194.8261531920944
	194.08041393817
	193.200598816026
	191.8429570439785
	190.1266527823859
	190.1028228345122
	192.5530772659641
	194.4768271331178
	196.1781518938209
	197.3264588673215
	197.8071577510061
	197.1706749317847
	197.199959734812
	196.5722577527513
	195.8216045454627
	194.666015687236
	193.1385784957691
	191.3587333133968
	189.5690854172086
	188.0153131512774
	186.2086630765881
	184.2524705152656
	185.9319925116928
	188.8753175662916
	191.5262289261134
	193.545676456853
	195.0180766423753
	196.0991712132966
	196.3612104970215
	195.7770192713319
	195.9177572240902
	195.637664295093
	194.768300211522
	193.727254821021
	192.1828317250453
	190.3174499486173
	192.0505010648019
	194.1880128265799
	195.8274032985048
	197.3381182533531
	198.0795660318883
	198.1081590050748
	197.5969947151901
	197.9559872844525
	197.5065053154163
	197.0157639326501
	195.9391147979154
	194.3998280790836
	192.5652616707863
	190.816231550222
	189.2226144458118
	187.4212170850382
	185.5752831791445
	187.2792679812317
	190.0985880867989
	195.8977740290771
	196.6002379145856
	196.5015422298626
	195.6090520785274
	195.7358569567615
	195.1437361759461
	194.4995029129049
	193.2445694366008
	191.5722369793365
	189.6389782461378
	191.6120130150147
	193.9660702327662
	196.1770603856494
	198.5061490771544
	198.5445946708504
	197.7768050044048
	197.7111383754367
	197.284722875732
	196.627242826407
	195.5479057942345
	194.0095197228793
	192.142731101805
	190.0847596742115
	188.4118701120974
	186.5646081862162
	184.5458297109301
	184.7498849774742
	187.3301999207567
	190.1133387630598
	192.5233850564391
	194.2170180068293
	195.7621107024914
	196.5015760503909
	196.4044127384685
	195.1209514336075
	194.4613243889622
	193.2084649260177
	191.5375119131405
	189.6098975840704
	188.0536926769583
	190.6731926945259
	192.960796445356
	194.7191025574
	196.2879591745829
	197.3853826206876
	197.7700767016212
	197.41423289759
	197.2869170156585
	197.2624365878945
	196.6236792443205
	195.6278989855084
	194.4381013338196
	192.8688234640947
	191.0539061654667
	189.3164831651999
	187.6807781072059
	185.8910969797104
	184.8540907462318
	187.276942763368
	190.0426596304727
	192.4582411983962
	194.1956802926894
	195.8032278535303
	196.5273534538592
	196.459482198867
	195.5413429662998
	195.7224065294426
	195.1633388800241
	194.4844124491482
	193.1688176007364
	191.423002421499
	189.4123418657037
	189.1487144225938
	191.7487917576204
	193.9942072522427
	195.6810995094876
	196.7916660863477
	197.5206748185586
	197.8470882750599
	197.4232569606203
	197.55691146302
	197.4203654619251
	196.7254236379046
	195.5343769955001
	194.2397207641988
	192.7272490862599
	190.99401472243
	189.5836606826069
	188.0498715531274
	184.3986543146056
	184.3864759807303
	187.2817021189727
	189.8396626643082
	191.7375506142595
	193.3055902130563
	194.2383761219998
	194.3866446432512
	193.6446457883818
	194.0616074972732
	193.6139179861484
	193.0747898740873
	191.9204196082738
	190.303180993258
	188.4005613672731
	190.7963559887868
	193.3895691910918
	195.6288952763714
	197.3074130367178
	198.9093891997492
	199.8337322290283
	200.0081806404505
	199.3666396612898
	199.7637029461387
	199.433495496533
	198.688908765922
	197.7018398435912
	196.2222887860653
	194.3723678846312
	192.5673306344518
	191.0003666835264
	189.1578739232029
	187.0631344157089
	184.8405068118809
	183.1826350166488
	185.2171719125499
	188.2282574229122
	190.7926656901974
	192.9714485296901
	194.6569246303051
	195.3818984545104
	195.2299034484521
	194.5850496338171
	194.341295122063
	192.153488989148
	188.2609823871435
	188.9579494298524
	191.4650894081342
	194.8520603250915
	196.1316327051493
	196.64662876469
	196.432990889215
	196.3605521070764
	196.4282647669027
	195.7487382522609
	193.8348631759833
	190.3773133622714
	188.8275526935895
	187.1585533323983
	183.7276813323187
	183.3128437392374
	184.5656883129864
	187.6689436661508
	190.2688300866477
	192.2296273858604
	193.4811061426262
	194.4024012368633
	193.4841247262157
	193.6508755831293
	193.1148170957168
	192.1143198512799
	190.8934388743632
	189.2370636889555
	187.3154706942476
	188.7914280657229
	191.7161476432081
	194.3111811039856
	196.2731383812069
	197.791438305831
	198.7063553979436
	198.873640067368
	198.1295650031348
	198.0934614141527
	197.6951056467377
	196.6026626798854
	195.4660873172303
	193.863819756974
	191.947571361838
	189.8927201755996
	188.2777822980766
	186.3766160096773
	184.1829096647256
	184.7405813326848
	186.7613968645283
	189.7967577673461
	192.2772038179772
	194.1231223970296
	195.309369846899
	196.044183115479
	195.8174166030087
	195.1014920769475
	194.5307196111136
	193.4291246313731
	192.0880172644056
	190.3107614543794
	188.2690383617941
	187.3381744220362
	190.010696789026
	192.2852281683271
	193.9017006207317
	195.1505824235406
	195.8204975837031
	195.2761780514043
	195.6265376773642
	195.1925014961106
	193.1071549532088
	189.8184636880301
	184.9207739922353
	184.1424893599892
	184.8130152342557
	190.4512006018354
	194.4374161114272
	195.462724070628
	195.5148077676218
	194.7128900887933
	195.0177359999064
	194.7734568663293
	194.0909733133048
	192.8293543036058
	191.0895955433897
	189.0515085222704
	187.0357823599318
	187.5056552820745
	190.2626579079257
	192.698820553071
	194.592060587035
	196.3215125248088
	197.322796153931
	197.4863907311683
	196.9800909150858
	196.768165026071
	196.1128624243029
	195.1693058733616
	193.7240134851178
	191.9468541689692
	189.9727238058926
	188.3815790714716
	186.6548277386852
	185.502108667969
	185.9592136524363
	186.0339700901064
	188.8115500221891
	190.8714761685689
	192.1128213865994
	193.1281553503652
	193.2905192961655
	192.5764986209016
	192.6712257252277
	192.1897232263044
	191.3266244819894
	190.1905434640758
	188.6467913712602
	186.8524654218803
	185.9773511538878
	188.0038417613916
	193.5827647719538
	195.7045709039859
	198.4907679375646
	198.2628061236084
	196.2976247192489
	190.993388745481
	187.5385313982321
	185.4516272747408
	193.3923091688865
	195.8637829384315
	195.7478242805331
	194.8222120035826
	194.9710966083179
	194.477405373553
	193.6830125923531
	192.2735656418985
	190.4655122754183
	188.3848581176336
	186.231917765662
	186.0066191138008
	188.4214679919976
	191.1605667075021
	193.5991798217908
	195.5456147129962
	198.1088122182682
	198.3044828454864
	197.6848865038658
	197.5417343498008
	197.280448229937
	196.4953523570651
	195.504955952935
	194.0885775431994
	192.311193595058
	190.3123494518859
	188.5670715254075
	186.7919831982167
	184.7953616229854
	184.5166532365204
	187.2664929621888
	191.1919542172906
	192.58368634459
	192.6785615334742
	192.3826197222442
	192.3151552963137
	191.6515195148092
	190.7979777787198
	189.4243109674622
	187.679656252538
	185.7151831026098
	184.7794736446204
	187.1390158252567
	189.8342300210861
	192.2112821124989
	195.2317527141302
	195.9772867308202
	196.2783439022727
	194.3916856176521
	191.5956057163102
	189.9724205456791
	187.1086575230082
	186.6079020077081
	186.9347682859648
	187.169511240521
	192.2684244338988
	194.1912347844997
	195.2707583291491
	195.3260578280973
	194.7577243985838
	194.3155390202885
	193.6411329994546
	190.5742537728478
	188.5065944402889
	186.8137272485675
	189.133267232799
	191.929240693383
	194.5190944342667
	198.2784276679302
	199.5301905538069
	200.0267257225174
	199.458002339737
	199.4487555511652
	198.6960027371003
	196.5092504160546
	191.0852077105366
	189.319730071127
	187.2579626851779
	185.0172809313604
	186.8536115558956
	189.6488855694734
	193.1316733339011
	194.2774855184562
	194.5261751545448
	193.8796336953459
	193.7639339882953
	193.4068109682642
	192.5001309165381
	191.466045932134
	189.9572897889822
	188.1367010535353
	186.1398579824694
	184.8148326811948
	192.1356718757632
	194.0703650759884
	195.305365662208
	196.3748756643126
	196.7853442838759
	196.3409039815681
	196.4681479950986
	196.3276931462138
	195.4849248893378
	193.0571801869564
	191.3684690908775
	188.1658239107189
	186.4826003166822
	186.8742268334144
	194.1986177323268
	195.7992917242918
	195.3999101834596
	195.5092114214924
	194.9262582371401
	194.2164933930157
	191.1291701575356
	186.5903098827079
	192.1738170550786
	194.4130183537613
	196.2356732041414
	197.680445853895
	198.3008792044361
	198.1663234860341
	197.6815036472172
	197.8563411601541
	197.2930666432009
	196.657222765385
	195.406776633917
	193.7344218647371
	191.799152231411
	190.0520477720221
	188.3923832053444
	186.4669055619684
	185.7022654536109
	188.7185266125314
	191.2497031550201
	193.1929083483877
	194.3664648826793
	195.3338608099963
	195.3356100540931
	194.6741793721045
	194.8661539331898
	194.273373870744
	193.4149791277711
	192.2012254540384
	190.542198312303
	188.613141563507
	186.8365915248289
	185.071845828087
	186.8948552710968
	189.5988087636799
	192.0325135953845
	193.9016375180542
	195.4994634687107
	196.5693139677145
	196.8587918525419
	196.3927368663237
	196.3857389564025
	196.1779769690234
	195.7015002198018
	194.8222641607992
	193.440121494538
	191.7283054155083
	189.8233257015912
	188.0920799306616
	186.3748440519573
	185.2957853065861
	187.5815200396312
	190.5162934983888
	192.8135203957395
	195.2608130513395
	195.6122637008542
	195.0812189795378
	194.2980676486412
	191.8189158476183
	190.1829249316518
	186.1557414164682
	185.9715046161943
	188.7518864840559
	191.3486644224807
	193.4753592376767
	197.3280919253706
	197.0916196798558
	196.7741891935059
	194.2873630369837
	192.5558869644712
	187.0362124296894
	185.0590607219089
	186.1683099388163
	188.9592659251479
	191.1647354133264
	192.5509654183979
	193.7497399874731
	193.9871249884548
	193.3413151945363
	193.5690406163757
	192.3899479009778
	191.3284528241877
	189.7809206631983
	187.9159091148773
	186.1249620018446
	184.5109505430693
	184.3799580772951
	186.2948328663832
	189.0930305673424
	193.7942182281027
	195.6213952086969
	196.6553830218593
	196.8418136263685
	196.2964779037619
	196.4515385028468
	196.2319847389912
	195.8902858489846
	194.9378999174568
	193.4847676443968
	191.7060165506745
	189.7379350740014
	188.1591132750301
	186.3898451736812
	185.8708956380218
	188.6700351640727
	191.3549919019249
	195.8557865445893
	196.0088253908932
	195.3428467811836
	195.0080914962564
	194.7848310091622
	193.8292752117176
	192.4422554698371
	190.882929166295
	188.9896760898627
	186.9875576955412
	185.7695113709962
	187.3165339402246
	190.0869153116166
	192.7509352716589
	194.9590984070776
	197.8042701457897
	197.9001368092289
	197.2703443557414
	197.2965901858222
	196.5324451043739
	194.2035754499962
	190.4376048781152
	188.7648368847892
	185.0260323418381
	185.8552341146462
	191.1061090077173
	192.9374797173423
	194.2999503610773
	195.1974292802688
	195.36060548252
	194.7119195961605
	195.0652583679795
	194.7796106543151
	193.8265327100454
	192.7418630019361
	191.239381712817
	189.4185061585225
	187.7613281914241
	186.1644353949969
	187.1553045639434
	190.1164768733442
	192.8027522224605
	194.9385893581287
	196.8009845745094
	198.0112543081625
	197.9685742073422
	197.7004690522409
	197.0088836912512
	194.6088584853631
	190.8115497128136
	189.2429630353932
	187.4543453372794
	185.3456469672988
	187.8794535202393
	190.6272029967682
	194.468962571259
	195.9976967311157
	195.4814296707772
	193.7940863030036
	188.7480636383751
	185.8918358079582
	193.6843952319141
	197.5769300898398
	197.3551768432232
	196.7926973262858
	196.1521386750932
	194.9497922516724
	193.313019108454
	191.41175615905
	189.8568702905136
	188.1618350681975
	186.2523656596276
	186.8051264730827
	189.5197690403379
	191.8222587024886
	193.7043178865995
	195.2170048989468
	195.8665409000611
	195.7505248234072
	194.8578086208337
	195.0097682524325
	194.5599236696242
	193.8656112753207
	192.5609122362568
	190.8396352607102
	188.8593006765209
	186.8167025040114
	185.8580032424935
	187.8865190510508
	190.8137147602192
	193.3596021652803
	195.5884673863329
	197.4937573780845
	198.64222557454
	198.8718805231227
	198.3254991766941
	198.1346569289583
	197.9202359375291
	197.5636642286649
	196.5659389160516
	195.019951079146
	193.1178072975554
	191.0089477165438
	189.3386024747134
	187.4643015781756
	188.4247800581638
	192.779761088273
	194.8540488018796
	194.9423292094859
	194.1745523669468
	194.3484012201368
	193.9122651193851
	192.8279492040221
	191.5946359071559
	189.9992190324914
	188.1328902335525
	186.1717610465222
	184.8405583401005
	186.5699167033192
	189.018183926082
	191.8294604925528
	194.2828031010592
	196.1295049981966
	198.5425084170025
	197.4158870753359
	196.5725899347477
	191.7693097446226
	189.8528968799787
	186.2437300707367
	186.5152881096985
	189.1626338823437
	191.2736662460438
	192.6643355089565
	193.7241305173978
	194.2132718424396
	193.9286525538256
	193.5412440578013
	193.5827231543742
	192.9118724606608
	191.7423335269514
	190.4839435963667
	188.8658711030371
	185.3918202989477
	187.5970267041326
	190.3793958149938
	192.8373201635519
	194.6533239897444
	196.2819044527359
	197.1825717409531
	197.2779265327597
	196.6529461651131
