	-2.426261321633267e-06
	-5.593466345781297e-06
	-7.283301982324245e-10
	-8.500717110259124e-06
	-6.105989405672213e-09
	-3.494210179822797e-08
	-1.663603801124958e-06
	-3.246717359402692e-05
	-1.842924530698614e-05
	-1.517174284535685e-05
	-1.443779862448827e-10
	-9.512104455662718e-10
	-9.312381195949938e-11
	-2.956224140162779e-07
	-7.438189983673907e-06
	-1.38069843600785e-08
	-1.796353955785018e-09
	-2.390777475530847e-08
	-2.624259130582809e-08
	-4.76932103978156e-09
	-3.150010126540453e-08
	-5.299604852578558e-06
	-1.198471782440917e-05
	-2.022832036181167e-08
	-1.761136041988064e-08
	-5.285932759838655e-06
	-1.013114168617279e-07
	-2.837578688079017e-06
	-0.0001548791507151302
	-0.0004145254897827173
	-5.000139377684697e-06
	-3.94497804654312e-08
	-0.0002116935912507226
	-2.80280888689258e-06
	-0.000263370188059777
	-1.974742416004298e-08
	-1.986398411970034e-10
	-1.109613523710064e-06
	-6.910946029277845e-06
	-2.870562036666323e-07
	-9.156478090912581e-06
	-2.039778637726377e-08
	-5.668047513812677e-07
	-5.825397576197848e-06
	-9.042407683394548e-07
	-3.368729575334995e-08
	-1.02523279443959e-07
	-6.750040371808363e-09
	-5.219610563955265e-05
	-0.0001067180214774024
	-6.336073158179608e-05
	-0.0007167593264372817
	-2.988120913926323e-08
	-0.001073634628321517
	-1.102369631461895e-05
	-0.00121583547226325
	-0.0001535178557220992
	-0.001091149737696244
	-5.149101728067872e-06
	-1.523194381774994e-08
	-0.000523027551905915
	-3.093468086325033e-09
	-2.151674928619726e-09
	-1.087694141652848e-05
	-1.16650606168936e-08
	-4.612321914756127e-07
	-0.0002576001358156137
	-2.154755223273941e-08
	-7.424213601004417e-08
	-2.226063177222838e-09
	-3.93817439975124e-08
	-2.417518366370942e-05
	-1.113935478985706e-08
	-1.924061511243476e-07
	-0.0001983425201982904
	-1.939140337159044e-07
	-9.930519764761786e-07
	-8.800477639699965e-05
	-7.129658627082325e-09
	-1.566687179552014e-10
	-1.605568679116705e-09
	-5.800166316891603e-09
	-4.03755725445004e-05
	-1.36326907601069e-08
	-7.450115227632775e-08
	-4.712818595451163e-08
	-2.304258552046037e-07
	-5.96910851920787e-08
	-2.500235907755873e-09
	-5.755391151898085e-12
	-2.522068925108384e-07
	-7.756939125020588e-06
	-3.46562223394917e-08
	-1.146005796300218e-08
	-7.227500537154083e-08
	-3.883658906275959e-09
	-8.285518925014616e-08
	-3.685946609143785e-09
	-8.63449408099891e-06
	-6.623179981863315e-05
	-1.389222171367864e-08
	-3.828087465099432e-10
	-8.060175955857294e-09
	-3.09638940060433e-07
	-7.756463399698711e-10
	-7.819942507413558e-08
	-7.789856685141027e-09
	-1.494339374488493e-05
	-0.001249036474928468
	-1.406253206077677e-08
	-1.351627390853185e-08
	-1.118181037583447e-08
	-0.0003834849680926221
	-1.277347789240484e-08
	-5.214100336309475e-08
	-6.397196444474447e-09
	-4.470911005007142e-09
	-2.345353157916321e-08
	-0.0002638595509639098
	-4.625823217016484e-06
	-4.065132336558186e-09
	-1.952432764494647e-09
	-0.0002524861217577169
	-6.013004124079593e-10
	-8.73654646978478e-10
	-0.001037781203177686
	-5.219339805677061e-09
	-1.634775268389036e-08
	-4.357702226238761e-06
	-1.594389282235252e-07
	-2.118059327347246e-07
	-3.861494771360986e-08
	-6.547876017511057e-08
	-1.195833444964791e-06
	-1.55095908808363e-10
	-2.559343670286961e-06
	-2.992034697220717e-10
	-1.254431773533716e-06
	-4.576293956309901e-07
	-8.031919521765287e-09
	-2.200877584582879e-08
	-2.243460940430704e-07
	-1.19369786260027e-05
	-3.094186364397627e-07
	-0.0001439988601004721
	-1.910706672535426e-08
	-1.476693669730718e-05
	-1.165082202719018e-08
	-1.459881293345145e-08
	-5.74035729622141e-08
	-2.036656474387937e-05
	-2.944415790299482e-05
	-1.964952584370146e-05
	-7.832149579286544e-06
	-5.984148434192326e-05
	-3.059904321379076e-05
	-9.441189379328552e-05
	-2.67301412275931e-06
	-9.422794942430814e-09
	-2.424724783837335e-07
	-0.0003668241919345286
	-3.294285237062989e-08
	-3.468727004958406e-05
	-1.941204950698087e-09
	-1.613459859614673e-05
	-2.25221830302261e-05
	-3.121733390426919e-06
	-6.136356034321669e-09
	-1.237324204582196e-07
	-7.913827033596232e-09
	-3.077588508700248e-07
	-8.05653563051639e-08
	-3.406653826249477e-05
	-4.716882542925105e-05
	-2.2865454918514e-05
	-1.152350938950583e-05
	-3.55136769859368e-06
	-0.000397680970961471
	-1.293883811085734e-10
	-8.42838048606837e-10
	-1.884095921121697e-10
	-3.226134685537603e-05
	-5.5690515294839e-07
	-2.665045407645342e-08
	-5.137847095123704e-08
	-1.047072634234001e-07
	-8.700660302516701e-09
	-2.669596551709615e-09
	-2.170757501801792e-06
	-9.028319590770662e-06
	-2.809991051005967e-06
	-3.585705462248581e-06
	-4.862883107576676e-05
	-0.0001682303452634037
	-0.0003515285031022495
	-0.0003287895580075595
	-0.0006058077407174583
	-1.038253669483805e-05
	-0.0004572819222349991
	-2.023295020449594e-05
	-7.375009558719531e-10
	-4.52195702380434e-05
	-3.155086041677356e-10
	-1.426973045569976e-05
	-0.0002406035757234055
	-2.233725430051758e-09
	-3.515218964343203e-05
	-2.728150348689763e-11
	-2.278107476757917e-08
	-3.803248139643115e-09
	-7.563024958915685e-09
	-6.607483668334977e-06
	-1.549093211828923e-08
	-1.029141758810209e-08
	-8.921574146201925e-09
	-2.1358023598779e-08
	-7.977048145760053e-10
	-2.006338195066261e-05
	-4.610316418270343e-09
	-1.084848622778832e-08
	-1.021291573668417e-05
	-2.249047336257129e-08
	-1.010234814808743e-05
	-4.388152232579689e-08
	-5.193311286757975e-06
	-2.024780666363314e-05
	-0.0005016330007730757
	-1.861155714686325e-05
	-1.879076366432583e-06
	-9.282189062524625e-06
	-7.482393941268694e-10
	-2.358905204335093e-06
	-1.994015420368062e-06
	-1.072368542439669e-05
	-6.284293432338053e-06
	-5.526382457167243e-05
	-4.313355170076243e-08
	-7.553655141662259e-09
	-5.365535164273405e-10
	-3.701879091906072e-07
	-0.0002317061627963783
	-3.173992557694095e-08
	-9.670455184873313e-08
	-1.321795061227779e-07
	-0.0004430608377757342
	-9.340919745810066e-09
	-7.033161645918375e-07
	-7.11298955492495e-07
	-0.0005756928895436067
	-5.960682402342915e-09
	-0.0008648732749270537
	-0.0004127003465201689
	-0.0001177800504148893
	-1.957548946425211e-09
	-1.511298200635661e-05
	-7.790831244972428e-09
	-1.148447679724469e-09
	-0.0009502078410952764
	-2.374681166311848e-09
	-6.504264743984193e-06
	-4.274640867907141e-05
	-0.0006932733629742908
	-0.0001156695951362001
	-1.984833237406264e-05
	-0.0009221338298237515
	-2.809165388726453e-08
	-3.282002342677652e-05
	-1.400142673837371e-05
	-0.000326937156214279
	-4.776038227930804e-09
	-4.563239770728292e-05
	-0.001502062353227984
	-5.464303810939993e-05
	-3.192109314788819e-06
	-5.02917544842374e-08
	-1.149600927190279e-09
	-1.326354510327116e-05
	-7.925728277888798e-07
	-1.163662081511666e-05
	-7.472858731738905e-05
	-4.292274380819653e-09
	-4.1321208405172e-06
	-1.7392291966507e-06
	-3.561642138610761e-05
	-1.471480060795627e-10
	-3.077519630719022e-10
	-2.972513218935252e-07
	-0.0006775109717273359
	-4.589606474222046e-06
	-3.238117761367094e-10
	-0.0001627915061903692
	-9.001090485221942e-09
	-6.77209326691847e-11
	-5.937030089249963e-05
	-1.259150092169758e-09
	-9.277266285079864e-09
	-2.304778004696563e-06
	-4.602674968914187e-09
	-8.002912838067127e-08
	-7.843179421652412e-08
	-1.077023047212167e-10
	-0.0005500352954569016
	-2.064514882377895e-06
	-0.001009424025840093
	-3.129014920354875e-05
	-6.124398987170869e-10
	-0.0003770704109759331
	-1.610101921722556e-09
	-8.009794808226881e-09
	-2.322903419007645e-08
	-3.951347287434796e-06
	-5.34494232531415e-06
	-1.828573442630821e-05
	-2.182744414482438e-08
	-9.675365134023611e-08
	-1.746199392879958e-08
	-1.055841684985759e-08
	-8.436888966293626e-05
	-7.560927739139473e-08
	-2.890249104513508e-09
	-3.865670979175125e-10
	-1.945699963280374e-08
	-1.509515695553955e-11
	-2.171386760847339e-12
	-3.393836564500376e-05
	-0.0001224799803012618
	-7.51686465824481e-07
	-5.244235167119736e-09
	-2.727103847451328e-08
	-7.79517344892828e-08
	-1.639058862913952e-07
	-1.360289938482657e-05
	-5.771278917422224e-05
	-0.001187362067822575
	-3.013545100852287e-12
	-2.711027487420639e-09
	-0.0002473055359779793
	-2.946752653222139e-05
	-3.569073652990782e-06
	-2.433091444227948e-08
	-9.763481313601325e-06
	-3.561940387530867e-08
	-2.151226839814304e-05
	-8.809484257728043e-07
	-1.614839424205539e-05
	-0.0001143717505422536
	-0.0002305434413944605
	-9.34872435162476e-06
	-1.229437392152863e-08
	-3.92287182465133e-07
	-6.318498014475396e-08
	-9.429947100534429e-10
	-1.784035924677335e-08
	-1.22790886691044e-08
	-3.1221525277079e-09
	-8.172331562877577e-09
	-2.264757540817952e-08
	-1.007101774167328e-08
	-2.785846460060279e-09
	-0.0002074732071929072
	-2.558634479272755e-09
	-2.707648776147174e-09
	-9.750367188681414e-09
	-1.194209579538839e-05
	-3.826844432448248e-07
	-5.47817893298356e-06
	-1.289828272722228e-08
	-5.831177032264658e-10
	-4.894081904705099e-11
	-8.466179298722843e-06
	-1.365767648672805e-08
	-6.800855592337618e-08
	-0.000242526765995642
	-1.992589325140263e-05
	-1.19912413457428e-05
	-0.0005539723812204828
	-3.988153334409969e-07
	-0.0006619285733929027
	-0.0007824309355728683
	-7.924215889670711e-05
	-4.995884489403479e-11
	-0.0001413355997708484
	-1.059871138464998e-09
	-5.745479675314649e-06
	-1.263493848840613e-09
	-2.169579810887891e-06
	-1.916056020651734e-06
	-4.372067997763029e-09
	-4.205485636546435e-06
	-1.818993575563838e-05
	-1.191874561147403e-05
	-1.453139681552398e-05
	-3.592365388418039e-06
	-9.13274393831981e-06
	-7.443746314417155e-06
	-1.933934679784618e-06
	-1.105582564813947e-05
	-3.002084811921351e-09
	-1.644093102103939e-08
	-1.440431697039796e-07
	-1.539655750369305e-06
	-5.704882524503586e-10
	-1.695379700014002e-13
	-1.656710918284499e-09
	-1.317294166416403e-09
	-1.712127103970006e-07
	-3.504554624948571e-07
	-0.0003394168004130161
	-0.0001945230401198063
	-0.0006940958058697597
	-1.825823195643691e-05
	-1.598225756939444e-09
	-0.0008077601686916224
	-0.0002178320345361463
	-1.008065500310067e-06
	-4.434891732626146e-05
	-7.00754287540933e-08
	-0.0002297016542641166
	-1.252752457252215e-07
	-7.905007421351569e-05
	-3.561400974214795e-08
	-2.370629776289794e-10
	-4.76647254210366e-05
	-7.332919879347873e-09
	-0.0001650866159616499
	-7.702918054866447e-09
	-0.0002772583622442825
	-0.0003300262911522732
	-6.418353842023059e-09
	-0.0002931955550116292
	-0.0003610216773400895
	-0.0004461787002558716
	-3.063108942346867e-08
	-9.229733399510612e-09
	-2.127491332484576e-08
	-0.0003074538326138113
	-4.949910157278631e-07
	-7.183741499757073e-09
	-4.360477381477837e-10
	-1.086989318562967e-09
	-7.118984195994571e-07
	-2.113270718404187e-10
	-4.173768088084629e-08
	-2.235056163563016e-09
	-1.132928814996315e-10
	-1.379133815408125e-09
	-8.143055722911224e-10
	-2.442075776443579e-09
	-5.004618552858931e-08
	-1.152842103494996e-08
	-2.787606826063354e-05
	-1.310032952299448e-06
	-0.0001875656451070302
	-2.004202419092897e-08
	-1.836515171640998e-07
	-8.345568492395772e-09
	-0.0001352176709237372
	-4.493956165854341e-06
	-7.855790325630349e-05
	-0.0001467917252066212
	-9.74821374145097e-07
	-7.481046131175974e-05
	-8.495029225223377e-05
	-0.0002393423071782438
	-2.006318345668016e-08
	-2.591996784166047e-08
	-2.613489333593548e-08
	-4.910411089390814e-10
	-2.924683918831524e-05
	-1.436799008139028e-06
	-8.507604808747532e-07
	-8.135954179198156e-09
	-5.861185517991666e-06
	-2.551198131683234e-06
	-9.196965030954614e-09
	-6.345412607729828e-07
	-2.501836620562667e-06
	-4.018983496987806e-07
	-1.178107804754412e-09
	-6.957198586442488e-06
	-3.942669076844396e-07
	-2.305790538748009e-09
	-3.060842216356074e-07
	-3.407460817132649e-09
	-4.155740972941894e-06
	-1.868103799551973e-05
	-2.799795384949298e-07
	-1.266341756470908e-07
	-5.559991263635272e-08
	-1.391553313063627e-08
	-1.103962530385798e-06
	-3.835129136486392e-07
	-5.361371464229119e-07
	-4.389715461514967e-07
	-2.03786903899497e-09
	-2.929856454180628e-07
	-5.96933780778006e-11
	-3.723307422778876e-07
	-7.262098702825775e-11
	-0.0001917746609036878
	-6.681185210419397e-09
	-1.786290238329244e-11
	-7.099568949213248e-11
	-1.581782758141263e-06
	-5.14694212719242e-06
	-3.635569110501589e-08
	-9.563060575916211e-08
	-5.900332111691464e-08
	-2.810007166121427e-06
	-0.000195042826814375
	-1.328295881628254e-05
	-4.304497757859893e-08
	-0.0007905028364374217
	-7.447711215237116e-05
	-1.144525558060839e-07
	-2.428240671154381e-08
	-5.379333768543953e-11
	-4.412578483838976e-08
	-8.150228144573353e-05
	-0.000324292185840394
	-1.290021618246815e-09
	-7.452684435057761e-05
	-2.052982624083094e-10
	-0.00113785106811124
	-0.0004150453732965018
	-0.0007812063555066081
	-1.141036630640787e-09
	-7.55384503123087e-09
	-0.0005754775107689983
	-7.494560859579286e-10
	-1.911122406466004e-08
	-2.434283559674829e-08
	-1.135545983147777e-06
	-1.348938346835458e-08
	-3.164204737880595e-08
	-2.549561142057808e-08
	-0.0001708397518872876
	-3.997860347619803e-07
	-2.652274191159381e-08
	-1.703646614408493e-08
	-8.952726038307978e-09
	-2.912908755686442e-09
	-4.162105316493409e-09
	-7.542544857910685e-05
	-6.996520058184804e-10
	-1.338849878911043e-09
	-1.358550863016458e-10
	-3.458103969737606e-05
	-2.348854243915435e-05
	-2.018680823041035e-05
	-1.023613349303756e-05
	-7.128524243207461e-05
	-2.791162442545743e-10
	-8.672588212504857e-06
	-5.168235715433211e-08
	-1.188625265101429e-08
	-7.029481539028513e-08
	-1.165956283393111e-08
	-9.836334491559141e-07
	-3.291512748526372e-09
	-2.950827378869606e-09
	-1.42479860523417e-09
	-5.004367276865235e-10
	-1.708247503005673e-09
	-2.872890773144551e-09
	-5.352066302124751e-09
	-1.182040882903084e-07
	-1.416900254253261e-07
	-3.124728799907582e-08
	-1.108911542348965e-08
	-9.063504927722421e-08
	-7.44753644873234e-07
	-2.891045716574149e-05
	-9.882161265700425e-10
	-2.336063231905324e-10
	-2.510051886592217e-09
	-2.267953598668115e-10
	-9.043211047310914e-09
	-1.11315928312285e-08
	-5.037466275574202e-09
	-8.922566697923766e-06
	-4.112145971805059e-11
	-2.14462098312752e-06
	-0.0003574253837787911
	-2.292873937803713e-08
	-0.0001433368099809648
	-1.589002651740277e-09
	-4.796212454340262e-06
	-5.510486695072363e-07
	-1.326760774770568e-05
	-3.702602508114825e-05
	-0.0002439676331860203
	-5.26437001280219e-06
	-4.041398042012495e-11
	-1.98044700781724e-08
	-7.587484139942475e-08
	-7.333070627221548e-05
	-0.000167886606318128
	-5.274956976182018e-07
	-9.954157349642333e-08
	-1.454975863092493e-07
	-4.834795699566135e-06
	-0.0002748307870188287
	-5.894275469610013e-05
	-2.871310645088661e-07
	-7.167528474125989e-07
	-3.883068412962138e-05
	-0.0002255572594976225
	-5.70535941078854e-09
	-2.317490399628512e-07
	-1.420079347600437e-09
	-2.951991086991765e-06
	-0.0003037963673352796
	-2.058566662800486e-10
	-1.716343086354469e-07
	-5.433972176614668e-05
	-5.017348173932855e-07
	-6.061413444167493e-06
	-2.419987037960782e-10
	-8.977939469654808e-06
	-1.561774233436451e-10
	-0.0002432311672370782
	-2.08180187034059e-09
	-2.380572420400245e-08
	-0.000216985443232045
	-2.156473259214847e-09
	-1.296673468863968e-06
	-1.029417176945155e-10
	-3.061155794242759e-08
	-5.344014353466154e-12
	-4.978151605856913e-06
	-1.33378357560472e-08
	-3.11693397559206e-11
	-2.426764201866213e-10
	-1.095165316636121e-10
	-1.714003720523124e-06
	-2.572293279578382e-09
	-7.59896795346458e-11
	-0.0001483597068306756
	-1.701857297688778e-09
	-6.060387238539627e-09
	-2.403311031511506e-09
	-1.086585876143229e-08
	-4.2209450650253e-08
	-2.084514519078891e-08
	-7.487037157535637e-05
	-1.325975088822967e-08
	-6.176245345765296e-09
	-0.0009154141298377479
	-6.271520424536612e-10
	-0.0002209300154495963
	-2.502536117435899e-11
	-0.0002755466158782318
	-1.174880661663505e-09
	-7.005919485970109e-09
	-1.851130131197936e-09
	-2.268412082732763e-08
	-2.341240482705462e-09
	-1.47570296982173e-08
	-3.540181952652278e-09
	-4.175459947102748e-10
	-0.0001557731744005854
	-6.126027888495968e-09
	-1.217782418814932e-09
	-0.0001937785658353174
	-2.326705565056088e-09
	-8.328663778457772e-10
	-0.0002558012133359267
	-1.132188422367301e-05
	-4.641559129104029e-10
	-1.573846228219397e-11
	-4.213034221377126e-10
	-2.251427284696289e-05
	-1.10316230091479e-10
	-1.001754429377965e-09
	-3.345658186406245e-05
	-1.089708953754759e-09
	-6.387156344595182e-09
	-0.0002213184940215211
	-1.574085636647097e-09
	-2.217639049132287e-09
	-4.896790350397601e-09
	-8.191343635463053e-05
	-3.291927430520876e-08
	-6.229257459168648e-10
	-3.784184196602748e-05
	-0.0001746163826351519
	-5.155118301862793e-10
	-0.0001267901841873735
	-1.069160366979724e-09
	-1.262012757561658e-07
	-0.0001893925451051143
	-0.0001081017644460353
	-3.231230486073071e-10
	-1.495653095626161e-10
	-6.775186308645264e-09
	-0.0004172411368294872
	-1.12074565599196e-11
	-1.91916051863009e-08
	-0.0005888871012430756
	-1.552578924497224e-10
	-8.821847598950504e-09
	-2.548735954975502e-09
	-0.000190044610836999
	-3.153242539848359e-08
	-3.434023094658965e-09
	-2.590933829990753e-10
	-0.0006989539210429684
	-1.97399683438186e-10
	-0.0002348770253538608
	-0.000234304499407989
	-1.766221062624458e-07
	-9.145315267078343e-10
	-0.0001524220593224877
	-1.476532063885244e-07
	-1.721943054508265e-08
	-2.694557725143454e-05
	-3.423152208152312e-08
	-2.324605816960628e-09
	-4.4569436883803e-08
	-4.998220218495622e-08
	-3.610630403648072e-11
	-7.140048910752916e-08
	-1.178395024658215e-09
	-5.315043434876377e-09
	-1.698039267226945e-08
	-6.894348178930329e-10
	-5.123645920071077e-09
	-6.52101287736947e-09
	-0.000148483849170883
	-1.256898704945708e-09
	-3.03769400590156e-09
	-2.86509840392109e-08
	-1.31705777290132e-08
	-6.202344527047437e-06
	-2.662316060622258e-09
	-0.0002382886206121575
	-2.016225364053082e-09
	-1.549817057312702e-08
	-0.0002912246993700854
	-0.0004854595773512179
	-0.0004943800197286642
	-0.0001748177374272959
	-4.228946859472744e-10
	-1.678050834900289e-09
	-0.0001714986311118742
	-4.152793477101061e-10
	-8.423687569820792e-10
	-9.390897114174092e-10
	-9.344117757579862e-10
	-1.257867371473889e-06
	-8.591304242232091e-10
	-8.906022353183983e-05
	-2.57600907901023e-10
	-4.145369665127466e-07
	-6.069472263532955e-10
	-0.0001098623703798598
	-4.543317805005894e-08
	-2.364937915696608e-08
	-2.836850239021679e-06
	-2.032558868871083e-08
	-3.987494748108327e-09
	-2.582301223121257e-05
	-0.0001044238274463284
	-1.169496809642282e-05
	-5.706998210687826e-10
	-2.395348864198606e-05
	-5.887116373176983e-05
	-3.781182084550859e-05
	-3.107814556637585e-05
	-8.094208733236518e-11
	-4.514563013908264e-09
	-5.341163728804119e-05
	-3.624069802085919e-09
	-4.582955976812094e-07
	-0.0001010656568105445
	-1.510290479402263e-09
	-6.060782202311694e-07
	-1.166168301957452e-06
	-7.632422013325855e-06
	-1.988681829798541e-08
	-3.493633176647886e-08
	-4.657220145345535e-09
	-7.434871112916951e-09
	-4.445877220253991e-07
	-1.181665634099646e-08
	-7.679946128200721e-10
	-0.0001245356675767086
	-5.265287591171263e-09
	-3.335327365815776e-08
	-6.596863682900182e-10
	-0.0002299407683535724
	-1.749006097059186e-05
	-0.000396962713294462
	-4.076011032800358e-09
	-4.803572522513067e-08
	-4.407625459075724e-08
	-0.0005036064965161685
	-2.35916932362466e-08
	-4.775195879062141e-07
	-9.313197650488895e-09
	-0.0001086077014273712
	-2.632161611075768e-07
	-1.199064046596215e-09
	-7.419869921535638e-10
	-7.795407807416365e-11
	-2.27379362715601e-09
	-1.026370645707651e-09
	-0.001172817024898874
	-1.679385085693711e-09
	-0.0009176981722666617
	-2.803946938718026e-07
	-8.990197898385781e-10
	-2.36278762270083e-08
	-3.730097647606613e-08
	-0.0002065950067448825
	-3.493172591810762e-07
	-1.578049822848517e-06
	-1.937818016978837e-07
	-1.878206766478087e-07
	-1.453811003871669e-09
	-2.128481550085021e-06
	-2.683178120960482e-09
	-8.31456906751525e-10
	-4.765289948277348e-09
	-1.046393080154842e-08
	-1.975954254810304e-09
	-8.332713664728411e-06
	-8.922649426692681e-09
	-1.278731449845166e-08
	-1.221337037198356e-07
	-1.151714859833052e-08
	-9.63182209378648e-09
	-6.574191083430082e-09
	-7.087799951662831e-09
	-1.932937950740676e-05
	-1.266202949502501e-08
	-7.127974268172498e-10
	-3.299559454180115e-05
	-1.039287897993168e-07
	-6.222604928864713e-08
	-1.124592492744452e-07
	-8.77086136288409e-05
	-6.929716146463842e-05
	-4.426890486328378e-05
	-3.33836720549416e-06
	-4.060873240776223e-08
	-6.711218611874406e-05
	-4.322097654873153e-08
	-3.810874359693664e-05
	-8.741913973598758e-09
	-9.886529025315023e-05
	-1.903573874754884e-09
	-0.0002267538106540858
	-0.0001030467029748222
	-0.0001503739718896784
	-0.0001878462297648029
	-0.0001885310191640227
	-0.0001697517295102792
	-0.0001545281219717996
	-0.0001279043608365836
	-0.000102665712000315
	-5.238636945540418e-05
	-0.0004094602878599545
	-0.0001760611514223137
	-1.211562078221333e-07
	-1.081027841762255e-08
	-1.685067952044318e-08
	-5.222435520958715e-09
	-3.788339541107709e-08
	-2.52512639431088e-08
	-4.476984890034226e-07
	-2.168639694512091e-09
	-1.204830233330429e-09
	-7.03448600872904e-10
	-4.566357846447865e-08
	-2.266616030348785e-08
	-2.091686494056218e-10
	-2.151190984697667e-08
	-8.3976892052096e-09
	-0.0003705721108449534
	-1.548921453534553e-08
	-3.438668007551639e-09
	-1.370888545041511e-05
	-2.369824237857863e-08
	-3.254119378649681e-09
	-0.0002715207426894135
	-1.178780516818007e-07
	-0.0002397104730230166
	-5.377961867757555e-06
	-2.379590559995334e-08
	-9.983101428453687e-06
	-1.960436803420618e-08
	-1.209745137609512e-08
	-2.090449496814583e-05
	-1.04938772166359e-09
	-1.504872683799112e-07
	-3.67277522421199e-05
	-2.64901044530757e-08
	-0.0002171820695495435
	-1.887229949760951e-07
	-0.002094786518589264
	-9.897807107692762e-08
	-0.0001435309393531887
	-1.553128733811064e-07
	-7.622245761100156e-08
	-0.0005860633942017543
	-6.266448986039969e-08
	-1.26517894210696e-07
	-8.804326297819375e-08
	-0.0004170009566142269
	-1.239747258130221e-09
	-7.740999992312052e-05
	-1.201337655927531e-05
	-4.139186608424279e-05
	-6.1277316298337e-11
	-2.238659464283153e-08
	-2.474209245723979e-10
	-1.837480773560779e-05
	-4.749000720932096e-09
	-1.447719679076976e-05
	-2.494760477921781e-05
	-0.0001638049698012414
	-0.0001323310351329128
	-0.0001185488431276421
	-1.823533747874169e-05
	-1.439756998598108e-06
	-0.0001102963926357325
	-2.649295598247983e-05
	-8.127265910564659e-10
	-3.758091045501879e-06
	-5.43871409081563e-06
	-8.792113187073904e-10
	-1.191908388800409e-09
	-1.443864593129451e-09
	-2.478588092016337e-10
	-3.718422524881658e-09
	-2.222769411410176e-11
	-7.803854427186143e-06
	-2.975740403234172e-08
	-4.483195281590986e-06
	-5.64626079387805e-10
	-8.040690258204403e-06
	-5.116306787511393e-06
	-3.223444817266696e-09
	-8.191844713310133e-09
	-1.39405152715466e-09
	-1.548654690886195e-08
	-0.0002597583423849703
	-7.298426668865478e-09
	-4.880242686552511e-09
	-3.029052485580453e-09
	-3.164888250702258e-09
	-5.319574978588262e-11
	-6.170530293564108e-09
	-1.099971309007556e-05
	-1.614291619551409e-09
	-7.761170337658892e-06
	-1.292492755558626e-10
	-5.476372757655775e-09
	-1.803273878654186e-09
	-5.03051466415965e-09
	-5.228180868195271e-11
	-5.151304976968705e-09
	-8.838203145526732e-10
	-7.395033698239008e-05
	-5.113643061224377e-08
	-0.0007567947059149605
	-6.378560357141794e-09
	-0.0007338000753308848
	-1.958199577017352e-09
	-1.093694946357707e-08
	-2.124385164834081e-09
	-2.118641991690354e-05
	-2.365951770649258e-09
	-2.08197123316785e-07
	-3.354067745980757e-08
	-1.837037494832005e-08
	-6.791591118268222e-05
	-1.455913629890467e-08
	-9.718905088780942e-05
	-4.462695571479912e-09
	-6.473659978300385e-10
	-6.794475383690762e-11
	-5.23279034562244e-10
	-1.836287642038163e-09
	-4.234812171881332e-09
	-2.383867651717019e-06
	-1.343849648406668e-08
	-7.242986585548127e-05
	-2.109138700389207e-06
	-0.0001116510498512929
	-2.829877183207847e-07
	-1.154953517060172e-07
	-7.616830618260959e-08
	-0.0001049840613766263
	-3.856306865772502e-08
	-2.242199534057081e-05
	-1.506614202943764e-05
	-1.902710228100929e-05
	-5.313979407459184e-08
	-0.000222060532173659
	-3.966317478884341e-09
	-4.861357912888988e-09
	-1.213274216743921e-08
	-9.329155032216862e-09
	-1.2321806739751e-11
	-5.150136807611547e-10
	-4.045533302539319e-09
	-5.005631134861391e-09
	-4.19188435821574e-09
	-8.437193961713123e-10
	-1.237769711192956e-09
	-1.136726612601199e-08
	-5.46074837297965e-06
	-2.117640269648062e-05
	-1.422987289102504e-05
	-8.1718370308626e-07
	-7.850798763441487e-06
	-1.510931349752653e-05
	-1.761329446334382e-06
	-5.818844172782731e-06
	-8.987172571469745e-09
	-2.271270333190817e-10
	-8.108785361490768e-06
	-6.528886987377241e-08
	-6.977164517110781e-06
	-2.296225628822327e-06
	-8.831166195322984e-06
	-1.018410490515354e-08
	-3.318233056556562e-10
	-2.071112613868472e-08
	-2.751157034226914e-05
	-9.734106559531933e-10
	-7.521416018762474e-07
	-0.0004558813816316741
	-2.00874928682387e-09
	-2.869619734767948e-05
	-1.344875195729358e-05
	-0.0001059417668582482
	-2.806436068065113e-10
	-5.742481921956965e-10
	-0.0002304618547841686
	-3.851412238252352e-11
	-7.679423652910616e-11
	-6.137846316628951e-10
	-7.472325318129617e-10
	-4.378774813671962e-09
	-2.103499650076014e-10
	-0.0001675888305664071
	-4.736854385982596e-07
	-1.73948172339936e-08
	-6.383884739064292e-08
	-9.537864957321384e-09
	-1.460408746359437e-07
	-2.163010532559904e-08
	-1.251752748951816e-08
	-2.304625498856786e-08
	-3.046677866172285e-08
	-9.681989517454391e-06
	-4.003706022812648e-08
	-2.583615481205684e-08
	-1.870290724986946e-05
	-1.513929257093525e-05
	-8.155558483262721e-07
	-3.330721839375138e-08
	-8.291067056652636e-06
	-1.495114333270735e-06
	-8.401492128270971e-05
	-2.97066526599627e-10
	-1.391061651350458e-09
	-1.079997870009602e-09
	-1.592498297504133e-06
	-1.257101194642978e-08
	-5.181912821120549e-08
	-1.141847010805661e-07
	-1.302108941050234e-06
	-4.226712968283954e-08
	-9.588073922529124e-09
	-1.503456284090024e-10
	-1.310037070045636e-08
	-3.312405285689606e-10
	-2.194060890700531e-08
	-2.469515293474929e-10
	-1.97408312936979e-05
	-3.254859584770619e-09
	-4.033683991759971e-06
	-9.139305200281466e-12
	-2.653082957140471e-06
	-5.810627831486971e-10
	-3.453284201849649e-06
	-6.627385468306726e-08
	-6.430470112680607e-07
	-1.647968435319806e-05
	-2.995616897013907e-07
	-2.841045762758852e-10
	-3.180831076246511e-08
	-3.425589699707299e-05
	-4.243973638153361e-08
	-4.050026726401349e-09
	-5.586743286020814e-09
	-4.446342374329152e-09
	-1.111876557805307e-09
	-7.021388484356671e-10
	-1.084435864654254e-09
	-0.0002042245340625614
	-3.083727735332237e-07
	-2.429011224633309e-08
	-3.834183018134327e-06
	-3.308624775154975e-11
	-8.913273904237319e-08
	-2.610612910374831e-10
	-4.290375500644708e-09
	-1.237244761866425e-09
	-1.986290174017828e-12
	-8.821927945585862e-09
	-4.5509960316133e-09
	-7.817757544169985e-06
	-3.498023519504149e-06
	-0.0001789214968755303
	-3.052800733772226e-11
	-0.001270878642112238
	-9.736120791596503e-11
	-0.001783263049414725
	-3.202154138920757e-06
	-5.103035106894572e-07
	-0.0001054999254196369
	-8.723802802827471e-05
	-0.0001321032648245505
	-0.0001553266275675834
	-0.0001810768877157134
	-0.0006518115655834701
	-0.0001895069703499657
	-0.0001731838219514746
	-0.0001776429710533036
	-0.0006772634640394347
	-0.0004299985659490372
	-1.947829915220654e-06
	-5.756864400878478e-06
	-3.344133244347274e-06
	-0.0002135283504951936
	-4.284425004928455e-09
	-1.109169392085626e-05
	-5.620108067839497e-06
	-9.545923964988377e-07
	-3.001162380158318e-10
	-3.919516151254583e-05
	-4.110610215670746e-10
	-0.0001606710845520863
	-1.569256467926233e-10
	-0.0003834111828129549
	-6.797194193897969e-05
	-0.0001669445647547977
	-0.0001917557040424048
	-0.0001087038851504824
	-1.49911532708999e-07
	-0.00102026305214777
	-1.758663104360681e-09
	-0.000564233822139761
	-4.952454450906543e-09
	-6.364533091750387e-07
	-1.433025392953744e-06
	-6.248514079574179e-10
	-3.994906834595333e-05
	-6.186676498352509e-08
	-1.613842758117724e-08
	-2.991024329500978e-08
	-0.0001148002810997661
	-6.693975997520406e-10
	-4.593882151249096e-10
	-6.403701239213203e-07
	-3.588999629446904e-08
	-6.547730103641476e-09
	-4.921981214366301e-09
	-0.0001433360202082718
	-1.280463506315147e-07
	-0.0001814014474536239
	-1.811553578817974e-08
	-6.458741344566548e-06
	-8.838178415617858e-10
	-0.0001084117114308935
	-1.8176616071398e-09
	-1.661656716011836e-07
	-1.892550751404972e-09
	-4.885541042113587e-10
	-1.069996401962395e-08
	-5.770413716079127e-09
	-2.718396975506432e-06
	-5.399758678759333e-05
	-5.656171607729271e-10
	-3.628957539056349e-10
	-2.04526863747864e-09
	-1.58249474829312e-08
	-3.348074552748081e-05
	-4.187361988051016e-09
	-2.761187619019745e-08
	-1.212322544381953e-07
	-5.948126331012346e-08
	-5.24285451518198e-09
	-3.199315731550827e-05
	-3.755459569949103e-08
	-1.050484778421606e-06
	-1.56593821342471e-05
	-3.553232238863506e-09
	-4.025836652330533e-11
	-2.866561976743895e-08
	-3.281144009791316e-08
	-0.0007123043430335742
	-0.0002267083565990544
	-4.680049309589774e-08
	-1.590763038451142e-07
	-2.127179364182857e-06
	-7.121164930929744e-08
	-3.512643110648274e-08
	-1.178190387113919e-07
	-3.441933520869754e-06
	-3.55469162062653e-09
	-6.555122340880064e-09
	-5.493044371349561e-09
	-0.0002734654854242312
	-5.297458356343298e-11
	-1.092381969761951e-09
	-0.0001725333270266207
	-1.073510572677337e-09
	-2.769097170239869e-09
	-3.620372378850069e-09
	-3.050819617852707e-09
	-0.000231256044437025
	-2.140116692525572e-08
	-4.371328069533328e-09
	-6.920988411383363e-10
	-1.927435481260227e-09
	-1.790855553421473e-10
	-2.935594930289213e-11
	-1.437089836776729e-11
	-1.377674102427683e-10
	-4.995642296013102e-11
	-0.0002661464125829072
	-0.0001043041326371518
	-7.983514757497723e-10
	-2.824734677046042e-06
	-1.062660423770482e-06
	-4.29258516698437e-05
	-1.09318635449965e-09
	-3.618569937339314e-09
	-3.954168419092905e-09
	-1.454254099971676e-08
	-1.54296444383074e-08
	-4.903533341777317e-08
	-1.318578785396405e-07
	-1.612320487722279e-08
	-0.0001223204419428111
	-1.93393464481406e-08
	-2.608499102484908e-08
	-4.022485520953385e-05
	-2.597866958640867e-10
	-1.335608693829081e-05
	-4.005344745786902e-07
	-1.049048986802279e-10
	-2.279468457614154e-05
	-4.970781250165412e-08
	-3.294750792305773e-05
	-0.000272892957314178
	-2.663110541117174e-08
	-4.771855567077719e-10
	-0.0001884414757967863
	-0.0002896983575037553
	-4.344246360773823e-07
	-0.0001006719865517364
	-0.0002478496937564572
	-7.578569400920562e-05
	-9.022248275680817e-05
	-3.439958496810965e-05
	-2.402153808998418e-07
	-0.0002814030351738177
	-0.0003528075079884922
	-9.92829672402337e-05
	-0.0008515651091803988
	-0.000120130362016717
	-0.0005320429557358201
	-0.000563468315403145
	-7.744119596891817e-07
	-0.0004441718248116371
	-0.0003202069707417075
	-0.0002017006120631267
	-0.0004327112919153385
	-0.0006173323482680606
	-8.417250673095575e-06
	-0.0001295649846159596
	-0.00022296980092188
	-1.043211363689759e-06
	-4.455198004777182e-06
	-0.0005625302208732922
	-3.7744077810229e-10
	-2.761862249485e-06
	-0.0003091129394021228
	-1.109435218719994e-08
	-2.096497389721901e-06
	-6.453793799742463e-09
	-2.184385462941373e-07
	-1.444947705209511e-09
	-4.557604749054364e-08
	-6.863081600928653e-10
	-1.104433347693586e-08
	-4.732113291643947e-06
	-9.284853777194423e-06
	-2.797577513541763e-05
	-1.849277467738041e-06
	-4.261967651346772e-10
	-6.852802529071603e-06
	-2.030662295478307e-10
	-7.673167405078434e-05
	-6.451270629146453e-09
	-9.982153730365511e-09
	-3.598247541513812e-06
	-1.144305873868383e-05
	-2.745054096556166e-09
	-1.06580758888971e-09
	-2.596747559298325e-09
	-1.292929583364242e-08
	-0.0001710050348259171
	-4.600033454414335e-09
	-0.0004790015823556211
	-4.870398066834301e-12
	-9.308887388732506e-09
	-0.0003971450034144986
	-1.141254491568551e-08
	-1.306077189034779e-06
	-5.392383865358516e-06
	-0.001064899480838323
	-1.275101004724687e-08
	-5.340807609309702e-10
	-4.300909364571867e-06
	-6.818585395487949e-09
	-1.797063059626218e-10
	-0.0001615751370947383
	-2.722142152851472e-10
	-8.630068522041738e-06
	-5.204161454556209e-09
	-2.64965729926368e-05
	-1.220565566429811e-09
	-3.240614637361203e-10
	-1.06037515312443e-09
	-1.020938912658268e-09
	-1.230014611608574e-09
	-1.029620996802447e-05
	-9.6460139175137e-08
	-2.251547383829616e-08
	-2.971039694438225e-08
	-8.625260009977289e-08
	-0.0002885240976416855
	-4.048955777491972e-09
	-1.039686278850298e-07
	-0.0001841063640790848
	-1.307883604899874e-06
	-5.275552440472761e-08
	-1.704395423862307e-08
	-8.581223107205329e-05
	-3.807252074257124e-08
	-5.899506706258118e-09
	-6.45609380363155e-09
	-0.00028018822694722
	-1.776652355338142e-10
	-2.029295821968671e-09
	-6.000072131649642e-11
	-2.39923802858829e-10
	-3.3990030171717e-09
	-0.0001679724852792133
	-1.754004770744168e-09
	-6.691094790439736e-06
	-4.007539473515247e-09
	-4.526454054644985e-05
	-1.342802326040754e-08
	-3.968035841325961e-09
	-2.250667057677912e-10
	-0.0008002790156535342
	-1.529747823848806e-08
	-1.209807199266655e-09
	-0.0005123212262350492
	-3.005092392357604e-09
	-1.473671476220852e-08
	-0.001098707106377159
	-4.525118861161426e-10
	-0.001242801213870856
	-2.00405072891631e-06
	-0.0002356616334448855
	-7.010535480829737e-10
	-1.862565690671553e-07
	-6.09487237241772e-08
	-0.001556864524494379
	-2.292552994698691e-07
	-9.433074106299825e-07
	-8.842156904808654e-08
	-0.0009136284115053612
	-2.323024776183979e-08
	-1.718388266972025e-07
	-0.0002501521016725705
	-1.470997025254977e-05
	-0.0004294763746228325
	-9.325372343964712e-10
	-1.044610242567995e-09
	-5.219653684786553e-07
	-3.789271739576016e-07
	-1.351787257275053e-08
	-2.936518258209367e-07
	-4.955570283407605e-05
	-4.848649459800899e-08
	-6.044890325769278e-07
	-2.245504486700829e-05
	-7.534731858979032e-07
	-2.437325048883948e-08
	-0.0003798652407280064
	-2.03457552089292e-05
	-0.0003683920411988229
	-9.057634646398502e-06
	-0.0004416801193233489
	-1.827227077102964e-09
	-3.504312142852464e-05
	-0.0002534479975981477
	-0.00011737177092043
	-0.0004527314194730286
	-5.71996750729616e-05
	-4.007709942882311e-07
	-0.0007935611320335793
	-0.0001247562013360279
	-0.0002945352101925227
	-0.0002461729230913942
	-0.000544342722420616
	-4.17296099276037e-09
	-9.523650640571041e-09
	-6.703770332225995e-09
	-9.118755417620509e-10
	-1.638463939097474e-08
	-1.14713442857969e-09
	-1.357108787777267e-06
	-1.935546720262346e-08
	-3.778311182725242e-08
	-2.241651935554214e-08
	-2.39527860094211e-07
	-1.276877472138459e-07
	-7.234302768777529e-08
	-3.612753328787347e-08
	-2.604115646534789e-10
	-5.189663817077768e-07
	-4.018765100901389e-10
	-4.279394912525616e-06
	-0.0001664504039111233
	-1.947065063399174e-09
	-8.792238884311265e-07
	-0.001150500409505143
	-1.233271767056565e-05
	-5.362453355739435e-05
	-0.0005015909374386311
	-1.747719172491957e-05
	-0.001416962413258117
	-2.849141517658738e-09
	-0.002366696810606072
	-1.376197925838235e-06
	-3.320564226935874e-07
	-4.530414034577592e-06
	-1.941475565579812e-11
	-1.523771694755507e-08
	-1.509495527612784e-07
	-1.733608196953993e-05
	-2.603463723919134e-07
	-3.827828870313437e-10
	-1.065507725259257e-09
	-3.473161913713495e-05
	-1.119946351440183e-07
	-6.215586583108851e-08
	-2.398872815953437e-07
	-0.0002447135183240735
	-5.710217600625801e-06
	-8.480616246584783e-06
	-2.555219762379885e-06
	-0.0003194619923242348
	-2.856204865693427e-08
	-1.019886099562037e-07
	-2.526243889075127e-08
	-2.070765880949544e-08
	-1.383389062910769e-07
	-1.695451583406001e-08
	-3.88037594068799e-07
	-1.966750266763166e-06
	-1.706503345153233e-05
	-4.687552177471848e-08
	-3.272310262780895e-08
	-5.976953355188256e-08
	-0.0006475085832626335
	-9.898867496726675e-09
	-1.185688661808543e-08
	-3.250441845838511e-08
	-4.181616380124812e-08
	-7.945651912861511e-09
	-8.048468478469447e-08
	-9.531664516395077e-09
	-7.545458997529961e-07
	-2.207553254502907e-10
	-2.861072419991335e-09
	-4.271564068326956e-05
	-3.954912076671137e-05
	-8.31514798628695e-05
	-0.000106558705535387
	-0.0004874934202917135
	-9.657322681256237e-05
	-5.069167967295055e-05
	-4.045954232940848e-09
	-1.365114495522933e-08
	-0.001067956013007147
	-5.164284361003044e-10
	-1.140298241479255e-06
	-1.714537910332977e-06
	-2.137387781800498e-09
	-0.000158373000154643
	-2.226959362188363e-07
	-1.375008638003553e-08
	-3.499284969161735e-05
	-5.594512941818791e-09
	-2.580425358907912e-11
	-3.246372712539457e-10
	-2.782412795731085e-10
	-5.844528103135792e-11
	-0.001155220650731688
	-2.978198716563467e-09
	-0.001220538434633623
	-1.6853477752776e-10
	-1.07032554442197e-11
	-1.212619078020568e-10
	-3.067478296724782e-07
	-5.308422172445161e-06
	-1.613541500179941e-06
	-4.209854201635729e-06
	-1.674039855986374e-06
	-4.482409942702342e-07
	-7.566122794971954e-10
	-9.379870583249959e-08
	-1.804115393592061e-06
	-4.36248706191918e-06
	-7.529910859282759e-06
	-4.411942147235318e-09
	-1.248718739560522e-06
	-1.864133201559368e-06
	-2.66834680842856e-09
	-2.007276687905861e-10
	-9.428478449490495e-08
	-1.455789233161279e-06
	-2.790241698707537e-06
	-3.875564284328878e-06
	-2.17899387560662e-05
	-2.666927176780719e-06
	-2.891290963943478e-09
	-0.0002774080393011362
	-6.448895710993738e-07
	-3.243514978654781e-09
	-0.0002430384691923674
	-2.467950826285218e-06
	-7.0793298539653e-07
	-1.232977664253864e-07
	-3.449349198226121e-08
	-0.0001040181235806603
	-3.387305213416157e-08
	-5.340040362231151e-09
	-4.111935047884396e-08
	-3.628851912837009e-09
	-4.524046290835548e-05
	-2.570934613215835e-08
	-1.823203249475715e-08
	-1.178721971066507e-08
	-1.578016683838969e-08
	-5.062627308690574e-09
	-1.092167895860711e-07
	-7.530770130385718e-08
	-1.874618076638514e-08
	-0.000248117530438123
	-1.917348471470441e-08
	-0.000477439685019857
	-6.636587220798994e-09
	-1.174521831303119e-07
	-2.960872624802276e-07
	-1.751552367088281e-07
	-4.014268231090411e-08
	-6.893279958592448e-08
	-2.428489410795679e-08
	-3.96311693663995e-08
	-1.446217702254861e-08
	-1.518551131612946e-08
	-2.638226393802135e-08
	-1.127331120016741e-07
	-9.284772727650804e-09
	-2.694438369749662e-08
	-2.956782266674268e-07
	-7.195986566078179e-09
	-1.927264255333579e-05
	-1.981862728671799e-09
	-4.657918597423067e-09
	-8.142144410869588e-10
	-9.6623476250094e-10
	-3.754760612768379e-05
	-1.06720571526107e-05
	-0.0005083742502226091
	-6.036461562301182e-06
	-5.088733169605996e-09
	-1.272653224574723e-08
	-0.0004977342381158767
	-8.866701711477016e-05
	-1.278194850839428e-06
	-7.207983033947893e-06
	-0.0001484110592373217
	-0.0001068009863670458
	-0.0007417603627968415
	-8.957388765301315e-08
	-6.964708716208905e-06
	-3.768835328011463e-06
	-7.395073278352839e-06
	-1.062930778874423e-07
	-4.279750306663468e-06
	-1.982359753190833e-07
	-2.503427115658333e-05
	-7.872868141386856e-05
	-7.947544614045262e-07
	-0.0001462925809899024
	-0.000252910824809407
	-3.162773318884166e-05
	-0.0001048897487313106
	-0.0001470521931670397
	-0.0002332180495942903
	-0.0002291752080950175
	-1.874599065613061e-07
	-1.110340009107764e-07
	-1.019999818801106e-07
	-6.398498950150294e-05
	-2.533300082638678e-09
	-4.762076328279116e-08
	-4.707594862088837e-08
	-0.0001541724566618509
	-5.502008171574135e-09
	-9.725031258824327e-08
	-0.0005912140255670011
	-2.237674777525766e-06
	-0.0006119331160557418
	-5.689514608702257e-10
	-0.000658473686531359
	-4.282458022004738e-05
	-0.0001810978116381457
	-5.072596849777195e-10
	-2.883878167970525e-08
	-2.533542139225699e-09
	-0.0003809129785229462
	-2.754584668875975e-09
	-5.961765052881743e-11
	-9.818806356608453e-05
	-1.230835408866174e-09
	-1.4764482318119e-10
	-2.643855135561728e-11
	-0.0004426049410852686
	-1.301463391240051e-05
	-2.513335857318376e-05
	-7.97949940611444e-08
	-3.878629721528826e-09
	-4.512493354653234e-09
	-7.481678591445535e-09
	-0.0001513583400625003
	-8.612366061968808e-09
	-2.450473443849282e-08
	-7.462215673565106e-09
	-8.475814600567456e-09
	-2.675654178772538e-09
	-0.0003525118009604735
	-6.212966967924635e-06
	-2.739777731084968e-06
	-0.000489058591787932
	-1.507879317549236e-07
	-3.735099298827528e-06
	-7.836637444477744e-06
	-2.274080835176433e-11
	-6.895643892190558e-10
	-8.026038874358103e-06
	-1.461544548837568e-06
	-8.514651008876939e-08
	-0.0001493674817349748
	-1.097526084610013e-07
	-2.191042170521739e-07
	-0.0005172438109516003
	-0.0004211423827191878
	-0.000881152703942301
	-9.737685379064681e-05
	-6.11521845115302e-05
	-4.804610842818595e-05
	-0.0006764329181288544
	-0.0003985873316754684
	-0.0003184021384660954
	-8.528553908149345e-09
	-3.970557676032072e-06
	-4.272181236600112e-06
	-3.163714825713596e-07
	-0.0001676310964603802
	-4.946991225065411e-10
	-0.0003503170748807889
	-7.001510033322279e-09
	-0.0002225043922815055
	-2.236021950450783e-07
	-1.53218045569314e-08
	-0.0006895409082104237
	-2.271002503239496e-07
	-8.256948653586726e-07
	-1.388361484508046e-07
	-1.669047247757914e-08
	-6.317008843471755e-09
	-1.512552643091964e-09
	-4.205676112895174e-09
	-1.131377841214781e-05
	-7.029631489709719e-06
	-5.130484576910576e-10
	-2.573240566414515e-10
	-2.29368224951656e-09
	-4.624632669635399e-10
	-0.0001715968810460685
	-2.545891573243313e-08
	-4.990742030685979e-05
	-1.241643186562462e-08
	-1.476199389960041e-05
	-1.012210138636114e-07
	-6.747706459409029e-09
