	1.009186057952649e-05
	1.010484565959412e-05
	1.012157775041964e-05
	1.013951831314606e-05
	1.015427741210219e-05
	1.016893344131706e-05
	1.018095711514689e-05
	1.018963889665218e-05
	1.019625258234949e-05
	1.020277413697775e-05
	1.021109577765633e-05
	1.022248726950982e-05
	1.02412612686199e-05
	1.02620628308699e-05
	1.028171478925881e-05
	1.030058912886629e-05
	1.031944210312989e-05
	1.034429373946332e-05
	1.037217699781174e-05
	1.039848535459418e-05
	1.042366096242109e-05
	1.043993982154765e-05
	1.044759219279539e-05
	1.045020649283921e-05
	1.045169066049817e-05
	1.044925229926973e-05
	1.045100332320121e-05
	1.045449534913398e-05
	1.045933459986548e-05
	1.046033155054997e-05
	1.045949933634037e-05
	1.045070194109112e-05
	1.044197980065904e-05
	1.043478498293857e-05
	1.043142296094763e-05
	1.043336312285044e-05
	1.043920644042317e-05
	1.044532694717244e-05
	1.044782001269424e-05
	1.044832706897174e-05
	1.044945754026052e-05
	1.045306769177255e-05
	1.045686017195881e-05
	1.046153444766763e-05
	1.04641039381449e-05
	1.046776431812722e-05
	1.047331071795252e-05
	1.047451598207596e-05
	1.047436040578808e-05
	1.04747256236843e-05
	1.047757969470635e-05
	1.048203772671246e-05
	1.04895302006361e-05
	1.050298208644817e-05
	1.051917540246844e-05
	1.054381096847733e-05
	1.057113890503484e-05
	1.05995215700601e-05
	1.06256108594901e-05
	1.064360061598507e-05
	1.065268860420446e-05
	1.065863016710552e-05
	1.066468368988448e-05
	1.067433383142782e-05
	1.068549694853684e-05
	1.069632373288052e-05
	1.070491964875318e-05
	1.071623615499823e-05
	1.073327467190866e-05
	1.075558603326489e-05
	1.078078397137532e-05
	1.080993020976227e-05
	1.083546968859901e-05
	1.086298481150937e-05
	1.0885455718369e-05
	1.09065163796791e-05
	1.092453248117883e-05
	1.094134041520587e-05
	1.0953392547968e-05
	1.096040678949723e-05
	1.096245802899854e-05
	1.096011068209642e-05
	1.096097318774708e-05
	1.096642694388802e-05
	1.098072766683692e-05
	1.100243509061701e-05
	1.102674261951841e-05
	1.105250509779691e-05
	1.10762925506044e-05
	1.110180020415688e-05
	1.113142881400775e-05
	1.116200509832575e-05
	1.118864312369224e-05
	1.120754210463366e-05
	1.122027146261875e-05
	1.123053826394346e-05
	1.124069515662429e-05
	1.125028944136263e-05
	1.125498192319954e-05
	1.125515290769124e-05
	1.125204358798789e-05
	1.125149482220029e-05
	1.125293001761719e-05
	1.125986228587975e-05
	1.127004070850757e-05
	1.128153202660285e-05
	1.128493315823478e-05
	1.127775640293175e-05
	1.125857863286675e-05
	1.123139916450235e-05
	1.12015006296879e-05
	1.117016456448549e-05
	1.113799986899194e-05
	1.110164677835686e-05
	1.106769709084019e-05
	1.10412681182054e-05
	1.102639034481371e-05
	1.101491094915127e-05
	1.10053852522657e-05
	1.099957634805776e-05
	1.09893339403335e-05
	1.097155930197515e-05
	1.0947418624061e-05
	1.091961218098695e-05
	1.089664590499159e-05
	1.087246570834481e-05
	1.085510798182249e-05
	1.08403637600908e-05
	1.082405792311251e-05
	1.08041703037837e-05
	1.077753863218502e-05
	1.074375524354516e-05
	1.070345720533105e-05
	1.065870835649804e-05
	1.061143260496806e-05
	1.056722790499418e-05
	1.052231321524143e-05
	1.047943245518267e-05
	1.043446889380191e-05
	1.038807513521416e-05
	1.034007414754498e-05
	1.029788748686642e-05
	1.026108048152697e-05
	1.023040750155427e-05
	1.020278979319665e-05
	1.017765481342805e-05
	1.015096511792321e-05
	1.012399934284578e-05
	1.010003165209202e-05
	1.007518302627316e-05
	1.005409889201376e-05
	1.003402040161903e-05
	1.001832799525809e-05
	1.000879926707473e-05
	1.00033226381161e-05
	1.000084893518417e-05
	1.000055434712068e-05
	1.000004260458215e-05
	9.995444539212837e-06
	9.990616325788466e-06
	9.986575574248911e-06
	9.984506047872315e-06
	9.980037494214489e-06
	9.972684983980209e-06
	9.963172613320406e-06
	9.951911203237208e-06
	9.940957606985661e-06
	9.934152532433458e-06
	9.927012531132665e-06
	9.926541297373762e-06
	9.930968553101448e-06
	9.943513690042549e-06
	9.954598436699853e-06
	9.960284083477048e-06
	9.964199199793387e-06
	9.969820001687832e-06
	9.980957629275985e-06
	9.993646842710758e-06
	1.000726113653517e-05
	1.002026453997897e-05
	1.003735371879062e-05
	1.006089115954102e-05
	1.008518731543336e-05
	1.010895434253769e-05
	1.013134005598984e-05
	1.015070716835015e-05
	1.01659348016958e-05
	1.017321867243803e-05
	1.017833875962273e-05
	1.01827263735432e-05
	1.019149219474602e-05
	1.020348313590979e-05
	1.02172750485923e-05
	1.023891488992898e-05
	1.026372463440649e-05
	1.028807014124079e-05
	1.030764118784148e-05
	1.031932715166029e-05
	1.031893267020091e-05
	1.03075649878495e-05
	1.02869495581902e-05
	1.026142387590577e-05
	1.024373516576476e-05
	1.023345238314122e-05
	1.022771829866909e-05
	1.022503541240164e-05
	1.022416933761565e-05
	1.022278320638481e-05
	1.022429125012785e-05
	1.022322634352216e-05
	1.021937656153331e-05
	1.020833950235343e-05
	1.019137642810564e-05
	1.0170659811359e-05
	1.0148429678234e-05
	1.013425102806603e-05
	1.012742485338783e-05
	1.012988467332469e-05
	1.014144273953129e-05
	1.015447628226324e-05
	1.016945020623099e-05
	1.018486424507093e-05
	1.019677851418262e-05
	1.020347176561715e-05
	1.02126174421284e-05
	1.022336771393511e-05
	1.023024546940019e-05
	1.023399046775993e-05
	1.024100824036669e-05
	1.025076647079981e-05
	1.025884596394684e-05
	1.026501735688016e-05
	1.026740195207231e-05
	1.027177696789573e-05
	1.027272255208486e-05
	1.027466212954716e-05
	1.027774375654977e-05
	1.027727451434092e-05
	1.027746247720555e-05
	1.028070706649223e-05
	1.028401038340619e-05
	1.02910983656161e-05
	1.029856743185725e-05
	1.031202621997749e-05
	1.032363935779705e-05
	1.033730486908064e-05
	1.034798275886449e-05
	1.035489338943305e-05
	1.035828705419103e-05
	1.036192562160335e-05
	1.036794973715946e-05
	1.037741006789681e-05
	1.038898258182654e-05
	1.040137365470492e-05
	1.04182471583035e-05
	1.043847177255091e-05
	1.046204849932604e-05
	1.048753055039128e-05
	1.051668187600494e-05
	1.054718410634195e-05
	1.056933821635628e-05
	1.058612001955032e-05
	1.060219550455471e-05
	1.062209903397649e-05
	1.06458044923426e-05
	1.067215314398708e-05
	1.070177651878226e-05
	1.073029928586526e-05
	1.075782243515718e-05
	1.078380119196636e-05
	1.080836497846883e-05
	1.082968737434303e-05
	1.084321717483178e-05
	1.084727976125257e-05
	1.08459529564034e-05
	1.084111920417104e-05
	1.083830747368478e-05
	1.084003421315583e-05
	1.084835380610339e-05
	1.086954947144878e-05
	1.089851755732254e-05
	1.093200381176966e-05
	1.096745265762027e-05
	1.099880521139512e-05
	1.102654479244962e-05
	1.104453773650758e-05
	1.105595431958446e-05
	1.105862598214682e-05
	1.105512028319508e-05
	1.104673617400458e-05
	1.103562271652285e-05
	1.101925766790836e-05
	1.100285929485324e-05
	1.098490244083692e-05
	1.096269496055307e-05
	1.093619747622369e-05
	1.090973548501736e-05
	1.088040112724531e-05
	1.08470956802457e-05
	1.081145804121506e-05
	1.077405943188228e-05
	1.074024484249461e-05
	1.070843672328174e-05
	1.067959091904126e-05
	1.06559858154172e-05
	1.063362823854601e-05
	1.060430095748478e-05
	1.05677120935387e-05
	1.052504096253969e-05
	1.048247525828483e-05
	1.043772795422281e-05
	1.039615508332033e-05
	1.035804929556093e-05
	1.032432039660296e-05
	1.029615087382011e-05
	1.027518790025713e-05
	1.02577304329968e-05
	1.024002523325325e-05
	1.02213194748294e-05
	1.020532708994657e-05
	1.019511485824979e-05
	1.019200693482729e-05
	1.019406117301148e-05
	1.0195995760553e-05
	1.019446953140173e-05
	1.018449979057427e-05
	1.017088445567017e-05
	1.015890300425432e-05
	1.014924702536182e-05
	1.014421230722273e-05
	1.014941648907786e-05
	1.015822066245825e-05
	1.016862780345147e-05
	1.01793367456362e-05
	1.019013872373312e-05
	1.020194930857492e-05
	1.021585384042914e-05
	1.023175709754235e-05
	1.024964309995644e-05
	1.026619358270924e-05
	1.028422273173042e-05
	1.029931800217614e-05
	1.031404552793593e-05
	1.032391835535348e-05
	1.033176798945588e-05
	1.033533313141549e-05
	1.034437255690276e-05
	1.03532656310097e-05
	1.036298945885041e-05
	1.03796590193993e-05
	1.040631112951564e-05
	1.043630106021221e-05
	1.045733062704685e-05
	1.047277223574719e-05
	1.048327630075346e-05
	1.049314676878313e-05
	1.050498433026407e-05
	1.052242471153027e-05
	1.053754087877413e-05
	1.055649076738256e-05
	1.057163118675411e-05
	1.058364872075386e-05
	1.059459827081989e-05
	1.060406888973426e-05
	1.061080015737904e-05
	1.061776513349545e-05
	1.061849192601602e-05
	1.0615713615217e-05
	1.060942680099673e-05
	1.060502444101544e-05
	1.060457038240386e-05
	1.06103399249451e-05
	1.06250803621114e-05
	1.06365926080147e-05
	1.064666309132272e-05
	1.065385682683479e-05
	1.065785247118435e-05
	1.065780313497625e-05
	1.066056374593851e-05
	1.067050315995819e-05
	1.069040686676515e-05
	1.07211354957144e-05
	1.075546389247531e-05
	1.078658959326457e-05
	1.081447529174248e-05
	1.083978724895343e-05
	1.086154278640407e-05
	1.087988557368656e-05
	1.088976912384488e-05
	1.08905896618704e-05
	1.088343091654868e-05
	1.087425562175954e-05
	1.086219301385454e-05
	1.084744749006016e-05
	1.083052301339959e-05
	1.081123335643099e-05
	1.079348620683214e-05
	1.077944986904423e-05
	1.076453870680425e-05
	1.075191119990213e-05
	1.073821889388329e-05
	1.072761654092009e-05
	1.071457051576344e-05
	1.070255868454969e-05
	1.069109348637543e-05
	1.067648620825061e-05
	1.06640851809108e-05
	1.065053280846645e-05
	1.063829513629812e-05
	1.062745792472569e-05
	1.061589373818246e-05
	1.06021560764036e-05
	1.058641382175197e-05
	1.056550482304096e-05
	1.055146232845117e-05
	1.054134730610103e-05
	1.053330455980988e-05
	1.05241872113093e-05
	1.051305699023514e-05
	1.049694382222614e-05
	1.048146773902043e-05
	1.046990562627864e-05
	1.046313763103635e-05
	1.045806964272456e-05
	1.045215960774174e-05
	1.044046004008506e-05
	1.0423317634332e-05
	1.040308008624659e-05
	1.038114768133221e-05
	1.035687678876002e-05
	1.033494680660826e-05
	1.031444399320691e-05
	1.029201708857423e-05
	1.026903069834389e-05
	1.02462282397721e-05
	1.022477376126748e-05
	1.020957853681719e-05
	1.019349059346058e-05
	1.018396310026463e-05
	1.017704937402997e-05
	1.017297175658475e-05
	1.016855846501572e-05
	1.016549568319502e-05
	1.016658702353633e-05
	1.016918518293381e-05
	1.017840600289313e-05
	1.019370672977071e-05
	1.021433975998376e-05
	1.024064757748104e-05
	1.026906629812364e-05
	1.030070831095913e-05
	1.032647865075639e-05
	1.035132611937451e-05
	1.037097319357817e-05
	1.038621145287563e-05
	1.040279443567762e-05
	1.041705544161946e-05
	1.043593144683601e-05
	1.045342591023033e-05
	1.04701757008629e-05
	1.048067574010632e-05
	1.04853962590623e-05
	1.047995834824889e-05
	1.046586413919877e-05
	1.044481934079216e-05
	1.042363055260226e-05
	1.04063611135248e-05
	1.039071680332945e-05
	1.03763718022652e-05
	1.036261534388169e-05
	1.034821657574236e-05
	1.03354153510389e-05
	1.032128444990822e-05
	1.030930523811358e-05
	1.030035799344025e-05
	1.029429377993265e-05
	1.029107544112027e-05
	1.029128907351221e-05
	1.029198638440277e-05
	1.02889117214033e-05
	1.028552561256857e-05
	1.027937377695744e-05
	1.027223452832787e-05
	1.026695502676551e-05
	1.026367904499186e-05
	1.026254378318027e-05
	1.026950732669939e-05
	1.028385593343008e-05
	1.029826645325342e-05
	1.031135084783203e-05
	1.031696606395551e-05
	1.031634750453584e-05
	1.031168325258703e-05
	1.030639161813883e-05
	1.030007732946791e-05
	1.029403853456986e-05
	1.029180841178153e-05
	1.029266343442822e-05
	1.02962591835519e-05
	1.029740421615638e-05
	1.029435309836525e-05
	1.028301587269561e-05
	1.026359535071289e-05
	1.023955110903033e-05
	1.020800951494695e-05
	1.017511524453544e-05
	1.015386359633001e-05
	1.014112431873325e-05
	1.013601140821915e-05
	1.013599315454168e-05
	1.014165135642699e-05
	1.015132848426888e-05
	1.016581352894069e-05
	1.018495252829318e-05
	1.020433738268729e-05
	1.022040867871468e-05
	1.023143463231752e-05
	1.0238712837031e-05
	1.024466127603794e-05
	1.024851707817932e-05
	1.024668884181558e-05
	1.024506063054371e-05
	1.024506779544492e-05
	1.024480181499003e-05
	1.024880825370062e-05
	1.025208183300323e-05
	1.025693488925589e-05
	1.026464360056021e-05
	1.027501852324592e-05
	1.028868269787165e-05
	1.030678310625411e-05
	1.032907782270822e-05
	1.035601305917744e-05
	1.03826355740844e-05
	1.041127339180705e-05
	1.044166875133821e-05
	1.047028733448039e-05
	1.049548679971477e-05
	1.052164475736106e-05
	1.054607318289739e-05
	1.056996060780659e-05
	1.059076029898732e-05
	1.06026882711921e-05
	1.060541176708408e-05
	1.060184637906642e-05
	1.05962144202105e-05
	1.059294158461467e-05
	1.059286551733539e-05
	1.059745536748588e-05
	1.060240618445735e-05
	1.061334161972329e-05
	1.062659186260277e-05
	1.064235923170815e-05
	1.066181552098809e-05
	1.068593632586608e-05
	1.071247037057468e-05
	1.073707782754713e-05
	1.076406099642418e-05
	1.078626440942015e-05
	1.080724539535246e-05
	1.083118052582304e-05
	1.085790261478932e-05
	1.088805526778308e-05
	1.091980773685614e-05
	1.095299324285405e-05
	1.098126389445206e-05
	1.0999791672774e-05
	1.100148610980019e-05
	1.099126632825591e-05
	1.097020573023812e-05
	1.094552596753692e-05
	1.092116388687332e-05
	1.089990358339847e-05
	1.088313051099703e-05
	1.086918558789088e-05
	1.085259507947242e-05
	1.083323238643913e-05
	1.081110554690912e-05
	1.078489367970784e-05
	1.075150316756402e-05
	1.072341836640914e-05
	1.069824584860743e-05
	1.067441919515468e-05
	1.06504084782117e-05
	1.062798332317236e-05
	1.0606562399397e-05
	1.058467265619854e-05
	1.056431640185206e-05
	1.054410730880153e-05
	1.052463052167803e-05
	1.050112771448099e-05
	1.048206631231514e-05
	1.046385537431449e-05
	1.044413879094059e-05
	1.042142004101897e-05
	1.039400799806414e-05
	1.03654965802985e-05
	1.033585458978345e-05
	1.03117459400898e-05
	1.029464992514059e-05
	1.028530648862834e-05
	1.028376144114022e-05
	1.02905703266695e-05
	1.030489982402908e-05
	1.032521414512677e-05
	1.034704231112849e-05
	1.036783366923488e-05
	1.038417578868345e-05
	1.039703969532433e-05
	1.041069872960973e-05
	1.042779252674589e-05
	1.044762836534648e-05
	1.046761638163357e-05
	1.048737914312138e-05
	1.050489579059707e-05
	1.052030773306099e-05
	1.053323414244816e-05
	1.054711181301092e-05
	1.056317651794914e-05
	1.05813123024638e-05
	1.059598691474787e-05
	1.06097723905747e-05
	1.062207255176658e-05
	1.063232280075859e-05
	1.064091712888258e-05
	1.065093892787875e-05
	1.06569573755629e-05
	1.066115698660482e-05
	1.066658298926088e-05
	1.067292391129548e-05
	1.068008928533923e-05
	1.068876507566921e-05
	1.069544786771503e-05
	1.070499763529683e-05
	1.071707130421953e-05
	1.072921155087934e-05
	1.074124059367655e-05
	1.075138794391893e-05
	1.075781778096543e-05
	1.075584863791319e-05
	1.075097575953743e-05
	1.074675071689823e-05
	1.074601131840751e-05
	1.074732687788654e-05
	1.075441301095756e-05
	1.076282566373518e-05
	1.077065275641325e-05
	1.076962881818383e-05
	1.076343370457205e-05
	1.075389684790098e-05
	1.074646002440288e-05
	1.073979197373765e-05
	1.07316727140864e-05
	1.071976660687327e-05
	1.070865495148744e-05
	1.070176292428617e-05
	1.06951744372987e-05
	1.068299159950454e-05
	1.066446955670314e-05
	1.063984871674428e-05
	1.062021585405872e-05
	1.060512252447913e-05
	1.059062734421661e-05
	1.057957228064122e-05
	1.056798796847429e-05
	1.055760641176222e-05
	1.054885959446741e-05
	1.054460385271124e-05
	1.054674500764376e-05
	1.055140053463595e-05
	1.055535356725954e-05
	1.05555030974113e-05
	1.055353808736982e-05
	1.055114183666106e-05
	1.054843438906905e-05
	1.054403763569667e-05
	1.053647871070172e-05
	1.052756906999429e-05
	1.051922254124728e-05
	1.050854215526579e-05
	1.049799677190633e-05
	1.048804214560019e-05
	1.047484490100499e-05
	1.046385090254994e-05
	1.046024319101332e-05
	1.046163886175709e-05
	1.046805416092513e-05
	1.047643863656294e-05
	1.048073701593616e-05
	1.047984474369917e-05
	1.047266010536116e-05
	1.046207586021807e-05
	1.04477660690094e-05
	1.043930265684716e-05
	1.043660523986045e-05
	1.044015375365342e-05
	1.044667252947591e-05
	1.045474567073018e-05
	1.046577739860978e-05
	1.047793857432555e-05
	1.048929511285342e-05
	1.049555790827513e-05
	1.050099947827937e-05
	1.050348886022055e-05
	1.05038760882409e-05
	1.050151125654937e-05
	1.050159040563554e-05
	1.049720210272607e-05
	1.049523140991384e-05
	1.049355545006799e-05
	1.048657948493257e-05
	1.04698377714356e-05
	1.044367308147798e-05
	1.040705398725103e-05
	1.037006128677956e-05
	1.033492837819462e-05
	1.030154315864829e-05
	1.027510790673741e-05
	1.025466511824954e-05
	1.023671245568471e-05
	1.021875668464098e-05
	1.020214828112367e-05
	1.0183639760302e-05
	1.016588929924482e-05
	1.015185156094406e-05
	1.014003417464067e-05
	1.012965797668851e-05
	1.012445668065663e-05
	1.012447211958047e-05
	1.013122994954143e-05
	1.014225279773167e-05
	1.015469504304371e-05
	1.016519117986652e-05
	1.017374275955965e-05
	1.017898465487276e-05
	1.018118734565037e-05
	1.018187131694737e-05
	1.017946561499085e-05
	1.017378818450667e-05
	1.016698981000142e-05
	1.016491770023852e-05
	1.016677824674013e-05
	1.016970114650442e-05
	1.017906593795789e-05
	1.019448364791404e-05
	1.021469777582921e-05
	1.023641600981832e-05
	1.025551474626158e-05
	1.027239002597239e-05
	1.028785249828619e-05
	1.030227073450989e-05
	1.031720118918371e-05
	1.032591447220761e-05
	1.033326367261922e-05
	1.03335608351947e-05
	1.032939157436921e-05
	1.032109537660611e-05
	1.031092933708318e-05
	1.029409398681749e-05
	1.027000046635653e-05
	1.023929143281578e-05
	1.020581781407357e-05
	1.016959046081643e-05
	1.013449719088199e-05
	1.009917901046071e-05
	1.007081535411701e-05
	1.005000198656814e-05
	1.003598532175882e-05
	1.002805904672117e-05
	1.002096336683096e-05
	1.001733081920554e-05
	1.002074359313526e-05
	1.003150018125337e-05
	1.004723385386178e-05
	1.006467504720806e-05
	1.008011567772924e-05
	1.009155077632022e-05
	1.009861191009967e-05
	1.010940559050404e-05
	1.012431735231365e-05
	1.013939414075735e-05
	1.015464373294779e-05
	1.016981267275861e-05
	1.017955209496949e-05
	1.018331040205685e-05
	1.018280246393384e-05
	1.017600353677151e-05
	1.017145813460361e-05
	1.017274466643067e-05
	1.017825787657101e-05
	1.018388753312391e-05
	1.019073924634595e-05
	1.01983522465678e-05
	1.020427252289469e-05
	1.020800422841302e-05
	1.021318052768574e-05
	1.021319718001415e-05
	1.021055021179363e-05
	1.020450585708384e-05
	1.019967792698438e-05
	1.019261097177866e-05
	1.018777577763152e-05
	1.018177473907727e-05
	1.017717276480372e-05
	1.017703363577107e-05
	1.017636709780378e-05
	1.017780770200372e-05
	1.018231110269e-05
	1.018779543372607e-05
	1.019126154875534e-05
	1.01896149263653e-05
	1.018604150631446e-05
	1.018359367186618e-05
	1.01848801722282e-05
	1.019441233397187e-05
	1.020889240007708e-05
	1.022505021660537e-05
	1.02430439815426e-05
	1.026049058162327e-05
	1.02773565870543e-05
	1.028835264808647e-05
	1.029456451622409e-05
	1.029757242981996e-05
	1.029992674435127e-05
	1.030488972879158e-05
	1.031294675657003e-05
	1.032343254515324e-05
	1.033251602387873e-05
	1.033841218153039e-05
	1.034832111493649e-05
	1.035845415945495e-05
	1.036686954099135e-05
	1.036883741377841e-05
	1.036939867734358e-05
	1.036936116512476e-05
	1.037308510581314e-05
	1.03793822493556e-05
	1.038779759438831e-05
	1.039250036733396e-05
	1.039279742923061e-05
	1.038751116221804e-05
	1.038238495226747e-05
	1.038077389833864e-05
	1.03835015003505e-05
	1.038795304294138e-05
	1.039165727293748e-05
	1.039614750516308e-05
	1.040177056743676e-05
	1.040762982179809e-05
	1.041084329274191e-05
	1.041006948368602e-05
	1.040854402020497e-05
	1.040536131446162e-05
	1.040282073736755e-05
	1.040164726632158e-05
	1.040471520035247e-05
	1.040677114962402e-05
	1.041098092408963e-05
	1.041302878911304e-05
	1.040779912608822e-05
	1.040032073885965e-05
	1.038758631795249e-05
	1.037568840390784e-05
	1.037066050195942e-05
	1.036981201068612e-05
	1.03708292397442e-05
	1.03714200264585e-05
	1.037264829655962e-05
	1.037470006674181e-05
	1.037927080456571e-05
	1.038132132361478e-05
	1.038288278744449e-05
	1.038267619127299e-05
	1.038321943761538e-05
	1.038659393612192e-05
	1.039595163186821e-05
	1.040834260706383e-05
	1.042287585152176e-05
	1.043647412216368e-05
	1.045073396233521e-05
	1.046415599322725e-05
	1.04781373154531e-05
	1.048991301253912e-05
	1.050341587640751e-05
	1.051488886515837e-05
	1.052916094319316e-05
	1.054768612911774e-05
	1.056903952881804e-05
	1.059528268435795e-05
	1.062462670906554e-05
	1.065270128672499e-05
	1.068156564828949e-05
	1.070719467391525e-05
	1.072878818650346e-05
	1.074150173170683e-05
	1.074995414354811e-05
	1.07567181115831e-05
	1.076235050582344e-05
	1.076798402348047e-05
	1.077651027009699e-05
	1.07845318322562e-05
	1.07934055481516e-05
	1.080368742243571e-05
	1.081154651591431e-05
	1.081477540783839e-05
	1.081487932614977e-05
	1.080969109174873e-05
	1.08017908102147e-05
	1.079464018150614e-05
	1.078562826418234e-05
	1.078039752682732e-05
	1.077632564521335e-05
	1.077817741543725e-05
	1.078363917820032e-05
	1.078930516218042e-05
	1.079825667340166e-05
	1.080950542354522e-05
	1.081805800095758e-05
	1.082773263235396e-05
	1.083136727947027e-05
	1.082902420641528e-05
	1.082177432279189e-05
	1.080923280086733e-05
	1.079438623503223e-05
	1.078587168414848e-05
	1.078256556182098e-05
	1.078276821377408e-05
	1.078045496483971e-05
	1.077598819459364e-05
	1.076959515588543e-05
	1.076073971279113e-05
	1.075480392576378e-05
	1.07538189155406e-05
	1.075843655364332e-05
	1.075889944920507e-05
	1.075223761500006e-05
	1.073974739111555e-05
	1.072615379800439e-05
	1.071607552157748e-05
	1.070645411267522e-05
	1.070135530200958e-05
	1.069959887364823e-05
	1.069751286035719e-05
	1.069723943496455e-05
	1.070210548487005e-05
	1.070925641478325e-05
	1.072347119665656e-05
	1.073843162989975e-05
	1.075042108989093e-05
	1.075901220028432e-05
	1.076535841119008e-05
	1.077291163997364e-05
	1.078481324381131e-05
	1.080853137560864e-05
	1.083676742261627e-05
	1.086689285724267e-05
	1.089308678721318e-05
	1.091267532040395e-05
	1.092602945280828e-05
	1.093293367971445e-05
	1.093131915842127e-05
	1.092495179140438e-05
	1.091564983999888e-05
	1.090560564071939e-05
	1.089632860192936e-05
	1.089077625546058e-05
	1.088508763293131e-05
	1.088518054883201e-05
	1.088440199626737e-05
	1.088171034818138e-05
	1.088005888850416e-05
	1.088217813834133e-05
	1.088516079597688e-05
	1.088912555902156e-05
	1.089126678051454e-05
	1.088878930659125e-05
	1.088095815454134e-05
	1.086930699686689e-05
	1.085720947747844e-05
	1.085150957829585e-05
	1.084656966126801e-05
	1.084448614900539e-05
	1.084030059911261e-05
	1.083520601639639e-05
	1.083247146717104e-05
	1.083177556042202e-05
	1.083790699948517e-05
	1.084626791951451e-05
	1.085371428358412e-05
	1.085754363260753e-05
	1.085652934634175e-05
	1.085309570473278e-05
	1.08449292663873e-05
	1.083608478322371e-05
	1.082945334217728e-05
	1.082650955351961e-05
	1.082704223056285e-05
	1.082721947472201e-05
	1.082318307211415e-05
	1.081846239979331e-05
	1.081321174476538e-05
	1.080729828133223e-05
	1.080180120139657e-05
	1.079753300666333e-05
	1.079096976168113e-05
	1.078430277552765e-05
	1.077896041431288e-05
	1.077244740414101e-05
	1.077305132529843e-05
	1.077234189234339e-05
	1.077605525478733e-05
	1.077405708212224e-05
	1.077042783394678e-05
	1.076798840344069e-05
	1.076433050301568e-05
	1.076708029805106e-05
	1.077186371132166e-05
	1.07766261159668e-05
	1.07754521500464e-05
	1.077357313029933e-05
	1.077103110822672e-05
	1.077006140709579e-05
	1.076347967136344e-05
	1.075729208040443e-05
	1.074998796013218e-05
	1.07436219344026e-05
	1.073137703043669e-05
	1.071660771387482e-05
	1.070177051400186e-05
	1.068969186263145e-05
	1.068248303763404e-05
	1.068096840556905e-05
	1.068229074671573e-05
	1.068250211194277e-05
	1.068143388602128e-05
	1.067929751376469e-05
	1.067537210949804e-05
	1.067436347802949e-05
	1.067678146023515e-05
	1.068659173595097e-05
	1.069945633162883e-05
	1.071536462194647e-05
	1.07291182553698e-05
	1.074221590114508e-05
	1.075315732066564e-05
	1.075961407102732e-05
	1.076014987156206e-05
	1.075201463573804e-05
	1.07422779988041e-05
	1.072731050540286e-05
	1.070969255423955e-05
	1.069295151269701e-05
	1.068432934876733e-05
	1.067709638174878e-05
	1.067461588176199e-05
	1.06743609553842e-05
	1.06757100865483e-05
	1.06741718251465e-05
	1.066899662993794e-05
	1.065889340922992e-05
	1.06464749670732e-05
	1.063297974277047e-05
	1.062432076079247e-05
	1.061934825525918e-05
	1.061174014164319e-05
	1.060384746457161e-05
	1.059406878880842e-05
	1.059002158339945e-05
	1.059356837633354e-05
	1.060356576934849e-05
	1.061405966881999e-05
	1.062340308593926e-05
	1.062712572964858e-05
	1.062664206551698e-05
	1.062699131410596e-05
	1.062824980246678e-05
	1.062911300006802e-05
	1.063046463092788e-05
	1.063395564788464e-05
	1.063276201851158e-05
	1.063131742190796e-05
	1.063487919921472e-05
	1.064318811243665e-05
	1.065909765097882e-05
	1.067258469236415e-05
	1.068414862347707e-05
	1.069571281031903e-05
	1.070141805642443e-05
	1.070348821006982e-05
	1.070303728788569e-05
	1.069527758765124e-05
	1.068283571275491e-05
	1.066789001426011e-05
	1.065072506637383e-05
	1.062948947435952e-05
	1.060723689510871e-05
	1.058484380127989e-05
	1.056858855269147e-05
	1.055609390296716e-05
	1.05455516109138e-05
	1.053241159098883e-05
	1.051413179869115e-05
	1.049647764529257e-05
	1.048642662406467e-05
	1.04826311494569e-05
	1.048078928108936e-05
	1.047639769799636e-05
	1.046701090029678e-05
	1.045098153979612e-05
	1.043191436299497e-05
	1.041139658565308e-05
	1.039466695713299e-05
	1.037945123481104e-05
	1.036321142550635e-05
	1.034607775946423e-05
	1.033347295258016e-05
	1.033150804548992e-05
	1.034192052018531e-05
	1.036220194342176e-05
	1.038411994841771e-05
	1.040387288226647e-05
	1.041718165451338e-05
	1.042765801258626e-05
	1.043192018586176e-05
	1.043240411268732e-05
	1.043541758763141e-05
	1.044106900021454e-05
	1.045203831757217e-05
	1.046147191381982e-05
	1.047091386384025e-05
	1.048004622764664e-05
	1.048903566667417e-05
	1.049943018731746e-05
	1.050938266570061e-05
	1.051678850071871e-05
	1.052345868321572e-05
	1.053208074218245e-05
	1.054545108609785e-05
	1.056396368213819e-05
	1.058424576116456e-05
	1.060758994174129e-05
	1.062527176653964e-05
	1.063536046062506e-05
	1.064160173522929e-05
	1.064749359339418e-05
	1.064869871552087e-05
	1.064228379456817e-05
	1.062794892544542e-05
	1.060955174208828e-05
	1.05944084776472e-05
	1.058479216243397e-05
	1.057242703464185e-05
	1.055921845910825e-05
	1.05468785946288e-05
	1.053258032130114e-05
	1.051905096640628e-05
	1.050518727704516e-05
	1.049170395279381e-05
	1.047688259950593e-05
	1.047564488679284e-05
	1.045496819928953e-05
	1.044871757575785e-05
	1.044537754198799e-05
	1.044539718576379e-05
	1.044672307551172e-05
	1.04488922743942e-05
	1.045181989697057e-05
	1.045174721999783e-05
	1.045194307091087e-05
	1.045401323329897e-05
	1.045483487929337e-05
	1.045998305934635e-05
	1.04663796557697e-05
	1.047332709509947e-05
	1.0479620976321e-05
	1.048633904427514e-05
	1.04958902811648e-05
	1.050304170005866e-05
	1.050728487752854e-05
	1.050804960899547e-05
	1.050878529071019e-05
	1.050609574056792e-05
	1.049954901424188e-05
	1.049029928853989e-05
	1.047677642654876e-05
	1.046060175730306e-05
	1.044831886667707e-05
	1.043676035298496e-05
	1.042372116563175e-05
	1.041080789390054e-05
	1.039467264976052e-05
	1.037731192736041e-05
	1.035928660594369e-05
	1.034527729425113e-05
	1.033703871064746e-05
	1.033578923036432e-05
	1.033774752919346e-05
	1.034084712628092e-05
	1.033988038729533e-05
	1.033574712416137e-05
	1.032952815926699e-05
	1.032366900303829e-05
	1.032436757133859e-05
	1.032514179703463e-05
	1.03286143427858e-05
	1.033625952669993e-05
	1.034537788312534e-05
	1.035355767043931e-05
	1.035689597983082e-05
	1.035535128892487e-05
	1.034941799312477e-05
	1.034428219145149e-05
	1.034211155491906e-05
	1.034152542659221e-05
	1.034591568492287e-05
	1.035286978449468e-05
	1.036191291954544e-05
	1.03747776659861e-05
	1.039515528978886e-05
	1.041638688691532e-05
	1.043661449269029e-05
	1.045579838439723e-05
	1.047116674520226e-05
	1.048526404017952e-05
	1.050226588710169e-05
	1.051741564084942e-05
	1.052271291545225e-05
	1.051802454086282e-05
	1.050331712919994e-05
	1.048635332108074e-05
	1.047466763505863e-05
	1.087488856298615e-05
	1.054146426255943e-05
	1.050081287211737e-05
	1.050568226771315e-05
	1.051405899594597e-05
	1.051733877866936e-05
	1.051556801079245e-05
	1.05083269189929e-05
	1.049962607311546e-05
	1.049168322330741e-05
	1.048404186460819e-05
	1.047490414324091e-05
	1.046663629035689e-05
	1.045901368464595e-05
	1.045454177381666e-05
	1.044835093368856e-05
	1.04407046227351e-05
	1.042732032496858e-05
	1.041098655248077e-05
	1.039248581068093e-05
	1.037694205356833e-05
	1.036195656575712e-05
	1.03475415716546e-05
	1.033420770225587e-05
	1.032168263256363e-05
	1.031272448430346e-05
	1.030769074494087e-05
	1.030473573630242e-05
	1.030300144925056e-05
	1.03043609561353e-05
	1.030850648005523e-05
	1.031378063645639e-05
	1.03171025101485e-05
	1.031958277151819e-05
	1.031733056325408e-05
	1.031251273710406e-05
	1.030973802006771e-05
	1.031024910977259e-05
	1.031335748829514e-05
	1.031736045623863e-05
	1.032334452740582e-05
	1.033270831470081e-05
	1.034515951268893e-05
	1.035733656596562e-05
	1.036897885462568e-05
	1.037980378497457e-05
	1.038842941254869e-05
	1.039478406773866e-05
	1.039635435515482e-05
	1.039065812406072e-05
	1.038431456538875e-05
	1.03743178356101e-05
	1.036347057680536e-05
	1.035434105392705e-05
	1.034722892673174e-05
	1.034198644780414e-05
	1.033816347794994e-05
	1.033552648757886e-05
	1.033590329327157e-05
	1.033353796073698e-05
	1.033052818942415e-05
	1.032903378727381e-05
	1.032888869676942e-05
	1.032943730372948e-05
	1.032809962106397e-05
	1.032310475175098e-05
	1.031504985051001e-05
	1.030856124681727e-05
	1.030412539202242e-05
	1.030687372460525e-05
	1.031588140037317e-05
	1.033187917099671e-05
	1.034939212151646e-05
	1.036741048607948e-05
	1.038368967539154e-05
	1.040355993915873e-05
	1.042321605649919e-05
	1.04414840082903e-05
	1.04551537959534e-05
	1.046747998685077e-05
	1.04744608664626e-05
	1.047765356658444e-05
	1.047234008809925e-05
	1.046305623666669e-05
	1.044866680896026e-05
	1.043433180314258e-05
	1.042136653412379e-05
	1.040938758621365e-05
	1.039666272889825e-05
	1.038511930933825e-05
	1.037571482870744e-05
	1.03714074497616e-05
	1.037390317361649e-05
	1.038153937150309e-05
	1.038975757435797e-05
	1.039835761235506e-05
	1.040420185473799e-05
	1.041050508700518e-05
	1.042373969813645e-05
	1.044215183652747e-05
	1.046151271741988e-05
	1.04812691517028e-05
	1.049681021582883e-05
	1.051359483902688e-05
	1.052782812900661e-05
	1.053922570081109e-05
	1.054922159039026e-05
	1.056011325959718e-05
	1.056865368195351e-05
	1.058001647731261e-05
	1.059200559517654e-05
	1.060291241199318e-05
	1.06146009776306e-05
	1.062462437283017e-05
	1.063338126329966e-05
	1.064340232567771e-05
	1.064650896312873e-05
	1.064878356304746e-05
	1.064425430643058e-05
	1.063605006699199e-05
	1.062543430393061e-05
	1.0618119591955e-05
	1.061549253140949e-05
	1.061631203747152e-05
	1.061806513990855e-05
	1.061513486052307e-05
	1.060827390508945e-05
	1.059863848982767e-05
	1.058854518239663e-05
	1.05803270764948e-05
	1.057638582655198e-05
	1.057535624586331e-05
	1.0575632911199e-05
	1.057682267996833e-05
	1.058106454623935e-05
	1.057847665560633e-05
	1.057266245210378e-05
	1.056416027559668e-05
	1.055121312326299e-05
	1.054387946008015e-05
	1.053850439449985e-05
	1.053408248132342e-05
	1.052706393421428e-05
	1.051424544651304e-05
	1.049797496070455e-05
	1.047697300538016e-05
	1.045184630734193e-05
	1.042760842934304e-05
	1.04052961142961e-05
	1.038651634574335e-05
	1.037534782601851e-05
	1.037212681630641e-05
	1.037496675061444e-05
	1.038360736906556e-05
	1.039097746871783e-05
	1.039805953624986e-05
	1.04024021762567e-05
	1.039995778523444e-05
	1.039516283558322e-05
	1.039146297652445e-05
	1.038454538571894e-05
	1.038003499508529e-05
	1.037486127812365e-05
	1.036949007980814e-05
	1.036197025714219e-05
	1.035627856112707e-05
	1.035400562386237e-05
	1.03564110192624e-05
	1.036300754436262e-05
	1.037236687618306e-05
	1.038327728596142e-05
	1.0392195372741e-05
	1.039900491448049e-05
	1.04064309643328e-05
	1.041560306661617e-05
	1.042722724053531e-05
	1.044177527134638e-05
	1.045791473554054e-05
	1.047498018871163e-05
	1.048883875717904e-05
	1.050330563222672e-05
	1.051764815687962e-05
	1.052600171644697e-05
	1.052849181255765e-05
	1.052485554621243e-05
	1.051782287354035e-05
	1.051298623575102e-05
	1.05098495050807e-05
	1.051183050535736e-05
	1.051659703523859e-05
	1.052623194005472e-05
	1.053568836455622e-05
	1.054731664405616e-05
	1.055708484709633e-05
	1.056439777254201e-05
	1.057163166519067e-05
	1.057775266097039e-05
	1.057911186174829e-05
	1.057996019842442e-05
	1.058313788929315e-05
	1.059200864518863e-05
	1.060299698043845e-05
	1.061925113025384e-05
	1.063127827440856e-05
	1.064080490889103e-05
	1.06497156721291e-05
	1.06526565283709e-05
	1.065674210462329e-05
	1.066078266311408e-05
	1.067086507258605e-05
	1.068647044328346e-05
	1.070613170544957e-05
	1.072031247445299e-05
	1.073006004552151e-05
	1.073294239216527e-05
	1.072980863458929e-05
	1.072597907234754e-05
	1.072216980438914e-05
	1.072088727766561e-05
	1.072261752740673e-05
	1.072729309544467e-05
	1.072934877053685e-05
	1.073371815917519e-05
	1.074497885381886e-05
	1.07595085076853e-05
	1.076960046043673e-05
	1.077233229034326e-05
	1.077404457711511e-05
	1.077081973711695e-05
	1.07667649637658e-05
	1.076278682828094e-05
	1.07586952999684e-05
	1.075908169355285e-05
	1.076056439360715e-05
	1.075718741277653e-05
	1.075414993161389e-05
	1.075638667065462e-05
	1.076483619172673e-05
	1.076830689940391e-05
	1.076985303031152e-05
	1.076822054513963e-05
	1.076571249678175e-05
	1.076569102114953e-05
	1.076931674424477e-05
	1.077480025613204e-05
	1.077873721160155e-05
	1.078050210054322e-05
	1.077494496642656e-05
	1.07642404677743e-05
	1.075694863435804e-05
	1.075054596298106e-05
	1.07447501605257e-05
	1.073578573800708e-05
	1.072507753176965e-05
	1.071215257544962e-05
	1.069434121244275e-05
	1.067336082997849e-05
	1.064929773902623e-05
	1.06245387912694e-05
	1.060071690220038e-05
	1.057326478937568e-05
	1.054379738311317e-05
	1.051451112018273e-05
	1.04875694916871e-05
	1.046400235799541e-05
	1.044680436760007e-05
	1.043015026784464e-05
	1.041536431490054e-05
	1.040021774301072e-05
	1.03856275624155e-05
	1.037581594052468e-05
	1.036989363357839e-05
	1.036718565984507e-05
	1.037028639673332e-05
	1.037514703520986e-05
	1.037691241630281e-05
	1.037765746917222e-05
	1.037816340398937e-05
	1.037881363773942e-05
	1.038427896646213e-05
	1.039652088549551e-05
	1.041572536948714e-05
	1.043755209344887e-05
	1.045736662136736e-05
	1.047183804355503e-05
	1.048333458441655e-05
	1.049234052338023e-05
	1.050318600714599e-05
	1.052010919386733e-05
	1.054431530370648e-05
	1.056849358814522e-05
	1.059240579886031e-05
	1.061431354326931e-05
	1.06361688951376e-05
	1.065721315562099e-05
	1.067416824090887e-05
	1.069083706011071e-05
	1.070921399840792e-05
	1.072715571271965e-05
	1.074246012009512e-05
	1.075634658858292e-05
	1.077035154345672e-05
	1.078137530652624e-05
	1.078999357463464e-05
	1.080254732708884e-05
	1.081715717099089e-05
	1.083394171035009e-05
	1.085460168840112e-05
	1.087301617448204e-05
	1.088968323118702e-05
	1.089920161640273e-05
	1.090530154629747e-05
	1.090470970974724e-05
	1.090068665607268e-05
	1.089254248948848e-05
	1.08870252837574e-05
	1.088668223325697e-05
	1.088638045772837e-05
	1.088732798366022e-05
	1.087798127881866e-05
	1.086493705611427e-05
	1.085631267620072e-05
	1.085317658181912e-05
	1.084786826821604e-05
	1.084230412831583e-05
	1.084033367174374e-05
	1.083979941366785e-05
	1.083908181269622e-05
	1.08387589385525e-05
	1.084324620830652e-05
	1.085307936349156e-05
	1.086544908475839e-05
	1.087785643567494e-05
	1.088419956974773e-05
	1.088702711677272e-05
	1.088416983747483e-05
	1.088128273860021e-05
	1.087766187005417e-05
	1.087121409232705e-05
	1.086235563764018e-05
	1.085595092231562e-05
	1.085130687119041e-05
	1.084803863752972e-05
	1.084409545168635e-05
	1.083478064655319e-05
	1.082344556406913e-05
	1.081522055187282e-05
	1.080996262031024e-05
	1.080643289695551e-05
	1.081071815806154e-05
	1.081917026639352e-05
	1.082966740330207e-05
	1.083898920177293e-05
	1.084438384870072e-05
	1.084818978457713e-05
	1.084539519407035e-05
	1.08376283139873e-05
	1.082856532737306e-05
	1.082253507292032e-05
	1.081032540619341e-05
	1.079530594453136e-05
	1.078169360484622e-05
	1.077234618857244e-05
	1.076563287535502e-05
	1.076687530136633e-05
	1.077317935290714e-05
	1.078097604780449e-05
	1.078459004523788e-05
	1.078218366879323e-05
	1.077534459341915e-05
	1.076948955367114e-05
	1.076627050321296e-05
	1.076524265515728e-05
	1.076218111365538e-05
	1.076507066049937e-05
	1.076948733484032e-05
	1.07764969297861e-05
	1.07823649293584e-05
	1.079022788932718e-05
	1.0802560499153e-05
	1.081743911078515e-05
	1.082937098265121e-05
	1.083706440053233e-05
	1.084133366977585e-05
	1.084585373028788e-05
	1.085148886222491e-05
	1.085333587617501e-05
	1.084569871623698e-05
	1.0835166141606e-05
	1.082865117702044e-05
	1.08276358108065e-05
	1.083704472891892e-05
	1.085213631647204e-05
	1.086958336335854e-05
	1.088284603605186e-05
	1.089107453114082e-05
	1.089585750316384e-05
	1.089867989203353e-05
	1.08981204696685e-05
	1.089786515823847e-05
	1.090492270430588e-05
	1.091318563177428e-05
	1.092615160933402e-05
	1.09427177367386e-05
	1.096070555394061e-05
	1.097848933257184e-05
	1.099750659316936e-05
	1.101384559521626e-05
	1.10287195471226e-05
	1.104273965981105e-05
	1.105998862276663e-05
	1.107768050515803e-05
	1.109325208242964e-05
	1.111022793394398e-05
	1.112343829670091e-05
	1.113096267969878e-05
	1.113700584853735e-05
	1.114306032745748e-05
	1.114761044251203e-05
	1.115521346278499e-05
	1.116231464981157e-05
	1.116794783522842e-05
	1.117482261826836e-05
	1.117838591090569e-05
	1.117580111639733e-05
	1.116118287225354e-05
	1.114033601118161e-05
	1.111154077435994e-05
	1.107773974011854e-05
	1.103999343808991e-05
	1.100017865340225e-05
	1.096165410001346e-05
	1.092725460979341e-05
	1.090032841352673e-05
	1.087890224523695e-05
	1.086184006888754e-05
	1.084991510092338e-05
	1.084339913190157e-05
	1.083659866477541e-05
	1.082978582407701e-05
	1.082116267467844e-05
	1.08128379277211e-05
	1.080478995908401e-05
	1.079840028372458e-05
	1.079721492828882e-05
	1.07985009642038e-05
	1.080145924920394e-05
	1.080399571015637e-05
	1.080208389642891e-05
	1.079973626493836e-05
	1.079605545632855e-05
	1.078944588253395e-05
	1.07839134509698e-05
	1.077777553348403e-05
	1.077699371712537e-05
	1.078096614290235e-05
	1.07812286563512e-05
	1.077593774335832e-05
	1.076594416066955e-05
	1.075273486048956e-05
	1.074091923149798e-05
	1.072965040506155e-05
	1.072062877018451e-05
	1.071116158176267e-05
	1.069828275373148e-05
	1.068748871779564e-05
	1.068501247569739e-05
	1.069158200085444e-05
	1.070621141051459e-05
	1.07294248902221e-05
	1.075623417470181e-05
	1.078073300261e-05
	1.079951888897722e-05
	1.081154996578461e-05
	1.081891515141134e-05
	1.082182091710885e-05
	1.082408466011902e-05
	1.083061595035266e-05
	1.084354860605285e-05
	1.085803762335845e-05
	1.086661340327267e-05
	1.086980600828511e-05
	1.086624942066307e-05
	1.086267428050777e-05
	1.085181496622261e-05
	1.084334686076213e-05
	1.083409932780484e-05
	1.082965962212322e-05
	1.082998194574375e-05
	1.083199676127601e-05
	1.083228976296517e-05
	1.083400106259126e-05
	1.083455900329719e-05
	1.083518593721214e-05
	1.083642143373503e-05
	1.084150864150253e-05
	1.084367037996957e-05
	1.084028348770293e-05
	1.08282992461528e-05
	1.081195497083721e-05
	1.07947953347622e-05
	1.078056607563205e-05
	1.077035446134462e-05
	1.076413896810636e-05
	1.076196850575203e-05
	1.076418868677153e-05
	1.076941260603948e-05
	1.077691526409966e-05
	1.077985288319266e-05
	1.078171385238003e-05
	1.078422258163045e-05
	1.079532874879554e-05
	1.081777691561128e-05
	1.085167782175353e-05
	1.089499425824532e-05
	1.094149913151802e-05
	1.098738238324357e-05
	1.102878569266638e-05
	1.106152677558234e-05
	1.10921350967414e-05
	1.112300272618287e-05
	1.114971812051316e-05
	1.117486829403038e-05
	1.119941954267656e-05
	1.122397672278972e-05
	1.125161634673226e-05
	1.127479956541396e-05
	1.129357749938025e-05
	1.130617402533703e-05
	1.131469793791875e-05
	1.132243290966839e-05
	1.132885372198552e-05
	1.133665015470773e-05
	1.134050469880275e-05
	1.134584513834299e-05
	1.135486597992252e-05
	1.136814354372347e-05
	1.138332183023297e-05
	1.139556930694378e-05
	1.140739475308777e-05
	1.141356834963494e-05
	1.141753918477492e-05
	1.141993990810734e-05
	1.142054358829676e-05
	1.141575911997029e-05
	1.140786592653078e-05
	1.140359368559763e-05
	1.140274326672759e-05
	1.140167735909719e-05
	1.140269968461626e-05
	1.140148275692746e-05
	1.1402304170817e-05
	1.139544890485214e-05
	1.138438861492199e-05
	1.136479031101885e-05
	1.134146204755018e-05
	1.131997790381897e-05
	1.130327661151923e-05
	1.128896382882743e-05
	1.128405114391893e-05
	1.128480001552728e-05
	1.129197169253659e-05
	1.129806254840689e-05
	1.129895393243826e-05
	1.129720451782117e-05
	1.129426970310596e-05
	1.12919572692798e-05
	1.129162608069722e-05
	1.129215582183464e-05
	1.129524947744496e-05
	1.129976672612142e-05
	1.130133358999544e-05
	1.129714450853595e-05
	1.128575971277584e-05
	1.126756677395974e-05
	1.124363700768212e-05
	1.121770836232669e-05
	1.118824333029904e-05
	1.115985154795533e-05
	1.113310293658079e-05
	1.110492788218968e-05
	1.107863597188716e-05
	1.105436660818225e-05
	1.102976964458205e-05
	1.100345399142677e-05
	1.097726780489758e-05
	1.095093654536515e-05
	1.091930627522747e-05
	1.089026431655194e-05
	1.086988282473511e-05
	1.085988461184895e-05
	1.085838055796226e-05
	1.086399829042449e-05
	1.086918846412977e-05
	1.087194796965909e-05
	1.087489932184329e-05
	1.087583929396612e-05
	1.087920616000618e-05
	1.088600972910901e-05
	1.089425680518466e-05
	1.090781217407199e-05
	1.09252434813911e-05
	1.0944627624892e-05
	1.09659344676032e-05
	1.09837512326939e-05
	1.099055330509305e-05
	1.0989786508303e-05
	1.098850147698462e-05
	1.098891760325637e-05
	1.099016146062756e-05
	1.099080571478362e-05
	1.098649495190789e-05
	1.098241282270816e-05
	1.097970343993194e-05
	1.097504092695823e-05
	1.096569579973858e-05
	1.095379263584752e-05
	1.093849451410897e-05
	1.092510285972939e-05
	1.092008414336614e-05
	1.092501283151219e-05
	1.093275613082372e-05
	1.093721516227457e-05
	1.094024447426322e-05
	1.094286406018005e-05
	1.094359645202693e-05
	1.094975319654106e-05
	1.095546443957339e-05
	1.095746955969406e-05
	1.095519307641101e-05
	1.094662029422818e-05
	1.093141881203214e-05
	1.091657470805397e-05
	1.090057151969088e-05
	1.088544787941877e-05
	1.086902178837151e-05
	1.085378809267676e-05
	1.084055499281443e-05
	1.08258345416594e-05
	1.080870098593869e-05
	1.078983579899724e-05
	1.077297027512499e-05
	1.076316750625678e-05
	1.075916158515981e-05
	1.076331859138596e-05
	1.077302416600191e-05
	1.078830770560903e-05
	1.080338224798449e-05
	1.080982742895168e-05
	1.080687887761892e-05
	1.079766278640241e-05
	1.078464235883102e-05
	1.076893109636587e-05
	1.075142557187505e-05
	1.073797105224506e-05
	1.073299823635913e-05
	1.073390668085603e-05
	1.073646903878642e-05
	1.07361167671712e-05
	1.073336060417307e-05
	1.072297336172057e-05
	1.070727267030558e-05
	1.068593134287362e-05
	1.066086420963426e-05
	1.063911986784462e-05
	1.062014903296584e-05
	1.060417885690142e-05
	1.058912834880186e-05
	1.057235119180046e-05
	1.055565899640441e-05
	1.053472623905223e-05
	1.050987981881909e-05
	1.048995842859189e-05
	1.047402951274449e-05
	1.046575340131749e-05
	1.046555780108316e-05
	1.047679759052673e-05
	1.049560891700878e-05
	1.052106219079616e-05
	1.054917114803537e-05
	1.057371522694775e-05
	1.059053554971092e-05
	1.060176687059227e-05
	1.06067837233852e-05
	1.061120637610163e-05
	1.062029029860129e-05
	1.063351086284724e-05
	1.065248251057706e-05
	1.067390448865368e-05
	1.069723961918479e-05
	1.072910701423374e-05
	1.07644119482846e-05
	1.080169778709061e-05
	1.083609540677268e-05
	1.086251164810997e-05
	1.087895594762196e-05
	1.088504048294434e-05
	1.088374370728545e-05
	1.087816367604189e-05
	1.086614372602122e-05
	1.085332861810987e-05
	1.083851246935161e-05
	1.082215812813247e-05
	1.080437508890275e-05
	1.078300585295201e-05
	1.075806681552713e-05
	1.073056248558757e-05
	1.070580424627559e-05
	1.06840621162453e-05
	1.066883708234749e-05
	1.066031624826069e-05
	1.06559837192538e-05
	1.065637384808599e-05
	1.066280080598283e-05
	1.067223188931301e-05
	1.067663671050649e-05
	1.067914999848446e-05
	1.067300369293472e-05
	1.066364706557281e-05
	1.064584344199204e-05
	1.062429163049439e-05
	1.059484965234523e-05
	1.055962374278814e-05
	1.052274607773667e-05
	1.048968059684495e-05
	1.046369930122208e-05
	1.044233888961171e-05
	1.042333097316478e-05
	1.04051551584866e-05
	1.038633290381717e-05
	1.036743030259833e-05
	1.035233356708289e-05
	1.03363231744588e-05
	1.032571023706446e-05
	1.032127515004685e-05
	1.032427946370568e-05
	1.033764147941333e-05
	1.035683428292467e-05
	1.037750524596038e-05
	1.039221759923943e-05
	1.039845294671484e-05
	1.039773872330228e-05
	1.03900637053065e-05
	1.03848436896544e-05
	1.037934756428318e-05
	1.037582357702419e-05
	1.037842526896396e-05
	1.038435203326753e-05
	1.038873073974213e-05
	1.03920577557354e-05
	1.039925967025769e-05
	1.040883903048258e-05
	1.041957036072649e-05
	1.042896453247582e-05
	1.044330758101678e-05
	1.046408745280042e-05
	1.048363752489802e-05
	1.050520458398504e-05
	1.052164626496948e-05
	1.052951245977787e-05
	1.053030117500324e-05
	1.052241912634409e-05
	1.051086065531329e-05
	1.050179597479892e-05
	1.049412955789932e-05
	1.049013813040198e-05
	1.048979438457269e-05
	1.049098598067395e-05
	1.049171399463861e-05
