	2.02853544425411e-08
	2.032504963139334e-08
	2.036743324570027e-08
	2.040362115035812e-08
	2.04267884082532e-08
	2.044231071176316e-08
	2.046193160183585e-08
	2.047840969957895e-08
	2.049141150539113e-08
	2.050311464047588e-08
	2.051861561524819e-08
	2.052508193546311e-08
	2.050554420232182e-08
	2.04638612894409e-08
	2.041213024035846e-08
	2.037342090542583e-08
	2.035395756791305e-08
	2.035554952172591e-08
	2.039076067598822e-08
	2.04608291230015e-08
	2.055677910710523e-08
	2.064773376423034e-08
	2.071767310682576e-08
	2.076128619914788e-08
	2.079411744278081e-08
	2.083288567931451e-08
	2.089157012928826e-08
	2.09557063120215e-08
	2.100722485032988e-08
	2.104186475013155e-08
	2.107659287285512e-08
	2.110357944479792e-08
	2.112641808606683e-08
	2.11377213511394e-08
	2.113029081777771e-08
	2.109702048012978e-08
	2.104939803985286e-08
	2.100218061663884e-08
	2.097333509757262e-08
	2.096675105206984e-08
	2.096825143753296e-08
	2.094884048518028e-08
	2.091535183481378e-08
	2.087509531993496e-08
	2.083447225626976e-08
	2.080459060371236e-08
	2.078250716993582e-08
	2.076413204631542e-08
	2.074398015181124e-08
	2.072450849148203e-08
	2.073109498171241e-08
	2.077594749472743e-08
	2.085529423893333e-08
	2.095556223354974e-08
	2.105691835937762e-08
	2.113340190738386e-08
	2.117822033718344e-08
	2.121785101767097e-08
	2.126602824636878e-08
	2.130463732308318e-08
	2.133806198793118e-08
	2.136361151377085e-08
	2.136060877729985e-08
	2.131968780769279e-08
	2.123993074295063e-08
	2.115112537910172e-08
	2.107981042313374e-08
	2.103896964768416e-08
	2.103021256061558e-08
	2.104552983118743e-08
	2.108240129807116e-08
	2.114660368658477e-08
	2.122979475240085e-08
	2.132119758251989e-08
	2.139529838275726e-08
	2.145101436579035e-08
	2.14969291300794e-08
	2.155171484620305e-08
	2.161100872685418e-08
	2.167468641791434e-08
	2.174350067975068e-08
	2.182485368856218e-08
	2.191392789383735e-08
	2.200896326488303e-08
	2.210221938367888e-08
	2.21870933140989e-08
	2.22528249920705e-08
	2.230336298895828e-08
	2.234491361741894e-08
	2.239810395178464e-08
	2.246563743073381e-08
	2.254129591516551e-08
	2.261751434485116e-08
	2.2696303648351e-08
	2.276806973890646e-08
	2.281918886899576e-08
	2.285526947216115e-08
	2.288258555476757e-08
	2.290161607146453e-08
	2.292578537815371e-08
	2.294904883108082e-08
	2.295531991447678e-08
	2.29287260614901e-08
	2.288034634467336e-08
	2.28410835247494e-08
	2.281874076053564e-08
	2.279029429698105e-08
	2.275452387742676e-08
	2.269576385254556e-08
	2.26131877730897e-08
	2.253018060124157e-08
	2.246973970861254e-08
	2.243348930932939e-08
	2.238647442954615e-08
	2.232589510453428e-08
	2.226651880800521e-08
	2.220826850381382e-08
	2.215617033090912e-08
	2.213075364154191e-08
	2.214805654423798e-08
	2.218401032286721e-08
	2.220369134523413e-08
	2.221295035382626e-08
	2.222523681701549e-08
	2.224559167475193e-08
	2.225384827292957e-08
	2.223487960729229e-08
	2.219296436744202e-08
	2.213493018656698e-08
	2.207384312191907e-08
	2.199784736180674e-08
	2.190185605417629e-08
	2.18027560744543e-08
	2.170909439776577e-08
	2.162638523127978e-08
	2.153755075977411e-08
	2.143107463163885e-08
	2.130231800155875e-08
	2.115916131603377e-08
	2.101475530702373e-08
	2.088798904595401e-08
	2.080316881373455e-08
	2.076768869561277e-08
	2.077151283051142e-08
	2.077619879143731e-08
	2.075290320654907e-08
	2.068502188165957e-08
	2.059187783799372e-08
	2.049637127485466e-08
	2.042827934924785e-08
	2.040110181208349e-08
	2.039103739367377e-08
	2.035603285601453e-08
	2.029993491788652e-08
	2.023580895232122e-08
	2.017198473701518e-08
	2.011742178203428e-08
	2.007295781682995e-08
	2.003442336712609e-08
	2.000794543019454e-08
	1.998519369832167e-08
	1.996149450899698e-08
	1.993703032669322e-08
	1.989794083082438e-08
	1.984735072817775e-08
	1.980095590670968e-08
	1.977116123829217e-08
	1.974898712900454e-08
	1.972206311468282e-08
	1.968513510706372e-08
	1.965577274732397e-08
	1.965890994761479e-08
	1.969679487336246e-08
	1.974716734422996e-08
	1.979541021548663e-08
	1.983283810160496e-08
	1.985930664995778e-08
	1.986066801676212e-08
	1.984957861991869e-08
	1.984046185007079e-08
	1.982720140128967e-08
	1.981687675536504e-08
	1.980367347034626e-08
	1.978566544871244e-08
	1.976245126565418e-08
	1.974575200391771e-08
	1.976114840893813e-08
	1.982617046675014e-08
	1.991505463092978e-08
	2.000802654069239e-08
	2.010268128521738e-08
	2.018851165017964e-08
	2.025894900395891e-08
	2.033326126898692e-08
	2.039574413459182e-08
	2.041622651159772e-08
	2.039571717493022e-08
	2.0357243996727e-08
	2.031054029492397e-08
	2.025675061966501e-08
	2.019500910373011e-08
	2.014307031415488e-08
	2.010654324017887e-08
	2.006565079632306e-08
	2.001150003543629e-08
	1.995780791664704e-08
	1.992631207742171e-08
	1.993096978748814e-08
	1.996455232662629e-08
	2.001194505711659e-08
	2.00459543183029e-08
	2.00420328644815e-08
	2.000073918675126e-08
	1.992884737157048e-08
	1.983887514148061e-08
	1.976008081205654e-08
	1.971126119241026e-08
	1.970531718383593e-08
	1.97194024064588e-08
	1.972957727384897e-08
	1.972957143931414e-08
	1.973088550592776e-08
	1.974131133675265e-08
	1.976062539962852e-08
	1.976967524712062e-08
	1.976075998530075e-08
	1.975107939128494e-08
	1.974318249368339e-08
	1.972185239343349e-08
	1.968428901819762e-08
	1.964315814738312e-08
	1.961348626256635e-08
	1.961264414763676e-08
	1.966150512746249e-08
	1.972941656105404e-08
	1.979550030523775e-08
	1.984522283525107e-08
	1.986422159335863e-08
	1.986836500205112e-08
	1.987189654001743e-08
	1.989776528801341e-08
	1.995469780873075e-08
	2.002960169391773e-08
	2.009609054325648e-08
	2.015088553843715e-08
	2.018342751057243e-08
	2.019496562413427e-08
	2.019640506713122e-08
	2.020218944011499e-08
	2.021152929794361e-08
	2.021705342085213e-08
	2.021400911895402e-08
	2.020541109559081e-08
	2.018754225260252e-08
	2.016660205953809e-08
	2.015804114764891e-08
	2.016604738267263e-08
	2.019392801808563e-08
	2.023002912469087e-08
	2.025547683747199e-08
	2.026603250896968e-08
	2.027653167636068e-08
	2.030245701742138e-08
	2.035317375081533e-08
	2.043425595744834e-08
	2.052127477862763e-08
	2.061164948369432e-08
	2.069759463991364e-08
	2.076909354179035e-08
	2.083636069837065e-08
	2.089407374013155e-08
	2.094670689861741e-08
	2.098828117025967e-08
	2.102556241294079e-08
	2.107019472734449e-08
	2.112152665805188e-08
	2.116233070430944e-08
	2.117236705177471e-08
	2.115786065930022e-08
	2.114399897009093e-08
	2.114697846438626e-08
	2.115119423115787e-08
	2.115146861503981e-08
	2.11496508278064e-08
	2.115322937264766e-08
	2.117286399854528e-08
	2.120490984580036e-08
	2.122986556086789e-08
	2.124048986690154e-08
	2.125053356860423e-08
	2.126748927679826e-08
	2.130057302299667e-08
	2.134218639606727e-08
	2.137985374524015e-08
	2.13989535046592e-08
	2.139099948321681e-08
	2.134453101280228e-08
	2.127334527954737e-08
	2.118422653760551e-08
	2.111051247904467e-08
	2.106337706475024e-08
	2.103787260011342e-08
	2.104355837429273e-08
	2.107984312845878e-08
	2.113482553400315e-08
	2.117885918614379e-08
	2.120093194328523e-08
	2.121000729522558e-08
	2.120378723342477e-08
	2.115386679614967e-08
	2.105194576785073e-08
	2.093501588750461e-08
	2.082254714268352e-08
	2.073070832694431e-08
	2.06618413880536e-08
	2.060567403112558e-08
	2.053845402992827e-08
	2.045580464203371e-08
	2.037522399361189e-08
	2.030744817517566e-08
	2.024608617225635e-08
	2.019175408591744e-08
	2.013919420290482e-08
	2.009556944763451e-08
	2.004723286795503e-08
	1.999816842786216e-08
	1.996343401140848e-08
	1.995416056789204e-08
	1.996029649364661e-08
	1.997090147111416e-08
	1.997610985555084e-08
	1.998277078712572e-08
	1.99984560741118e-08
	2.001405269482527e-08
	2.004373909865217e-08
	2.008017318825289e-08
	2.011161702360792e-08
	2.013586877258007e-08
	2.015631631746307e-08
	2.019437721409852e-08
	2.026095543918499e-08
	2.033748966187756e-08
	2.039933256968005e-08
	2.043361443911779e-08
	2.044225669399174e-08
	2.043933492109402e-08
	2.043933481590093e-08
	2.044728763326073e-08
	2.046876755712067e-08
	2.04963715532931e-08
	2.052283438780399e-08
	2.053331798247174e-08
	2.052511480234827e-08
	2.049926476638563e-08
	2.046299778695979e-08
	2.042721576460367e-08
	2.039822810374382e-08
	2.038303422162776e-08
	2.037809615402509e-08
	2.038248291121041e-08
	2.038686046665348e-08
	2.03953072215149e-08
	2.041605057478361e-08
	2.04484402960902e-08
	2.04967573389885e-08
	2.056231196576858e-08
	2.063579333476992e-08
	2.070626322623651e-08
	2.07659910271272e-08
	2.082112747600008e-08
	2.086398086822087e-08
	2.089129484324993e-08
	2.090348245973583e-08
	2.0918748251256e-08
	2.094240017982103e-08
	2.097536689118792e-08
	2.100460942308211e-08
	2.103274777238017e-08
	2.105429127110379e-08
	2.106993864892144e-08
	2.108078159141134e-08
	2.109455335684077e-08
	2.111834398500297e-08
	2.115639485046172e-08
	2.120593834569179e-08
	2.125688001276439e-08
	2.129268733780899e-08
	2.130879324607467e-08
	2.132805518392817e-08
	2.136734870926454e-08
	2.140419561058857e-08
	2.143493060549028e-08
	2.146005012581674e-08
	2.14783629891887e-08
	2.147430176418016e-08
	2.144884477211951e-08
	2.140998118110398e-08
	2.136537322534165e-08
	2.132681867383989e-08
	2.129666558245812e-08
	2.128126125826975e-08
	2.128053158315548e-08
	2.129334761075314e-08
	2.13025547045871e-08
	2.130422672284477e-08
	2.130411971066963e-08
	2.129892976680747e-08
	2.130489430561282e-08
	2.131349687626339e-08
	2.131297120805233e-08
	2.129040200061686e-08
	2.12516285158804e-08
	2.119915857770095e-08
	2.113626077946943e-08
	2.107036528542067e-08
	2.10066421074779e-08
	2.096050922140204e-08
	2.093624788316127e-08
	2.092631952688491e-08
	2.09355006353454e-08
	2.095707191204213e-08
	2.096878819192422e-08
	2.097696215900825e-08
	2.098422215192507e-08
	2.097848310648022e-08
	2.094892615338375e-08
	2.090588726050203e-08
	2.086229906085005e-08
	2.080476503763013e-08
	2.071659556425839e-08
	2.061912216991004e-08
	2.052563787503822e-08
	2.044669595362709e-08
	2.038956438263648e-08
	2.034814401960826e-08
	2.032786215124664e-08
	2.034243669383135e-08
	2.03878449018189e-08
	2.044201358972828e-08
	2.048182756020895e-08
	2.050201136628174e-08
	2.050260900870243e-08
	2.049635052837771e-08
	2.049166593708967e-08
	2.049375785800664e-08
	2.050450802145051e-08
	2.05236291757799e-08
	2.055864050817436e-08
	2.060591916310348e-08
	2.06687780392308e-08
	2.072714868547994e-08
	2.076512114802476e-08
	2.077127952940133e-08
	2.076074925131687e-08
	2.075582685135203e-08
	2.075508419824348e-08
	2.07413212503075e-08
	2.072666558654839e-08
	2.070933780855202e-08
	2.067280245949346e-08
	2.061027964551894e-08
	2.052937080322006e-08
	2.045426907362315e-08
	2.039500724528796e-08
	2.034709599891949e-08
	2.030256594634612e-08
	2.025967539452777e-08
	2.021498922056052e-08
	2.017769774000947e-08
	2.014637747434386e-08
	2.010364128222033e-08
	2.004982028150396e-08
	2.000941089100441e-08
	2.000251452487106e-08
	2.002114520650876e-08
	2.004800990633342e-08
	2.007541791162233e-08
	2.011595874081673e-08
	2.018540860814877e-08
	2.029221866844377e-08
	2.041164630223735e-08
	2.049715965534026e-08
	2.053472398059872e-08
	2.053799964167379e-08
	2.053587687209829e-08
	2.053918853838146e-08
	2.054641941900616e-08
	2.054699372195364e-08
	2.053499734790529e-08
	2.050056255334055e-08
	2.044870619777197e-08
	2.039312215855365e-08
	2.034159616026153e-08
	2.028439520505039e-08
	2.023631952821273e-08
	2.019850558677339e-08
	2.017984316203766e-08
	2.018715307434006e-08
	2.021446908335193e-08
	2.02506744245153e-08
	2.028885402080596e-08
	2.031019143140316e-08
	2.031086064518371e-08
	2.030806976771074e-08
	2.031044247994069e-08
	2.031447511491706e-08
	2.031098658971241e-08
	2.030327428308477e-08
	2.028742982066256e-08
	2.027385639528346e-08
	2.02756497907413e-08
	2.030175491168746e-08
	2.0340135625114e-08
	2.038707567880602e-08
	2.042875076090553e-08
	2.047102326370646e-08
	2.051439418738247e-08
	2.054460957524524e-08
	2.057543802816517e-08
	2.061984143270456e-08
	2.066309068773276e-08
	2.069926405538519e-08
	2.073472337691569e-08
	2.077312392262789e-08
	2.0795379645974e-08
	2.079004913604327e-08
	2.075627470974911e-08
	2.071575758248396e-08
	2.06856619766414e-08
	2.066694699641958e-08
	2.065656749598088e-08
	2.064297211570594e-08
	2.061265859934835e-08
	2.057150402842337e-08
	2.052466429003744e-08
	2.045663010677813e-08
	2.038024982756495e-08
	2.032393213333728e-08
	2.030893157720955e-08
	2.034086922964777e-08
	2.041840785191374e-08
	2.052349092594863e-08
	2.063493019045148e-08
	2.074224928454048e-08
	2.085322467484426e-08
	2.095286417364743e-08
	2.104309490634459e-08
	2.113187851899832e-08
	2.121001152803739e-08
	2.127508233355044e-08
	2.134086401936049e-08
	2.141482599204179e-08
	2.149855486782877e-08
	2.159763488385614e-08
	2.169821778095588e-08
	2.179164132910348e-08
	2.188015269319341e-08
	2.195819581035718e-08
	2.201949095383871e-08
	2.205933694003664e-08
	2.210797406358861e-08
	2.218650831490611e-08
	2.228811358451466e-08
	2.239426258192259e-08
	2.249235567622807e-08
	2.256929309124126e-08
	2.262658183890578e-08
	2.267090648296107e-08
	2.267776372849649e-08
	2.26548044435034e-08
	2.261957920245747e-08
	2.257833231776605e-08
	2.252907709893961e-08
	2.247132966924984e-08
	2.241015949007247e-08
	2.233465686866654e-08
	2.225436032776128e-08
	2.217154039442672e-08
	2.20984299119531e-08
	2.203087542899585e-08
	2.196367570271326e-08
	2.188123786750699e-08
	2.178335224832294e-08
	2.169107207243559e-08
	2.161208704951317e-08
	2.154294954452203e-08
	2.148618055288005e-08
	2.14493322792052e-08
	2.14288687590873e-08
	2.142539462547129e-08
	2.141876820954936e-08
	2.139703596029997e-08
	2.134898855508545e-08
	2.128595424719917e-08
	2.124437976977063e-08
	2.122808108586618e-08
	2.12211040579244e-08
	2.121676169005397e-08
	2.121001470323254e-08
	2.119832856245949e-08
	2.117782187708429e-08
	2.11614301028145e-08
	2.116885216991488e-08
	2.119540634309967e-08
	2.123782281025764e-08
	2.128810513193449e-08
	2.132934563944719e-08
	2.135192707561945e-08
	2.136319716903896e-08
	2.137926686467785e-08
	2.14126945594464e-08
	2.144801578411655e-08
	2.146565971214251e-08
	2.147349655559879e-08
	2.149217378503918e-08
	2.154601835549781e-08
	2.163775328836961e-08
	2.175242761998015e-08
	2.186921468845552e-08
	2.196899394453002e-08
	2.204078587137113e-08
	2.209236516515593e-08
	2.213801204940639e-08
	2.217259266108115e-08
	2.219804666968408e-08
	2.222239525341348e-08
	2.223045537936555e-08
	2.220723461624586e-08
	2.216868736019994e-08
	2.212257046662294e-08
	2.206731255265537e-08
	2.200547575268509e-08
	2.194061161220143e-08
	2.189566884390941e-08
	2.188780766205802e-08
	2.189924914454499e-08
	2.191487070556351e-08
	2.192965413084801e-08
	2.194485671707717e-08
	2.195604697405932e-08
	2.196675982569764e-08
	2.197726234610865e-08
	2.197760857606073e-08
	2.197350786621667e-08
	2.196003500857081e-08
	2.19361819206261e-08
	2.190553774716547e-08
	2.187881406171474e-08
	2.186129986901477e-08
	2.185773019277175e-08
	2.186004846715674e-08
	2.186685666175878e-08
	2.188117714518067e-08
	2.188124619952497e-08
	2.186047428280079e-08
	2.183405471171897e-08
	2.181425208347798e-08
	2.179123136809569e-08
	2.175175736004177e-08
	2.169911959337786e-08
	2.162850760123058e-08
	2.153609642787498e-08
	2.142457367468245e-08
	2.131455366454991e-08
	2.123505278806173e-08
	2.119914719930776e-08
	2.120892064323036e-08
	2.125498448805123e-08
	2.131988699892397e-08
	2.138483358784146e-08
	2.1437093856775e-08
	2.147160510144042e-08
	2.149655082585866e-08
	2.151481833749049e-08
	2.15444571838181e-08
	2.156833192682109e-08
	2.156109568991145e-08
	2.153503871233022e-08
	2.149737468673079e-08
	2.147036470573151e-08
	2.146913479037233e-08
	2.147845391908801e-08
	2.148441877524283e-08
	2.150239767796001e-08
	2.152017119968142e-08
	2.152394196974478e-08
	2.153207652988901e-08
	2.154927207418973e-08
	2.155559421856846e-08
	2.153585955506945e-08
	2.149505392998534e-08
	2.144573194221817e-08
	2.139502353960893e-08
	2.134771694789671e-08
	2.130365291240067e-08
	2.125899455061658e-08
	2.121245108596597e-08
	2.115767387535275e-08
	2.110572780343304e-08
	2.107006228647564e-08
	2.104543765780081e-08
	2.103647709535387e-08
	2.104437050322529e-08
	2.108083933240914e-08
	2.113584285339439e-08
	2.120127644302725e-08
	2.125465854551691e-08
	2.128587424216961e-08
	2.129013587121621e-08
	2.126250089433351e-08
	2.121475902556809e-08
	2.116058663797192e-08
	2.109828433493686e-08
	2.102422518605165e-08
	2.090885291941161e-08
	2.074426936440792e-08
	2.056319714756591e-08
	2.040529073013882e-08
	2.027642566647016e-08
	2.016979221815482e-08
	2.006803187037119e-08
	1.996193405579501e-08
	1.985707097493584e-08
	1.975844772222858e-08
	1.968756257844003e-08
	1.96476062266652e-08
	1.963028407930215e-08
	1.962989505045439e-08
	1.964258011256562e-08
	1.966588477285042e-08
	1.969204751358043e-08
	1.972332543659716e-08
	1.975304148508679e-08
	1.978153756344826e-08
	1.981254620341795e-08
	1.984954056175111e-08
	1.989274952455875e-08
	1.994207711477557e-08
	1.999144361525902e-08
	2.002782383073419e-08
	2.003142931187634e-08
	2.000597645804317e-08
	1.997413511874036e-08
	1.996096793381516e-08
	1.998578106678743e-08
	2.003973112017409e-08
	2.010438826836996e-08
	2.016820614100371e-08
	2.023191608127736e-08
	2.028658038630848e-08
	2.032544704657274e-08
	2.034755458002159e-08
	2.035026277648933e-08
	2.032972425938494e-08
	2.02888723011383e-08
	2.023324295996242e-08
	2.017265133925669e-08
	2.011244398870012e-08
	2.005858039737635e-08
	1.99955697647163e-08
	1.991231522116062e-08
	1.981177833110035e-08
	1.970294931630569e-08
	1.960363830054536e-08
	1.951522841913912e-08
	1.946137874002623e-08
	1.944299231576276e-08
	1.945655891779895e-08
	1.950842230071228e-08
	1.960095561997433e-08
	1.971348526321835e-08
	1.982313796530429e-08
	1.991694084078204e-08
	1.998427945591026e-08
	2.002501017145241e-08
	2.004467382501536e-08
	2.004730865960435e-08
	2.004558802340202e-08
	2.005651235639335e-08
	2.008273134333469e-08
	2.011859373947013e-08
	2.017266763948767e-08
	2.023989725128578e-08
	2.029522507434726e-08
	2.033600639705545e-08
	2.034338563557065e-08
	2.031327753178115e-08
	2.026407496035053e-08
	2.022213878247517e-08
	2.020076775332335e-08
	2.020750174952758e-08
	2.02263869873757e-08
	2.025800674094953e-08
	2.028774275819926e-08
	2.030716925272408e-08
	2.031523175340238e-08
	2.031467617563849e-08
	2.032462448255477e-08
	2.033017377485568e-08
	2.032780068985846e-08
	2.031650543685782e-08
	2.029484174091664e-08
	2.027710624579307e-08
	2.026714792506929e-08
	2.026005821246364e-08
	2.024580888487461e-08
	2.021540334217181e-08
	2.0177550392741e-08
	2.013582335347216e-08
	2.009341786364352e-08
	2.005637141711741e-08
	2.003079212422878e-08
	2.0018588635815e-08
	2.001900038279085e-08
	2.003057835197678e-08
	2.005157854073392e-08
	2.007391319215338e-08
	2.009787994702266e-08
	2.012586563350686e-08
	2.014791766829379e-08
	2.01631805527857e-08
	2.01784764123895e-08
	2.019218783822472e-08
	2.02006619721606e-08
	2.02055197030678e-08
	2.021995594498622e-08
	2.023863905121197e-08
	2.025167569853896e-08
	2.025702289507081e-08
	2.02453480080517e-08
	2.022134675139405e-08
	2.01885364942367e-08
	2.014509597790909e-08
	2.009872552551584e-08
	2.006396732783354e-08
	2.004719085476454e-08
	2.005000813118693e-08
	2.006916933045562e-08
	2.010568503617356e-08
	2.016498746173441e-08
	2.023201354476623e-08
	2.030333798055944e-08
	2.037004590887779e-08
	2.042613099517427e-08
	2.046962158694364e-08
	2.049404887156633e-08
	2.051579909773833e-08
	2.054216292943249e-08
	2.057990882171624e-08
	2.062142671484867e-08
	2.065949094633568e-08
	2.069801057289203e-08
	2.072855393941624e-08
	2.076237184412338e-08
	2.080647407134024e-08
	2.085420521664147e-08
	2.089493134799271e-08
	2.093303231416551e-08
	2.096378639874014e-08
	2.098750078273677e-08
	2.102446564479105e-08
	2.106652106950212e-08
	2.110785568529061e-08
	2.114996114012767e-08
	2.118578977726592e-08
	2.120227208757759e-08
	2.117778699113218e-08
	2.112594243256467e-08
	2.107317755834098e-08
	2.103373817489968e-08
	2.100720098552194e-08
	2.099549537837523e-08
	2.099959558062118e-08
	2.100642908649768e-08
	2.100760692818182e-08
	2.100632122845848e-08
	2.099781354609461e-08
	2.097409500711296e-08
	2.094851263438134e-08
	2.093149480122498e-08
	2.093423334096546e-08
	2.095044887651233e-08
	2.097619287692088e-08
	2.099394836809813e-08
	2.098994619723308e-08
	2.096370455868046e-08
	2.092822401601728e-08
	2.088088612033404e-08
	2.083405255225425e-08
	2.080256641223092e-08
	2.079079224915691e-08
	2.079003670289193e-08
	2.079585995915173e-08
	2.080569874092516e-08
	2.082591204473705e-08
	2.084864058380905e-08
	2.08712383683966e-08
	2.090937239260382e-08
	2.09633974301235e-08
	2.104300886168797e-08
	2.116394467630129e-08
	2.131222632316221e-08
	2.144856023483013e-08
	2.154816882140292e-08
	2.160937895605635e-08
	2.165441550923919e-08
	2.169933403934081e-08
	2.174394285417546e-08
	2.178245806800839e-08
	2.180404846330223e-08
	2.182429091337912e-08
	2.18391299335508e-08
	2.183358284062812e-08
	2.179603706790373e-08
	2.173834666874719e-08
	2.169288115636716e-08
	2.168126963097995e-08
	2.17023398630265e-08
	2.17533593478906e-08
	2.181892048520308e-08
	2.18645849507265e-08
	2.1872407618024e-08
	2.185379461055422e-08
	2.184356038661967e-08
	2.185115265008359e-08
	2.186854340712413e-08
	2.188466653575596e-08
	2.190196653102251e-08
	2.190274623438671e-08
	2.18777994809696e-08
	2.184325722718226e-08
	2.182287040494731e-08
	2.183829359329869e-08
	2.188550817263898e-08
	2.19407269726625e-08
	2.198724366750488e-08
	2.203413067936062e-08
	2.207935313265146e-08
	2.209290111533373e-08
	2.205784154151111e-08
	2.199831136666763e-08
	2.195301873548496e-08
	2.194146047309979e-08
	2.195315775306945e-08
	2.197632210888384e-08
	2.199893131106103e-08
	2.200999278959199e-08
	2.201795708973054e-08
	2.201812390593023e-08
	2.202369538846238e-08
	2.205434331062077e-08
	2.210230319846353e-08
	2.214528638680166e-08
	2.217314613376914e-08
	2.218369900784326e-08
	2.218974978066653e-08
	2.221031440337448e-08
	2.225275899846275e-08
	2.228726973257727e-08
	2.23071483101146e-08
	2.232498666318604e-08
	2.233471126516936e-08
	2.232485441308893e-08
	2.230225970643444e-08
	2.227585538512514e-08
	2.224395902723821e-08
	2.220967709047052e-08
	2.216592349857408e-08
	2.212888169258598e-08
	2.211653840094152e-08
	2.21221709644254e-08
	2.214440128786575e-08
	2.217090010246039e-08
	2.219002634704371e-08
	2.218366518617828e-08
	2.21498144509734e-08
	2.21046634530318e-08
	2.20732755420187e-08
	2.206857322257222e-08
	2.209311949567354e-08
	2.210886205454597e-08
	2.210069936987551e-08
	2.206446867054264e-08
	2.199793605881214e-08
	2.192562540715125e-08
	2.187764874062309e-08
	2.186019136408963e-08
	2.186969708160623e-08
	2.18998851897126e-08
	2.194318797758676e-08
	2.197785987011559e-08
	2.198968712836715e-08
	2.197356969727803e-08
	2.194879782123883e-08
	2.193146060283666e-08
	2.193826626431925e-08
	2.196681721461161e-08
	2.200853895153563e-08
	2.203978908439916e-08
	2.205365567114048e-08
	2.202830056231105e-08
	2.19724042749663e-08
	2.191142219663863e-08
	2.185653462186142e-08
	2.180723384514338e-08
	2.17749646001456e-08
	2.175930442590335e-08
	2.176154909743973e-08
	2.178671356991093e-08
	2.181647836073964e-08
	2.182486489946681e-08
	2.179891127390626e-08
	2.174214668348748e-08
	2.166672418936555e-08
	2.158227645898583e-08
	2.150356860620936e-08
	2.144980464843196e-08
	2.140681983915401e-08
	2.137685168958759e-08
	2.135694473851712e-08
	2.134397675788752e-08
	2.133810758878363e-08
	2.134861255763462e-08
	2.133513258302529e-08
	2.13105648522168e-08
	2.127935055128573e-08
	2.123112103600608e-08
	2.11847395232792e-08
	2.115833933303027e-08
	2.117226323680578e-08
	2.122408767770655e-08
	2.129070583050132e-08
	2.135161506525369e-08
	2.139607364324376e-08
	2.141847458304355e-08
	2.142045686444618e-08
	2.141136287157791e-08
	2.140186674430473e-08
	2.13967862710735e-08
	2.140184232008688e-08
	2.14213262011247e-08
	2.144853677701185e-08
	2.147922075141433e-08
	2.151670384550326e-08
	2.156658092211701e-08
	2.161638772961835e-08
	2.164297836375666e-08
	2.164526939024584e-08
	2.162617766874962e-08
	2.160823597361622e-08
	2.160386810517366e-08
	2.162480568443658e-08
	2.166843111873613e-08
	2.1712266495906e-08
	2.175795791067534e-08
	2.179035974460376e-08
	2.181741136718108e-08
	2.184797051454066e-08
	2.187497527607095e-08
	2.191431067184644e-08
	2.195435552926173e-08
	2.198064944487364e-08
	2.199782691223681e-08
	2.200234827267445e-08
	2.197808227640504e-08
	2.193316755672024e-08
	2.187762737800287e-08
	2.182585144608418e-08
	2.179297927509556e-08
	2.177644789887851e-08
	2.176482612887413e-08
	2.175421667565606e-08
	2.174657928055279e-08
	2.175155798093843e-08
	2.176870999213936e-08
	2.178095333098284e-08
	2.177679957069673e-08
	2.174560465268884e-08
	2.169515617643982e-08
	2.162743724509942e-08
	2.155972942064649e-08
	2.152231061159741e-08
	2.152495346203124e-08
	2.156528061317854e-08
	2.162801493907402e-08
	2.169187882789849e-08
	2.173704111343637e-08
	2.174675527743144e-08
	2.171645006147182e-08
	2.165377678677751e-08
	2.158316825591316e-08
	2.152910216054755e-08
	2.148363387694457e-08
	2.142902252775099e-08
	2.137609073908922e-08
	2.130431561285648e-08
	2.120323518373123e-08
	2.108935488853296e-08
	2.099163719899663e-08
	2.092666244040928e-08
	2.08962002350176e-08
	2.088348282369099e-08
	2.089485345470453e-08
	2.092239538143082e-08
	2.09367839770123e-08
	2.094432395765571e-08
	2.095318222772368e-08
	2.097478234829865e-08
	2.100176809539855e-08
	2.101299020978392e-08
	2.099687651191281e-08
	2.0939075295627e-08
	2.083549425572731e-08
	2.070805016385016e-08
	2.05835221648342e-08
	2.048812576343063e-08
	2.043208843541812e-08
	2.040671008119973e-08
	2.039866084823396e-08
	2.040147081865133e-08
	2.040759286327688e-08
	2.041127931171823e-08
	2.041999742639686e-08
	2.044238114325532e-08
	2.047645441130094e-08
	2.052254531397836e-08
	2.057589455190103e-08
	2.062520293514115e-08
	2.064581389917157e-08
	2.061451699877786e-08
	2.052646714911446e-08
	2.040862125265285e-08
	2.029766435351272e-08
	2.02239376574333e-08
	2.019316097282161e-08
	2.01877026656163e-08
	2.019029065430118e-08
	2.01942785089724e-08
	2.021311177553479e-08
	2.026608833352542e-08
	2.036220748773221e-08
	2.049531164543729e-08
	2.064893315164043e-08
	2.081041108271238e-08
	2.094813483831739e-08
	2.103249731648496e-08
	2.107836343766388e-08
	2.109528022107982e-08
	2.109310717354149e-08
	2.108820000992317e-08
	2.108996729126652e-08
	2.109652766094589e-08
	2.111327163678469e-08
	2.113270179212687e-08
	2.114227589124797e-08
	2.115164530389959e-08
	2.116646929680662e-08
	2.11851851612139e-08
	2.118438915788634e-08
	2.113790147673035e-08
	2.106988081670843e-08
	2.100377787071011e-08
	2.096661018008872e-08
	2.097306060933624e-08
	2.100010693291022e-08
	2.102777523093509e-08
	2.104168011508223e-08
	2.103720749279441e-08
	2.101670412380736e-08
	2.099519892081736e-08
	2.097705391935105e-08
	2.096295967627362e-08
	2.093551340117378e-08
	2.088987431272355e-08
	2.084647287559703e-08
	2.081588836955194e-08
	2.08158921469739e-08
	2.083715821206859e-08
	2.085904329969003e-08
	2.087639685569547e-08
	2.089388277887431e-08
	2.091419067029056e-08
	2.092565544196154e-08
	2.092842548425387e-08
	2.091923143780315e-08
	2.090221746581183e-08
	2.090291117580867e-08
	2.092105350785425e-08
	2.093073631177553e-08
	2.090504548409447e-08
	2.083916835024668e-08
	2.075376685456664e-08
	2.068930658924071e-08
	2.064104564815984e-08
	2.061208089381397e-08
	2.061358783710468e-08
	2.065301875377134e-08
	2.071694482504931e-08
	2.079219078213823e-08
	2.086855055373015e-08
	2.092912768173617e-08
	2.097740151637567e-08
	2.101917989811836e-08
	2.107025348242138e-08
	2.112877216685273e-08
	2.118346528634594e-08
	2.120411086820245e-08
	2.119454670087984e-08
	2.119420928525172e-08
	2.122242630181015e-08
	2.129036350871738e-08
	2.138246983435688e-08
	2.146840107258439e-08
	2.152910139880995e-08
	2.155413226124426e-08
	2.155318800717952e-08
	2.153040945917531e-08
	2.150954452742933e-08
	2.149964507102642e-08
	2.150160164537067e-08
	2.151109289589055e-08
	2.152734000278636e-08
	2.153775766365451e-08
	2.154634984330846e-08
	2.155545124351643e-08
	2.156929377072716e-08
	2.157442029604564e-08
	2.156195679585165e-08
	2.154707958399535e-08
	2.154302734215092e-08
	2.157555292383932e-08
	2.163950016480241e-08
	2.173243330150953e-08
	2.183891992633262e-08
	2.19218100270487e-08
	2.197111747807489e-08
	2.198315319268371e-08
	2.197206762068199e-08
	2.194883383170529e-08
	2.191667588513289e-08
	2.187981433563056e-08
	2.183444433320114e-08
	2.177540030815511e-08
	2.172327268193807e-08
	2.169260583444311e-08
	2.167901179328397e-08
	2.167067764471569e-08
	2.165933778932056e-08
	2.16312885720664e-08
	2.159563135820329e-08
	2.157426912365737e-08
	2.156787954582357e-08
	2.156701816987772e-08
	2.157340531289371e-08
	2.157879953320373e-08
	2.158364653159133e-08
	2.158367812900858e-08
	2.156700794364819e-08
	2.155171333120374e-08
	2.154532023418925e-08
	2.154333406871489e-08
	2.154399956940517e-08
	2.155356564150234e-08
	2.156125835755082e-08
	2.157198973791955e-08
	2.158365308106307e-08
	2.157937159523752e-08
	2.155742364162277e-08
	2.15129962830379e-08
	2.146125139096366e-08
	2.141326742729768e-08
	2.137225026337362e-08
	2.134801304777161e-08
	2.133740876986581e-08
	2.134371546708564e-08
	2.136775626061446e-08
	2.140444217473375e-08
	2.144687351626649e-08
	2.148731180155198e-08
	2.150923851594754e-08
	2.150400916596394e-08
	2.147254093412722e-08
	2.142387478040064e-08
	2.136647604290517e-08
	2.132238262395701e-08
	2.129777031220909e-08
	2.129243865118174e-08
	2.129907185673944e-08
	2.12957718890939e-08
	2.128552670895108e-08
	2.125957103724694e-08
	2.121677750681439e-08
	2.11648644000853e-08
	2.111355638411763e-08
	2.106671636931516e-08
	2.103103635965254e-08
	2.100749606009156e-08
	2.099237640591872e-08
	2.098124860539569e-08
	2.098164813201334e-08
	2.09887976837434e-08
	2.100237663333661e-08
	2.102049685555779e-08
	2.103719047163743e-08
	2.104163874882523e-08
	2.102670646763902e-08
	2.099758280257556e-08
	2.095540928092638e-08
	2.089054753138428e-08
	2.081955230417721e-08
	2.076537463726253e-08
	2.073619071148331e-08
	2.071043422447704e-08
	2.067441236681042e-08
	2.061833806978045e-08
	2.055694340396562e-08
	2.051394209345373e-08
	2.051117797879009e-08
	2.055147365082694e-08
	2.060894152791618e-08
	2.067630911968741e-08
	2.07554237865057e-08
	2.083095996980354e-08
	2.090013831817305e-08
	2.095580047158097e-08
	2.099497976580829e-08
	2.102985043391707e-08
	2.107685609974018e-08
	2.113864996829067e-08
	2.119501591335894e-08
	2.122439431029706e-08
	2.121355704007986e-08
	2.117163092575915e-08
	2.112241205517297e-08
	2.109663550896366e-08
	2.109384443071564e-08
	2.110007724797595e-08
	2.111392790107093e-08
	2.112882103302873e-08
	2.11281064933796e-08
	2.110473979231564e-08
	2.107028585120501e-08
	2.103884879734447e-08
	2.101625621874837e-08
	2.099232719614735e-08
	2.09706849677658e-08
	2.097213001730026e-08
	2.099134123152622e-08
	2.100036709151802e-08
	2.098374664852369e-08
	2.096508055103154e-08
	2.096894912974522e-08
	2.099776442211692e-08
	2.10322764728467e-08
	2.106127464103028e-08
	2.107504928640551e-08
	2.10729510612941e-08
	2.106215220743864e-08
	2.105319240393432e-08
	2.105333423807014e-08
	2.104459299234612e-08
	2.103124297333217e-08
	2.100245592973197e-08
	2.095135416444395e-08
	2.088167737649706e-08
	2.082291409937772e-08
	2.078822260497133e-08
	2.077360242930071e-08
	2.076806700565417e-08
	2.077938029447366e-08
	2.080614902439778e-08
	2.083156287144867e-08
	2.084601797626052e-08
	2.083047736150777e-08
	2.078194925916992e-08
	2.070801297330472e-08
	2.061915005533522e-08
	2.053826951870936e-08
	2.048529613077516e-08
	2.045061448317125e-08
	2.042736238373894e-08
	2.040732535470964e-08
	2.038961467955209e-08
	2.037254531056233e-08
	2.036241387484594e-08
	2.036864162780001e-08
	2.039017817579397e-08
	2.041579188563463e-08
	2.042292257879904e-08
	2.041958655384476e-08
	2.041423676971662e-08
	2.040770115012795e-08
	2.040500707699923e-08
	2.040798276968717e-08
	2.041184157759375e-08
	2.040473988761961e-08
	2.039347125787072e-08
	2.037552469294148e-08
	2.035257214248266e-08
	2.033215864345307e-08
	2.032941883135013e-08
	2.033755131758932e-08
	2.033346798294018e-08
	2.032211479017437e-08
	2.031153465510281e-08
	2.030944327736699e-08
	2.03232794971133e-08
	2.035522078569656e-08
	2.039365388616899e-08
	2.042745672963937e-08
	2.045155766057304e-08
	2.047483449884922e-08
	2.050391864960749e-08
	2.052959509350192e-08
	2.056270205631279e-08
	2.062710772598909e-08
	2.071475335389755e-08
	2.081572111749756e-08
	2.090850791922497e-08
	2.096639467796243e-08
	2.098826415120317e-08
	2.098334794315465e-08
	2.096366356270521e-08
	2.095438973536654e-08
	2.095929948724498e-08
	2.097495216758791e-08
	2.098002334328177e-08
	2.096483204604756e-08
	2.093821480783988e-08
	2.092709348089483e-08
	2.093997925547321e-08
	2.097903158687181e-08
	2.100893844365591e-08
	2.100374335725703e-08
	2.096849185848676e-08
	2.093936057308161e-08
	2.092869956253623e-08
	2.092922818598662e-08
	2.093400126726296e-08
	2.095137828642691e-08
	2.098984296856299e-08
	2.103160122834013e-08
	2.105921848872702e-08
	2.106672433038332e-08
	2.106746205753917e-08
	2.107805206056883e-08
	2.10943866039458e-08
	2.10985475555773e-08
	2.10951387202268e-08
	2.108907664264263e-08
	2.108162427678554e-08
	2.105422814110097e-08
	2.10160394900933e-08
	2.098159412509176e-08
	2.096138744031903e-08
	2.097415333726039e-08
	2.101293704765521e-08
	2.106852789000184e-08
	2.113757400450065e-08
	2.119783721254513e-08
	2.124067661458611e-08
	2.126323819611597e-08
	2.127166614516486e-08
	2.128042638963148e-08
	2.128259384570494e-08
	2.126528515830023e-08
	2.121775754387886e-08
	2.115476162681836e-08
	2.11071972141444e-08
	2.109771990002458e-08
	2.112740415339273e-08
	2.117785657695302e-08
	2.122657636353292e-08
	2.125937104949317e-08
	2.126398626456259e-08
	2.124774694397048e-08
	2.121601224878807e-08
	2.117769921458189e-08
	2.115604239399197e-08
	2.118079372258212e-08
	2.125769932430227e-08
	2.136153761105513e-08
	2.147288575256025e-08
	2.157364761686682e-08
	2.164304526673592e-08
	2.167334175931251e-08
	2.167481646817297e-08
	2.166308883546687e-08
	2.163707137389314e-08
	2.159681812156368e-08
	2.153945420995612e-08
	2.146753481088007e-08
	2.139711744509475e-08
	2.133405702339807e-08
	2.127284237338226e-08
	2.120501922890747e-08
	2.113456215309237e-08
	2.107975878110195e-08
	2.104798742041889e-08
	2.102443415221587e-08
	2.100326489346932e-08
	2.0988057245803e-08
	2.098000902157926e-08
	2.098758384929078e-08
	2.101040084122385e-08
	2.103247402926544e-08
	2.104194189248129e-08
	2.104813112924223e-08
	2.105577173815062e-08
	2.105531528026078e-08
	2.105140630796293e-08
	2.105236649271919e-08
	2.107445795147218e-08
	2.110304753876714e-08
	2.114817167894544e-08
	2.121009102294001e-08
	2.12712223454847e-08
	2.132369433821949e-08
	2.137927391876411e-08
	2.143978318038452e-08
	2.149093138172405e-08
	2.152526682694703e-08
	2.154202811454671e-08
	2.15384009094905e-08
	2.152122838142877e-08
	2.150153648306028e-08
	2.148262465894766e-08
	2.14675197049014e-08
	2.144990624128702e-08
	2.142264608582133e-08
	2.140208662326828e-08
	2.138964020070319e-08
	2.138518020412384e-08
	2.139238146668222e-08
	2.141733448332355e-08
	2.146982666352624e-08
	2.155317272910019e-08
	2.165721988192995e-08
	2.17616499504338e-08
	2.184061672620243e-08
	2.190079724351597e-08
	2.196433451479495e-08
	2.203511357169938e-08
	2.211095393295689e-08
	2.216830510275586e-08
	2.220523278921175e-08
	2.222583113737501e-08
	2.224405384583074e-08
	2.226857570274936e-08
	2.2302970596763e-08
	2.232823842358217e-08
	2.234130940816216e-08
	2.236062868175991e-08
	2.238781463276586e-08
	2.242515419840979e-08
	2.24783558838339e-08
	2.253274043918053e-08
	2.255687726803289e-08
	2.253663266261621e-08
	2.249205095961204e-08
	2.245939385450384e-08
	2.245056321559831e-08
	2.246102187994909e-08
	2.247015148167652e-08
	2.247696231807691e-08
	2.247648817964435e-08
	2.246196795755797e-08
	2.242118305611334e-08
	2.236918463160319e-08
	2.231705378714932e-08
	2.226853204174412e-08
	2.223537081007637e-08
	2.222096826515737e-08
	2.221082851629589e-08
	2.21978724170611e-08
	2.217999750988982e-08
	2.21682493417231e-08
	2.21552893551876e-08
	2.213704193241485e-08
	2.210905411113368e-08
	2.208808700303002e-08
	2.209156932681436e-08
	2.211434040947573e-08
	2.214114392335225e-08
	2.217146814822385e-08
	2.219522703094798e-08
	2.221841248589112e-08
	2.22341056614931e-08
	2.225262051282513e-08
	2.22879338247243e-08
	2.23213873431622e-08
	2.234211945248192e-08
	2.235562791218815e-08
	2.237421523994608e-08
	2.238998223258851e-08
	2.24036140101769e-08
	2.241283586560457e-08
	2.240837079027713e-08
	2.238865727879632e-08
	2.235898800161554e-08
	2.232150879734279e-08
	2.227941944324676e-08
	2.223795150717067e-08
	2.219278256294347e-08
	2.215269830573012e-08
	2.212530651245056e-08
	2.211677407101725e-08
	2.21266504750066e-08
	2.215129102269557e-08
	2.217540169106012e-08
	2.217294236964812e-08
	2.213730376785734e-08
	2.208358933134433e-08
	2.202941943967918e-08
	2.198695433904755e-08
	2.196489461655736e-08
	2.197652812385963e-08
	2.198557985301423e-08
	2.196216032964596e-08
	2.192186632758115e-08
	2.188544816871497e-08
	2.187347003741292e-08
	2.188849687003746e-08
	2.190733318866717e-08
	2.192987306254414e-08
	2.19758348282818e-08
	2.203924439968724e-08
	2.211076339854613e-08
	2.218027218225153e-08
	2.223167159467931e-08
	2.225219395945019e-08
	2.224091579365143e-08
	2.22070413448669e-08
	2.217410845926658e-08
	2.214749743168684e-08
	2.213280254398101e-08
	2.212415111109944e-08
	2.210245659328328e-08
	2.205409057288343e-08
	2.199940365782708e-08
	2.196078849228138e-08
	2.195650558587697e-08
	2.196460811699538e-08
	2.197325026209764e-08
	2.197376484025402e-08
	2.196590841993512e-08
	2.198123394861955e-08
	2.201615304324169e-08
	2.20707337356345e-08
	2.215416767316838e-08
	2.225726112961112e-08
	2.235954172712514e-08
	2.24399210481519e-08
	2.247899563531447e-08
	2.24857912645614e-08
	2.246521679040316e-08
	2.243292395272093e-08
	2.239911827369976e-08
	2.237462797679144e-08
	2.234921733532898e-08
	2.229968614435759e-08
	2.220339924525393e-08
	2.205465712598205e-08
	2.188394881381287e-08
	2.172941913442418e-08
	2.159727677375467e-08
	2.148750836423196e-08
	2.139727619850599e-08
	2.130539193938427e-08
	2.121744915343601e-08
	2.116066916773348e-08
	2.113635372633922e-08
	2.113013856249415e-08
	2.114283032943671e-08
	2.118533492739467e-08
	2.124688557330509e-08
	2.130382961732816e-08
	2.132978807594442e-08
	2.131605739478086e-08
	2.126416892430442e-08
	2.118541098565347e-08
	2.11044172246282e-08
	2.104924015237189e-08
	2.104449421793468e-08
	2.106831077821887e-08
	2.10866305891011e-08
	2.108175995403172e-08
	2.106628595188602e-08
	2.104320124256142e-08
	2.101927406849959e-08
	2.100989591204144e-08
	2.101059253089259e-08
	2.102277395187433e-08
	2.104476331098554e-08
	2.106031884665429e-08
	2.107554953770513e-08
	2.109091474702448e-08
	2.11088413808597e-08
	2.112248666294728e-08
	2.113868491578173e-08
	2.116500693436011e-08
	2.118875797029785e-08
	2.121355616062763e-08
	2.125017156839143e-08
	2.132034453007618e-08
	2.142258059021378e-08
	2.152196922623934e-08
	2.158349912535701e-08
	2.160803795915095e-08
	2.160000499547735e-08
	2.157919654277747e-08
	2.156161280266572e-08
	2.155405460637312e-08
	2.158030810928382e-08
	2.164033610272568e-08
	2.171563442104067e-08
	2.179421636321384e-08
	2.186766510411605e-08
	2.194325182919836e-08
	2.2002230915676e-08
	2.203745596777249e-08
	2.203973056401831e-08
	2.20078330946344e-08
	2.194358298291623e-08
	2.187770176142399e-08
	2.183449511352816e-08
	2.180895316744272e-08
	2.177222298717918e-08
	2.169037119379885e-08
	2.156391419727556e-08
	2.143612271791692e-08
	2.134607308164654e-08
	2.130569304818222e-08
	2.131490419107631e-08
	2.135802614741753e-08
	2.140892937453948e-08
	2.144093518141179e-08
	2.14388356674325e-08
	2.140497322994848e-08
	2.135648905055286e-08
	2.12980502650803e-08
	2.124447354189733e-08
	2.121882613339924e-08
	2.121830416954719e-08
	2.123677051885105e-08
	2.127528263480848e-08
	2.134163084436901e-08
	2.142690086906153e-08
	2.152665238682759e-08
	2.163346515458849e-08
	2.173511852781398e-08
	2.181876168237198e-08
	2.190519896108368e-08
	2.199896937959348e-08
	2.20896012313896e-08
	2.216079982290577e-08
	2.219613793090154e-08
	2.220454859581475e-08
	2.220100034352342e-08
	2.219648324267484e-08
	2.219639324835354e-08
	2.22008268882264e-08
	2.219110738638352e-08
	2.214913131481092e-08
	2.209542281074011e-08
	2.203036494725801e-08
	2.196561216052921e-08
	2.190841234716833e-08
	2.187573104314482e-08
	2.186064933124167e-08
	2.1835613665185e-08
	2.180274359998247e-08
	2.177889511514854e-08
	2.178343503412424e-08
	2.181413764984688e-08
	2.187001457297862e-08
	2.194091322682726e-08
	2.202263373175875e-08
	2.210920909911361e-08
	2.219879663013012e-08
	2.227473357202554e-08
	2.231589503533489e-08
	2.234970582170211e-08
	2.238925134381021e-08
	2.242867664247615e-08
	2.244317296282706e-08
	2.242088017944324e-08
	2.235676906087938e-08
	2.226823503819845e-08
	2.218872979246631e-08
	2.213870447448383e-08
	2.210703574594855e-08
	2.207885693616608e-08
	2.205158995758369e-08
	2.203747763231833e-08
	2.204641809014486e-08
	2.209295530718491e-08
	2.216270246691832e-08
	2.221274910438341e-08
	2.222897304671728e-08
	2.221628802054532e-08
	2.218491920348384e-08
	2.213740844314704e-08
	2.209009987501926e-08
	2.206337950815969e-08
	2.207158803630303e-08
	2.211042879422694e-08
	2.216547946919762e-08
	2.222639755206806e-08
	2.228958205218371e-08
	2.23430465181791e-08
	2.237348195505949e-08
	2.236320087327606e-08
	2.231957111208867e-08
	2.224957261288411e-08
	2.216668061506383e-08
	2.208192333479697e-08
	2.199667544983666e-08
	2.191219714989292e-08
	2.183344553545761e-08
	2.177759680790698e-08
	2.174979625206707e-08
	2.174314744227023e-08
	2.174680942804e-08
	2.174520846478875e-08
	2.173245794653364e-08
	2.170353192929645e-08
	2.166438025485237e-08
	2.162899349290685e-08
	2.160027355973287e-08
	2.158674687423283e-08
	2.159081243578709e-08
	2.160781992036437e-08
	2.16338665508851e-08
	2.16657139428704e-08
	2.168948379130749e-08
	2.169740403200612e-08
	2.169026345455313e-08
	2.167354463083757e-08
	2.164581857091956e-08
	2.162548766275936e-08
	2.161831206180289e-08
	2.162389599311689e-08
	2.164349510970608e-08
	2.164948949727771e-08
	2.163169141274081e-08
	2.159507270652582e-08
	2.154849626990674e-08
	2.148915732091719e-08
	2.142433774603445e-08
	2.13710655003067e-08
	2.135436026226662e-08
	2.138429286012146e-08
	2.144105089427533e-08
	2.151784006287146e-08
	2.160981634632311e-08
	2.171158961253165e-08
	2.180660460685977e-08
	2.188280377782133e-08
	2.195064499843014e-08
	2.201426306814459e-08
	2.206699891062115e-08
	2.209570768120782e-08
	2.208786603413369e-08
	2.20484684779008e-08
	2.197394789188437e-08
	2.186958935246775e-08
	2.176834325168178e-08
	2.168463499700285e-08
	2.16288729258743e-08
	2.159000148485194e-08
	2.15545013919565e-08
	2.152327187656614e-08
	2.15061293196447e-08
	2.15111905178506e-08
	2.153488610948527e-08
	2.15737443525117e-08
	2.161820662451724e-08
	2.16622377260351e-08
	2.169548005840113e-08
	2.170671635500974e-08
	2.168328898444332e-08
	2.164877590554379e-08
	2.162164916505837e-08
	2.16035772747152e-08
	2.158154359570592e-08
	2.155910100920507e-08
	2.154131915385803e-08
	2.151283132262822e-08
	2.146116442870609e-08
	2.139700667171181e-08
	2.133604730739432e-08
	2.126646199576866e-08
	2.12014181560869e-08
	2.114059824013031e-08
	2.109294152472221e-08
	2.106781902339754e-08
	2.107521714775776e-08
	2.110655661027791e-08
	2.115484320040668e-08
	2.120241289447061e-08
	2.123023110158953e-08
	2.124264513819115e-08
	2.125099825793622e-08
	2.126873954145744e-08
	2.130374648876583e-08
	2.134158960305064e-08
	2.137575948140311e-08
	2.140751318795651e-08
	2.144208343899594e-08
	2.146044737050012e-08
	2.144511703795288e-08
	2.141312369112823e-08
	2.137486873506187e-08
	2.133643643924622e-08
	2.130480598991053e-08
	2.130436548311188e-08
	2.135835920986847e-08
	2.146360275954109e-08
	2.158970737623006e-08
	2.17126172719951e-08
	2.181653328543404e-08
	2.189343634913712e-08
	2.196404244569251e-08
	2.203334111186175e-08
	2.209991125232455e-08
	2.21627976068437e-08
	2.222216586782e-08
	2.227579526182427e-08
	2.232104351628171e-08
	2.234377704529812e-08
	2.233059212786653e-08
	2.227318943080224e-08
	2.218074435704307e-08
	2.207603086284539e-08
	2.198182559076057e-08
	2.190037690952146e-08
	2.184766912629102e-08
	2.181831422625803e-08
	2.180594860363305e-08
	2.180510247319572e-08
	2.181136737039461e-08
	2.181606075558555e-08
	2.182754404810871e-08
	2.185471470149423e-08
	2.189296580432931e-08
	2.193303472380444e-08
	2.19541507294327e-08
	2.194467195896652e-08
	2.190932792197725e-08
	2.186192431670242e-08
	2.17972447022646e-08
	2.172961122390782e-08
	2.165953631807231e-08
	2.158563241990487e-08
	2.151565801846154e-08
	2.144076753275912e-08
	2.135174549823455e-08
	2.126572510654464e-08
	2.118835363248884e-08
	2.111884714617821e-08
	2.106657729748993e-08
	2.104838494255057e-08
	2.106975456851578e-08
	2.110886716191531e-08
	2.115376356417415e-08
	2.121076780807051e-08
	2.129116547330124e-08
	2.136737331180564e-08
	2.142556061271289e-08
	2.145557565297673e-08
	2.145308401604409e-08
	2.140077639775096e-08
	2.131949385467564e-08
	2.124511823032524e-08
	2.119622614661075e-08
	2.116841362424359e-08
	2.113947245455681e-08
	2.109436505825832e-08
	2.102606991197539e-08
	2.095515008567739e-08
	2.088819872674442e-08
	2.083377683810834e-08
	2.079107279424636e-08
	2.07661702437803e-08
	2.07683683808478e-08
	2.079660328103719e-08
	2.086929081644862e-08
	2.09788441390302e-08
	2.109758744350642e-08
	2.118354990124135e-08
	2.122139260649398e-08
	2.122699544838456e-08
	2.121792612969763e-08
	2.119841001422528e-08
	2.116951928214495e-08
	2.112489562917094e-08
	2.107314735082357e-08
	2.106513443064212e-08
	2.109370920336939e-08
