	0.0004938225860096939
	0.0004937074188315681
	0.0004940143466973685
	0.0004942130188207064
	0.0004938958648517298
	0.0004936366858114144
	0.0004941402455954237
	0.0004953573553262755
	0.0004967283594105548
	0.000498146224623914
	0.0004998398983685687
	0.0005022697997847562
	0.0005045825935008442
	0.000506268944955837
	0.0005076670190044392
	0.0005086111988551292
	0.000508866399641774
	0.0005092054058579058
	0.0005093245229606259
	0.0005088934113523595
	0.0005080726416486214
	0.0005069446954768293
	0.0005057689067100192
	0.000504747223151489
	0.0005043555986314421
	0.0005046262663358119
	0.0005053312321122213
	0.0005061592844388345
	0.000506748016150222
	0.0005071460150282612
	0.0005076429056313404
	0.0005084067260438948
	0.0005094844715228134
	0.0005109096838490607
	0.0005125160047414393
	0.0005141604787587641
	0.000515397966577197
	0.0005170140401321119
	0.000519312113802459
	0.0005221834097483777
	0.0005248687943028063
	0.0005272623349316289
	0.0005295100850233401
	0.0005315234253621153
	0.0005329180783778415
	0.0005335297443034824
	0.0005334728018014792
	0.0005327693243748486
	0.0005317346096441263
	0.0005303032558829593
	0.0005282308997226787
	0.0005257366812331377
	0.0005233617338309752
	0.0005214041510949617
	0.0005201513113400109
	0.0005193567583090489
	0.0005190054277619832
	0.0005189228906126641
	0.0005189912737789571
	0.0005191199990728578
	0.0005198271553317677
	0.0005214379719228484
	0.00052332924449549
	0.0005249240896328056
	0.0005264974736179107
	0.0005276198213273136
	0.0005280196053381912
	0.0005280073505219395
	0.0005279193549008449
	0.0005279312691898205
	0.0005286134164494815
	0.0005300161428224243
	0.0005319394461629083
	0.0005343280876893304
	0.0005367431806166641
	0.0005389394875132134
	0.0005396692954154008
	0.0005394603039861403
	0.0005396300147558124
	0.0005403843933327652
	0.0005423440322460157
	0.0005456145034104848
	0.00054984389467618
	0.0005539309187172239
	0.0005590895949353787
	0.0005642226247901176
	0.0005678008191285548
	0.0005698109048982711
	0.0005708064567177336
	0.0005709451776339628
	0.0005704164614245695
	0.0005688342120761414
	0.0005665590709384149
	0.0005641153497781687
	0.0005615052547937845
	0.0005588416741191745
	0.0005561096504515818
	0.0005536701528262207
	0.0005518499371225365
	0.000550395250522927
	0.0005493354408634525
	0.0005487102836173512
	0.0005479113322932397
	0.0005474724848583154
	0.0005480792176360697
	0.0005501236381237391
	0.0005532928012991397
	0.000556662479200873
	0.0005596172128179602
	0.0005616858164638708
	0.0005624193155105535
	0.0005618879986378438
	0.0005606562141188286
	0.0005593807729591369
	0.0005586299209405379
	0.0005582014114309058
	0.0005575579323802459
	0.0005562897228086022
	0.0005546727943722676
	0.0005525933360128489
	0.00055011138411506
	0.0005475589894503573
	0.0005450323511378968
	0.0005424895005417811
	0.0005401259047714476
	0.0005376916425876871
	0.0005356193147377649
	0.0005338910277231059
	0.0005326248867787615
	0.0005321076043205392
	0.0005321336453585877
	0.0005325721023803901
	0.0005332757479142354
	0.0005337963174283135
	0.0005338123235743126
	0.000533328341473994
	0.0005320993456805574
	0.0005304304696841076
	0.0005282545224102775
	0.0005253798058515945
	0.0005217110457583042
	0.0005172214926291036
	0.0005122171130561427
	0.0005072753537721486
	0.0005026689409644825
	0.0004982822925066686
	0.0004941282979335893
	0.0004906386446199272
	0.0004876925037005007
	0.0004852578450955643
	0.0004832949045263014
	0.0004811776861478515
	0.0004789621733995734
	0.0004770292844436989
	0.0004757428692259666
	0.0004747753678699034
	0.0004740187137838749
	0.0004731461306309838
	0.0004723826708764641
	0.0004715988445209732
	0.0004707012682699723
	0.0004697288786704033
	0.0004686021646968626
	0.0004672009415363039
	0.0004655298897425159
	0.000463860272864166
	0.0004625015043578102
	0.0004612849041827448
	0.0004602628963463184
	0.0004597598152959175
	0.0004596610630662294
	0.0004601649409679468
	0.0004608617779334499
	0.0004613135664949004
	0.0004613085414261026
	0.0004610217744108583
	0.0004605605825333051
	0.0004600929909211015
	0.0004600362578766813
	0.0004604441518041181
	0.0004610608935342444
	0.0004619822951642648
	0.0004634715804484222
	0.0004653677158539568
	0.0004671341530706085
	0.0004687512952860183
	0.0004702867641911095
	0.0004715573953763397
	0.0004724748058421791
	0.0004723550959461552
	0.0004712253906711977
	0.0004699908452351246
	0.0004690785342969539
	0.0004680730200904438
	0.0004667431904994571
	0.0004654586329411143
	0.000464610207607692
	0.0004641341736092211
	0.000463486671056933
	0.0004622081306576251
	0.0004608740863388763
	0.0004597225972571667
	0.000458753327925504
	0.0004574886990322512
	0.0004559125717086952
	0.0004545383662049538
	0.0004539228156063932
	0.0004540712534782453
	0.0004546159893680488
	0.0004552386788397278
	0.0004557614196640873
	0.0004562020841187294
	0.0004565711339253406
	0.000457137357557202
	0.0004580922808567024
	0.0004596034513528214
	0.0004612725993234077
	0.0004630949183708516
	0.0004647465779235405
	0.0004660023129065659
	0.000466190863717135
	0.0004648484492190404
	0.000462907281464265
	0.0004610312030191249
	0.0004591123011355458
	0.0004576817048639081
	0.0004565645643346054
	0.000455574809757661
	0.0004548334449866672
	0.0004542952011132052
	0.0004540796462086693
	0.0004544921217029601
	0.0004552656801426568
	0.0004564156387881637
	0.0004577072960260864
	0.0004589313343627031
	0.0004599469487142491
	0.0004605685078924191
	0.0004611905890102695
	0.0004618883547385854
	0.0004621562321839241
	0.0004620558638642217
	0.0004617844835683259
	0.0004616061196474776
	0.00046133021281213
	0.0004614448362295673
	0.0004618057869030211
	0.0004622701819621236
	0.0004631060377969013
	0.0004644354546591044
	0.0004659485123367129
	0.000467645762836389
	0.0004699965066581449
	0.0004734151257524963
	0.0004776341259348428
	0.0004820846647135443
	0.0004860521879201098
	0.0004894471637450702
	0.0004925531616988279
	0.000495606720496553
	0.0004985312361945904
	0.0005009987000022776
	0.0005029542155979572
	0.000504428311784364
	0.0005053638308197108
	0.0005062226681244238
	0.0005071240303116574
	0.0005077624851641806
	0.0005079272027620202
	0.0005075714488673989
	0.0005067901861871106
	0.0005060293403936202
	0.0005050940125843717
	0.0005036775087012485
	0.0005020528895091796
	0.0005009419856688408
	0.0005003113835428082
	0.0005001752468367045
	0.0005008035478195943
	0.0005020377836613587
	0.0005036792014197214
	0.0005052296426940969
	0.0005063059983971788
	0.0005069235089989035
	0.0005073960362575482
	0.0005075160820268026
	0.0005074504732283161
	0.0005074387616783912
	0.0005070005335007824
	0.0005063495999291369
	0.0005058677846274161
	0.0005050763377366883
	0.0005042680181142772
	0.0005032481292689825
	0.0005018893117340868
	0.0005001223507039544
	0.0004976733097023829
	0.0004951250870418661
	0.0004928961261421628
	0.0004904032176234546
	0.0004869973614347101
	0.0004833932630389098
	0.0004804035455794282
	0.000478260729192318
	0.0004768855265479173
	0.0004759023974070487
	0.0004745470872828945
	0.0004730604137312895
	0.0004717448377925145
	0.0004706136135629032
	0.000469438374504316
	0.000468109853253127
	0.0004669768770629416
	0.0004658601762440076
	0.0004643418082944601
	0.0004623947614878071
	0.0004605707429802434
	0.0004593438365235427
	0.0004591776238570461
	0.0004591889470951885
	0.000458967653338368
	0.0004585320910620097
	0.0004584113629138859
	0.00045861626894783
	0.00045892032634922
	0.000459048909311481
	0.0004591858629073826
	0.0004595099413693855
	0.0004602564553575967
	0.000461376202235158
	0.0004631896820057213
	0.0004649226276874572
	0.0004661565113671175
	0.000466898311205233
	0.0004674189430737726
	0.0004677457599941006
	0.0004678079701279854
	0.0004673772169728321
	0.0004668091472946765
	0.0004662226657282414
	0.0004659924304629977
	0.0004665443120181065
	0.0004676882399164918
	0.0004690997537800188
	0.000470562265790573
	0.0004717903642390916
	0.0004727073613404802
	0.0004734858833276829
	0.0004742584695121613
	0.0004749918109797057
	0.0004755276262063136
	0.0004757213418597071
	0.0004759963687862925
	0.0004764633859702813
	0.0004772898033174383
	0.0004788016030627133
	0.0004806275884921127
	0.0004825633813100135
	0.0004844488450528382
	0.0004864995266395299
	0.0004883799662161147
	0.0004897110979239461
	0.0004904489173868222
	0.0004910301244027236
	0.000491417346471865
	0.0004914153290882487
	0.0004907249015760467
	0.0004899509114722539
	0.000488949932665731
	0.0004872555058757464
	0.0004856517982990561
	0.0004843790679157565
	0.0004833241583633621
	0.0004823798092177492
	0.0004816474504231048
	0.0004814724807401507
	0.0004816781436189663
	0.0004822177327999732
	0.0004836906507941475
	0.0004858457727059097
	0.0004884878046381414
	0.0004914204767055657
	0.0004947519724016776
	0.0004982026381473455
	0.0005006275955982154
	0.0005017502074269897
	0.0005022964779893302
	0.0005024555414236029
	0.0005017784042150047
	0.0005004582525064594
	0.0004987121180688469
	0.000496691368954318
	0.0004948813647196809
	0.0004936842994822657
	0.0004930185613302997
	0.0004928349986715785
	0.0004927517124729968
	0.0004926615118232319
	0.0004925750361241754
	0.000493169216980475
	0.0004940503122940731
	0.0004950855628013972
	0.0004963039886133764
	0.0004970746108518329
	0.0004970237143996518
	0.0004966963626983095
	0.0004967116327762818
	0.0004969274861477861
	0.0004968235461640016
	0.0004963348037229383
	0.0004956201307238182
	0.0004948308679009633
	0.0004942123706695661
	0.0004935130057538763
	0.0004925521460480558
	0.0004916086959361432
	0.0004908628869724035
	0.000490144882455856
	0.0004893475201756856
	0.0004878120222071762
	0.0004855061502672894
	0.0004827095795596374
	0.0004800945792550756
	0.0004779763080935164
	0.00047650987367706
	0.0004751087676029088
	0.0004738446331979462
	0.0004724069251974959
	0.0004707372482497963
	0.0004691245064243184
	0.0004679580063996103
	0.0004673606876266687
	0.0004670084587792591
	0.000466680829098268
	0.0004662629097175194
	0.0004657437393530375
	0.0004648967360145944
	0.0004639802078557401
	0.0004631243537102603
	0.0004620215205312561
	0.0004605351946857562
	0.0004589489936209542
	0.0004570751922624597
	0.0004552473700918205
	0.0004538903828241817
	0.0004529231516223382
	0.0004526700878932032
	0.0004532220376260078
	0.0004547207344810668
	0.0004565689881903292
	0.0004585657023009172
	0.0004611397005886676
	0.0004642874035042357
	0.0004676616898949079
	0.0004703185544588363
	0.000471982244314173
	0.0004735680644937312
	0.0004753392994348368
	0.0004768716009259378
	0.0004780793005580598
	0.0004787169730867268
	0.000479114691801053
	0.0004792666507153591
	0.0004792133465113044
	0.0004789848026681857
	0.0004784954561733936
	0.0004780980917827128
	0.0004779877311775305
	0.00047780305098284
	0.000477419846644266
	0.0004767679435382973
	0.00047561896120826
	0.0004741110956675124
	0.000472526839333008
	0.0004709536172363482
	0.0004695425543928327
	0.0004682406082310962
	0.0004669768891633388
	0.0004662219262000818
	0.0004660062965921282
	0.0004664635441242797
	0.0004673866880149177
	0.0004685905779237436
	0.0004699525511542768
	0.0004716538602257731
	0.0004738626503987606
	0.000475920920187503
	0.000477604037231934
	0.0004788544524633594
	0.0004793832941331621
	0.00047967858757483
	0.000480024014724619
	0.0004802990946063253
	0.0004806117555920893
	0.0004806064255765924
	0.0004800740621433908
	0.0004789251709363341
	0.0004775222260205834
	0.0004758939634989655
	0.0004740039270837439
	0.0004717213356242298
	0.0004694186126074865
	0.0004671213303493926
	0.0004651378966904528
	0.0004636992886125385
	0.0004627812643709285
	0.0004618416449278693
	0.0004609841603455981
	0.0004605794933916093
	0.0004608687651649078
	0.0004615894196060746
	0.0004624789810477834
	0.0004635313267108812
	0.0004646059271543942
	0.0004655939785122857
	0.0004661304860244495
	0.000466199262789953
	0.0004663211310074559
	0.000466824054038593
	0.0004677244985600924
	0.0004688536358768932
	0.0004701728535343447
	0.0004718178939079898
	0.0004736471536966781
	0.0004754407862785451
	0.0004772255611637761
	0.0004792298313316332
	0.0004815782230346476
	0.0004842063408443486
	0.0004872067841614743
	0.0004900856801212112
	0.0004923293720786851
	0.0004943648570500272
	0.000496575859301945
	0.0004990056769720041
	0.00050187268920668
	0.0005050226411629557
	0.0005078115816934147
	0.0005097372639541929
	0.0005106601281044959
	0.0005104823275458919
	0.000509560120996832
	0.0005084572771405431
	0.000507627101052545
	0.0005073026808640106
	0.0005073568502611674
	0.0005080739014991156
	0.0005091020338947114
	0.0005099696061927381
	0.0005105094630803999
	0.0005110860759804417
	0.0005116533756490013
	0.0005123189936017903
	0.0005130916407399426
	0.0005140162037352701
	0.0005149680076991939
	0.0005157495976827009
	0.0005166599515139127
	0.0005178567861019247
	0.0005192711350681411
	0.0005206875135854455
	0.0005223190638513161
	0.0005247539248652782
	0.0005277111547296912
	0.0005300952986854206
	0.0005314848367473414
	0.000532328131773178
	0.0005328181559688209
	0.0005322069282697355
	0.0005306006287915015
	0.0005285857039638834
	0.0005267988935840377
	0.0005254212173543372
	0.0005243529802247301
	0.000523530939867717
	0.000522509539700625
	0.0005211944392880602
	0.0005197854911683373
	0.0005184760890041789
	0.0005170573618615096
	0.0005162766259830372
	0.0005162075030450853
	0.0005165408383952191
	0.0005172901181897382
	0.0005180774149995506
	0.0005185025403369795
	0.0005187300362326118
	0.0005187074731876783
	0.0005186595690284014
	0.0005183878791112915
	0.0005176444170017695
	0.000516749243562162
	0.0005161926436640056
	0.0005158539629231291
	0.0005152341413185048
	0.0005143818285943356
	0.00051388217970327
	0.000513924725201527
	0.000514502431364121
	0.0005160822226961759
	0.0005183478855444068
	0.0005208352962544215
	0.0005232458759713192
	0.0005252474959935387
	0.0005266315433097076
	0.0005271473477713408
	0.0005265887773894851
	0.0005255050735921162
	0.0005244005536244643
	0.0005234846456583567
	0.0005234045711477589
	0.000524282684113874
	0.0005256106203501009
	0.0005271731665680445
	0.0005287346046237618
	0.0005300566300281086
	0.0005309550187139709
	0.0005315138479116004
	0.0005319608798476679
	0.0005324575006830423
	0.0005334389338851995
	0.0005349436558275997
	0.0005369685168745541
	0.0005392518527858768
	0.0005409366384031812
	0.0005417564317957485
	0.000542432965667418
	0.0005429869707338118
	0.0005435050393473923
	0.0005441217422470866
	0.0005451691145228489
	0.000546469229092455
	0.0005478171530826758
	0.0005492345617536869
	0.0005508199065175759
	0.0005522193594610043
	0.0005529584493040914
	0.0005535965942228413
	0.0005538670450346113
	0.0005535270808151485
	0.0005526464609800762
	0.0005513285641435249
	0.0005498845514834094
	0.0005488100528829369
	0.0005479514365246962
	0.0005476121492705728
	0.0005476912219954806
	0.0005477843679562148
	0.0005479267845617216
	0.0005478639061107215
	0.0005477806318219583
	0.0005482978306774466
	0.0005491676585787874
	0.0005499536774844991
	0.0005504304766979751
	0.0005509096060197223
	0.0005514596111584271
	0.0005519456371249882
	0.0005520909641426562
	0.0005524933064889588
	0.0005531013498885831
	0.000553193348802301
	0.000552248104893873
	0.0005502437177351724
	0.0005474063960164077
	0.0005438413446207411
	0.0005394194503733866
	0.0005349672027857115
	0.0005309417808609192
	0.000527814761886402
	0.0005257181556892376
	0.0005245641866622844
	0.0005240058764121632
	0.0005237086779713895
	0.0005234764566338294
	0.0005231316599373816
	0.0005230128856698656
	0.0005230272229782308
	0.0005230054689172785
	0.0005233844913757107
	0.0005240887205907066
	0.0005248805347661967
	0.000525092906601059
	0.0005245593897001337
	0.0005235366005407249
	0.0005223086093196878
	0.0005210277398495811
	0.0005201380421135196
	0.0005192586492903046
	0.0005182388740405984
	0.0005170226689313753
	0.0005158721979356383
	0.000515086402157016
	0.0005145614348239418
	0.0005145229519371461
	0.000514581046059276
	0.0005143436504291799
	0.0005141738090231844
	0.0005141559133878706
	0.0005139291429056003
	0.0005137989214188702
	0.0005134750570272667
	0.0005129837925812252
	0.0005124133838113656
	0.0005123692710967302
	0.0005128593864836312
	0.0005134935798865713
	0.0005145112346664321
	0.0005159817921612454
	0.0005174506085065101
	0.000518522018808325
	0.0005196407485519609
	0.0005204719444721245
	0.0005206582534515304
	0.000520156936450441
	0.000519379133838997
	0.0005182849736549911
	0.0005166828753421323
	0.0005146352442248989
	0.000512460007366135
	0.0005106020984942745
	0.0005091701437462797
	0.0005081680835498877
	0.0005072885313734451
	0.0005065010752868439
	0.0005058937335401682
	0.0005052572514382882
	0.000504717488014932
	0.0005044017907084585
	0.0005041059188348418
	0.0005039750805637131
	0.0005041106868830881
	0.000504048744202272
	0.0005039192444645824
	0.0005033587611158401
	0.0005026506352512627
	0.0005017870325376338
	0.000500475518588055
	0.0004990506650692283
	0.0004974590095777879
	0.0004961135238496504
	0.0004948415633414529
	0.0004933803498561132
	0.0004919613734538445
	0.000491168974042417
	0.000491183861511129
	0.0004915539053723172
	0.0004919821788331299
	0.0004923153770421912
	0.0004927108530316531
	0.0004933370260734451
	0.0004938124915671554
	0.0004940644065368066
	0.0004939078073951058
	0.000493072003949568
	0.0004913391638411713
	0.0004885807213160377
	0.0004850170082758673
	0.0004812131079163608
	0.0004772378743860343
	0.0004731883120447107
	0.0004695020779495048
	0.0004667068042494622
	0.000464730238356625
	0.000463079443770888
	0.0004615066034402601
	0.0004600138854797366
	0.0004589433311684642
	0.0004584570453095098
	0.0004587240902690127
	0.0004595421650484606
	0.0004606810401296271
	0.0004615878810264167
	0.0004618908509877084
	0.0004619764899266891
	0.0004619473174204415
	0.0004618648674241842
	0.0004616644298668585
	0.0004613815895775866
	0.0004611297644419825
	0.0004613657240079338
	0.0004621610411035102
	0.0004630700877205435
	0.0004638766715630147
	0.0004646245645269806
	0.0004656866393733499
	0.0004671881869482301
	0.0004688740575381725
	0.0004705529524447233
	0.0004726877149611382
	0.0004752258572018455
	0.0004772747482320271
	0.0004785877444413728
	0.0004791579866230161
	0.0004789416601433097
	0.0004782283661879054
	0.0004773865483040362
	0.0004768996506351803
	0.0004768033045699151
	0.0004768815611803596
	0.0004769845479223712
	0.0004773497856609938
	0.0004776802674889552
	0.0004778249395437374
	0.0004783143314061974
	0.0004790994525475971
	0.0004801707988006247
	0.0004809862030167457
	0.0004814143195546853
	0.000481849583117995
	0.0004825989840973076
	0.0004836481002627709
	0.0004847240980469238
	0.0004857500954055091
	0.0004867642390653089
	0.0004874252009261491
	0.0004875801600531714
	0.0004873545029376484
	0.0004869577867911801
	0.000486003569136587
	0.0004848092927430465
	0.0004837334360247659
	0.0004829754199174778
	0.0004829570305971724
	0.000483196451658067
	0.0004831778257442162
	0.0004827732416340007
	0.0004822454067291956
	0.0004819191589234955
	0.0004820358708070562
	0.0004826332892359787
	0.0004837589431987013
	0.0004847595661442869
	0.0004855024349050158
	0.0004858503776428839
	0.0004859872009797822
	0.0004861279704622195
	0.0004863756912119515
	0.0004865382962338244
	0.0004861113335020345
	0.0004848532931158102
	0.0004833092966228364
	0.0004823583448621259
	0.0004822236191707004
	0.0004829254554155902
	0.0004839454244382979
	0.0004851086338539906
	0.0004860381862067511
	0.0004867243214505059
	0.0004875614064184786
	0.0004888828168598225
	0.000490710573643726
	0.0004926279876472734
	0.0004947870020560213
	0.0004969303257093302
	0.0004988360906205098
	0.0005006418739179998
	0.0005026806625122518
	0.000504238110266801
	0.0005051143989194606
	0.0005056155373860482
	0.0005063220881705111
	0.0005072917947645032
	0.000508725344830403
	0.0005104617184181991
	0.0005117773480666694
	0.0005126547890452732
	0.0005128642225292756
	0.0005125407079728105
	0.0005115659995834031
	0.0005103283977458575
	0.0005084685388018654
	0.0005061517040969668
	0.0005036932583319929
	0.0005010381014752259
	0.0004983590307759634
	0.0004959152492007506
	0.0004939150706469676
	0.0004919109985811714
	0.0004896490538394386
	0.0004872659423086466
	0.0004849608721580986
	0.0004830789204797922
	0.0004823781161336313
	0.0004828320705404073
	0.0004841128393415689
	0.000486120180600998
	0.0004884869117998131
	0.0004908858410369532
	0.0004931866032150115
	0.0004950339263475349
	0.0004961834302276045
	0.0004968269898475856
	0.0004970414834170995
	0.0004964060620472658
	0.0004950042996959546
	0.0004934889071753856
	0.0004923175076343483
	0.0004903018288985787
	0.0004877909432489497
	0.0004860168647481598
	0.0004851287027355607
	0.0004849013301418407
	0.0004853813287181883
	0.000486808042807359
	0.000489121100927374
	0.0004917109008895538
	0.0004948696217141813
	0.0004988519467590765
	0.0005031089565851419
	0.0005074964123596005
	0.0005115616683134638
	0.0005147192567579233
	0.0005167769658285041
	0.000517794215654043
	0.0005181498608984339
	0.0005184750793697593
	0.0005188389753595679
	0.000518641972717825
	0.0005173851826126438
	0.0005157133749104563
	0.0005137746464335095
	0.0005119674123353396
	0.0005107081509124935
	0.0005100103649897331
	0.0005096654430344413
	0.0005097445657062368
	0.0005099662030007726
	0.0005101839593996372
	0.0005103764543835382
	0.0005104924916436
	0.0005109152825786162
	0.000511878060105178
	0.0005131873968738244
	0.0005146529432430621
	0.0005165491318501498
	0.0005179342797559497
	0.0005182593202040488
	0.000517790459087137
	0.0005174302112982132
	0.000517923410107003
	0.0005186292204645226
	0.0005190620142269881
	0.0005195079510869067
	0.0005202348936604145
	0.0005206717761396788
	0.0005208096646928376
	0.0005208867205198144
	0.000521563727476028
	0.0005223377809258279
	0.0005229437353024995
	0.000523654103967346
	0.0005240559824805675
	0.0005244717652483305
	0.0005248303473326089
	0.0005253522924081614
	0.0005258543713467525
	0.0005260993189743007
	0.0005260950182938212
	0.0005261445558438762
	0.0005267802700564628
	0.0005278966440173784
	0.0005295095143138326
	0.0005312126580394178
	0.0005323601005209051
	0.000533095496087039
	0.0005335108389248133
	0.0005336790676685172
	0.000533472298586278
	0.0005323162758545709
	0.0005306581108953224
	0.0005290188093536237
	0.0005269773182819685
	0.0005245437936633598
	0.0005223384325540674
	0.0005205707190976577
	0.0005190796327669931
	0.0005176076311342065
	0.0005161797974616212
	0.0005151814478930423
	0.0005145278697179061
	0.0005140156044212761
	0.0005138115940873547
	0.0005139016801081622
	0.0005139574302170604
	0.0005134028449001796
	0.0005122825593571117
	0.0005110673014595526
	0.000509862740230522
	0.0005083109010761558
	0.0005061711602602794
	0.0005039029543445866
	0.0005019036317868921
	0.0005004348825184752
	0.0004996140983885046
	0.0004993218296746868
	0.0004991910625154088
	0.0004990727714010201
	0.0004989421406876212
	0.0004993590118187217
	0.0005002078551684484
	0.0005011336304351861
	0.0005021813879629937
	0.0005028340559110175
	0.0005033559820434042
	0.000503748788540973
	0.0005037291165214097
	0.0005035387346450062
	0.0005035563385753707
	0.0005034586712540672
	0.0005034846770209738
	0.0005042498513287446
	0.000504852164435332
	0.000504698953655252
	0.0005035673103936311
	0.0005019349966840132
	0.000500413272223552
	0.0004989515592044186
	0.0004971366378429345
	0.0004958481551569176
	0.0004953450448897606
	0.0004956284024001876
	0.000496616129251511
	0.00049739238287328
	0.000497681156500299
	0.0004976520618975314
	0.0004975370163989342
	0.000497142244721369
	0.0004967326804412464
	0.0004962593672700972
	0.0004953813909214006
	0.0004945117272022001
	0.0004941051937028892
	0.0004942272018474586
	0.0004947487750839507
	0.0004957095575510505
	0.0004966515736342935
	0.000497570971900122
	0.000498822724217978
	0.0005004199663113412
	0.0005024174027177772
	0.000504339012441879
	0.0005059612628122418
	0.0005076495140948261
	0.0005093536248702749
	0.000511132472461414
	0.0005126317371723794
	0.0005139457608335206
	0.0005150691739774734
	0.0005160352769695033
	0.0005168412989604086
	0.0005174900940685774
	0.0005182595263815411
	0.0005190954183778159
	0.000519637375354364
	0.0005201939172181239
	0.0005211501163407963
	0.0005225000409640378
	0.0005240000577349333
	0.0005252618559465536
	0.0005265181790313307
	0.0005275632150943448
	0.0005282842462653328
	0.0005289642791739153
	0.0005293196398724949
	0.0005294308533997708
	0.0005294935489773648
	0.0005289353461710893
	0.0005278916905192617
	0.0005273192001494776
	0.0005273614041865364
	0.0005281172218037398
	0.0005291972366923506
	0.0005303220609643984
	0.0005313476840026137
	0.0005321923455185076
	0.0005330128715594769
	0.0005339479798197734
	0.0005348808513150182
	0.0005359115586128601
	0.0005371786514861847
	0.0005388354207930062
	0.0005405072482396833
	0.0005415299578632024
	0.0005413670780021941
	0.0005403308046438985
	0.0005388031162744956
	0.0005370238833791273
	0.0005350591202767487
	0.0005331026146095209
	0.0005310096909905256
	0.0005285400285675067
	0.0005256355500811755
	0.0005226634069655979
	0.0005198883795374206
	0.0005176365773719067
	0.0005160104895920656
	0.0005152299161269571
	0.0005155946058448598
	0.0005167373559372264
	0.0005179492442050787
	0.0005190189592107356
	0.0005192633325168472
	0.0005186240602148922
	0.0005172992273369326
	0.0005154871043757636
	0.0005129067784199639
	0.0005097044461857285
	0.0005059817693220893
	0.000502330261421096
	0.0004993407709249347
	0.0004972379672061232
	0.0004959710357831621
	0.0004953656634492939
	0.0004952531402890587
	0.0004957071546563047
	0.0004968158171414947
	0.0004979925026548061
	0.0004988999684949936
	0.0004994595425373336
	0.0004993654841592867
	0.0004985944774648834
	0.0004973549055105722
	0.0004961855558624525
	0.0004954416990935392
	0.0004949399027990425
	0.0004950632513349285
	0.0004958731516249013
	0.0004969991574670352
	0.0004986100694441074
	0.0005002818399460347
	0.0005021869702585817
	0.0005040699583231459
	0.0005058313804018545
	0.0005075591033917291
	0.0005099128871941397
	0.0005126972832560374
	0.0005155883667163294
	0.0005183227402128696
	0.0005210206214715094
	0.0005233379966198123
	0.0005247365848783618
	0.0005252137695410002
	0.0005249541052101144
	0.0005241702377054128
	0.0005236407142675042
	0.0005239949833717749
	0.0005247149787583856
	0.0005257899211514682
	0.0005265186573081179
	0.0005267758673439439
	0.0005266551156546223
	0.0005259231777622382
	0.0005243677724408763
	0.0005222711249925222
	0.0005203077587839842
	0.0005183728383083739
	0.0005164334680097046
	0.0005149460744708604
	0.0005143575689788773
	0.0005143795677506095
	0.0005146591680736629
	0.0005148437252567378
	0.0005157443067881391
	0.0005176293444496774
	0.0005195346212361686
	0.0005217599074190825
	0.0005241651841328801
	0.0005264584350179664
	0.0005286128096703131
	0.0005296261286546281
	0.0005296865851475953
	0.0005289676139213572
	0.000527116515787009
	0.0005247072232931259
	0.0005217664701821812
	0.0005187365579478684
	0.0005157991484411482
	0.0005131131946697947
	0.0005107515177907777
	0.0005086852230712677
	0.0005074191003068584
	0.0005066702308748929
	0.0005061224342695743
	0.0005055503484441437
	0.0005051012894818918
	0.0005055279431553784
	0.0005070410897279629
	0.0005093213089333153
	0.0005112753104991344
	0.0005130067709932694
	0.0005146457302036068
	0.0005160755776660418
	0.0005169171703549507
	0.0005174421567397074
	0.0005178134010130424
	0.0005173321005690805
	0.0005160662909194309
	0.0005138998095697438
	0.0005115284479362515
	0.0005094537070451787
	0.0005076882660510598
	0.0005062893393241191
	0.0005052892743048839
	0.000504831697462485
	0.0005052175727747326
	0.0005066820693388828
	0.0005094160258058907
	0.0005134886836604135
	0.0005183107052321175
	0.0005232744758585395
	0.0005278677750548316
	0.0005315079779562325
	0.0005342615475374075
	0.0005360930966403739
	0.0005374120610609777
	0.000538560295097796
	0.0005395375684586695
	0.0005401616629336234
	0.0005407420617966146
	0.0005417467346558579
	0.0005430640104558039
	0.0005441996016449555
	0.0005447400020690053
	0.000545172724624469
	0.0005453133765645942
	0.0005447431184081931
	0.0005437532432999277
	0.0005431019682606335
	0.0005428402397208578
	0.0005431174500221012
	0.0005436525999816513
	0.0005450314886285434
	0.0005464232887983439
	0.0005478345822446984
	0.0005485760165835936
	0.0005491229139169894
	0.0005496934372121511
	0.000550196650710305
	0.0005508890398600829
	0.0005522726707335349
	0.0005538421500218024
	0.0005548745263949532
	0.0005554107072211925
	0.000555365678952106
	0.000555120708865606
	0.0005544462644113084
	0.0005535076463999269
	0.0005526981364402632
	0.0005520168389780129
	0.0005512525004449865
	0.0005501848478846695
	0.0005486696962709358
	0.0005467321715360639
	0.0005446185449695468
	0.0005425690785330828
	0.000539909102037758
	0.0005372412170547528
	0.0005354567466598135
	0.0005349821058408761
	0.0005356312091367667
	0.0005366695315716139
	0.0005380725756135699
	0.0005399462736835926
	0.0005423225496671446
	0.0005442610525200991
	0.000545607326715203
	0.0005465907802555002
	0.0005473633170189981
	0.0005478834402074593
	0.0005483391210219937
	0.0005483679430783071
	0.0005478419290604694
	0.0005467564604212725
	0.0005453791162239197
	0.0005436487279271673
	0.0005416370558681983
	0.0005391542550433243
	0.0005366900052570994
	0.0005347993951708641
	0.0005331928214167094
	0.0005315124153949629
	0.0005296231813550604
	0.0005281456407517471
	0.0005271182793538229
	0.0005260710482800675
	0.0005246782329616988
	0.0005229263276327808
	0.0005211891970274349
	0.0005192441306784061
	0.0005172252639187807
	0.0005154436700061321
	0.000513439990126316
	0.0005113191157212746
	0.0005095102442674722
	0.0005080037420961827
	0.0005061739466991877
	0.000504303437401826
	0.0005026291839251515
	0.0005012008178777389
	0.0005002465931783648
	0.0004997847945763563
	0.0004999584626053986
	0.0005005646085387342
	0.0005010779201968537
	0.000501601678358204
	0.0005020333755311736
	0.0005026602016365797
	0.0005034502315870175
	0.0005038964195887943
	0.0005040067315361782
	0.0005039926462136063
	0.0005041922858233586
	0.0005046584108186047
	0.0005052174690295791
	0.0005055292988698661
	0.0005055527601537226
	0.0005050778758566089
	0.0005041173616351631
	0.0005029827912535064
	0.0005019192101630137
	0.0005009908374389104
	0.0005007525692929763
	0.0005018533612220362
	0.0005041663113032839
	0.0005073084055497015
	0.0005107947208613804
	0.0005142174731611207
	0.0005173897862591771
	0.0005206553086293138
	0.0005237857855577284
	0.000526624878847532
	0.0005287741935551454
	0.0005298793305991751
	0.0005296386769371379
	0.0005286782580957052
	0.0005275533848185198
	0.0005264160140974171
	0.0005255288185460562
	0.0005249780405774707
	0.0005241064008852031
	0.0005229348137537872
	0.0005215483521905494
	0.0005198051282601818
	0.0005179604811128509
	0.0005161368936075128
	0.0005143477318505614
	0.0005131238178939779
	0.0005127122668387765
	0.0005128683223601426
	0.0005133945191739853
	0.0005139266273746218
	0.0005137780386368559
	0.0005136169338096312
	0.0005131712122126152
	0.0005122338014471291
	0.0005110033412239849
	0.0005094418118429356
	0.0005078195611094884
	0.0005065982885590872
	0.0005058371375897115
	0.0005052023061376109
	0.0005043093671673665
	0.0005032468950887728
	0.0005021274461399216
	0.0005015194154423159
	0.0005012213162437539
	0.000500870256464327
	0.0005002093695169323
	0.0004993473463350229
	0.0004987080903073858
	0.0004988207652896775
	0.0004996563452802125
	0.0005009465308348304
	0.0005024025246658033
	0.0005035340125421052
	0.0005040471039467838
	0.0005041026910212083
	0.000503770673888569
	0.0005031271936378482
	0.0005022506508731092
	0.0005010646159993081
	0.0004996427467604314
	0.0004984313869691421
	0.0004979162771132861
	0.0004975670251188897
	0.0004966188866936172
	0.0004951858448855281
	0.0004939147868087342
	0.0004923829064914612
	0.0004907408929280785
	0.0004888297974410981
	0.000487189920829838
	0.0004856123256089276
	0.0004840430208442273
	0.0004827385574250071
	0.0004818756336645672
	0.0004812725867039557
	0.0004808416511576487
	0.0004809582923928893
	0.0004816754779954444
	0.0004828817341899562
	0.0004841949525831086
	0.0004857381434128423
	0.0004874674053627105
	0.0004892923073848501
	0.0004913928001137702
	0.0004936528143349137
	0.0004962426526201746
	0.0004986489238848561
	0.0005006249228960711
	0.0005022269163580155
	0.0005037485025297846
	0.0005049050631848038
	0.0005050962113831569
	0.0005044489129273525
	0.0005034864277829125
	0.0005028600117751814
	0.0005026626930454821
	0.0005031409146289358
	0.0005042695934736534
	0.0005056975306494195
	0.0005071704459788651
	0.0005085946312612059
	0.000510454589734341
	0.0005124287690971539
	0.0005143363658099511
	0.0005155600927811083
	0.0005161833949339172
	0.0005162462146589007
	0.000515304720620409
	0.0005136080027344622
	0.0005116258114208923
	0.0005089871368981113
	0.0005059797635586866
	0.0005025690813487732
	0.0004990992489174349
	0.0004960980719711269
	0.000494054824045759
	0.0004929775250186015
	0.0004923061396274616
	0.0004922276604322111
	0.0004926872276974774
	0.0004936751673370884
	0.000495041098955344
	0.0004965311179629049
	0.0004984114310762344
	0.0005002523088064536
	0.0005018636460221624
	0.0005031056759691754
	0.0005039690460473405
	0.0005047880948026009
	0.0005057012467896586
	0.0005067467631546965
	0.0005078518666534255
	0.0005082676656354109
	0.0005084068822088624
	0.0005081193827479425
	0.0005075856007168965
	0.000506805550478739
	0.0005055397526006616
	0.0005044013466039799
	0.000503850332192871
	0.0005042616567131513
	0.0005052701754728831
	0.0005062050367199639
	0.0005068344718722086
	0.0005070537491324159
	0.0005064006886430525
	0.0005046000804930443
	0.0005019437206106534
	0.0004988291226029727
	0.0004959270282570259
	0.0004942919506521942
	0.000493891811531185
	0.000494414633551187
	0.0004955998872545127
	0.0004974581112136576
	0.000499262442672619
	0.0005005607490257692
	0.0005012566076331952
	0.0005013701089540035
	0.0005013434064101603
	0.0005012841028928118
	0.0005015595098462927
	0.0005021621819237915
	0.0005033027245906062
	0.0005048409242193158
	0.0005064279252745014
	0.0005077925510849394
	0.0005084534242560775
	0.000508199019509552
	0.0005072778298084606
	0.000505941718753512
	0.0005047334420732999
	0.0005040030780735308
	0.0005036737047310858
	0.0005037236440020136
	0.0005038859141090898
	0.0005039279773698549
	0.0005040544353923976
	0.0005037790063807888
	0.0005027930327792497
	0.0005013779265753434
	0.0004999240432233303
	0.0004991001350167934
	0.0004988397830396633
	0.0004987370831805371
	0.0004985564553131679
	0.0004985683367058174
	0.0004990165500134738
	0.0004999454181443688
	0.0005009916058426064
	0.0005017228039948017
	0.0005020240552225091
	0.0005020271501370476
	0.0005019801299164179
	0.0005021677351774343
	0.0005026417415931894
	0.0005032414130865372
	0.0005039205414970483
	0.0005045896158755619
	0.0005051696634607783
	0.0005058108939710694
	0.0005067937200512654
	0.0005079872070781132
	0.0005096127521987027
	0.0005114687663719677
	0.000513206053993729
	0.0005150645099970645
	0.0005173614569686146
	0.000519959393261646
	0.0005230285363263665
	0.0005260521755929045
	0.0005282829546675291
	0.0005299057792671317
	0.0005309103799601658
	0.0005314364647882509
	0.0005313681620250554
	0.0005309106202185194
	0.0005306072338602695
	0.0005306279598946474
	0.0005312732065495411
	0.0005324862656010535
	0.0005340617934095518
	0.0005356990624685162
	0.0005372673509182322
	0.0005387120572301738
	0.0005399666006160895
	0.0005416788497842433
	0.0005434504209809401
	0.0005451725869997474
	0.0005465788810606277
	0.0005473418256289062
	0.0005478646892530388
	0.0005483394606847396
	0.0005489664801934548
	0.0005497392286666979
	0.0005505194295544337
	0.0005511823323929616
	0.0005513975560119178
	0.0005512069542019996
	0.0005504793646719266
	0.0005488593446868699
	0.0005464857631858219
	0.0005435783103311082
	0.0005404351471509513
	0.0005374821971003246
	0.0005353680575082846
	0.0005340551170259513
	0.0005334582484952939
	0.0005332437547681834
	0.0005332087941688842
	0.0005335764714958987
	0.0005349409129509224
	0.0005374113636026848
	0.0005399509112049066
	0.0005418833018588456
	0.000543683705166575
	0.0005453639362572873
	0.0005470589827402429
	0.0005493088269308701
	0.0005520107597771418
	0.0005548874416746042
	0.0005577468663180042
	0.0005599090229497079
	0.0005612122245969098
	0.0005621274084690817
	0.0005629906108411695
	0.0005631622406996646
	0.0005627224737758197
	0.0005616992151179455
	0.0005602849733478484
	0.0005588490144851682
	0.0005578068662728964
	0.0005569761184240236
	0.0005559465145974751
	0.0005554668744436587
	0.000556048861530571
	0.0005575308658836115
	0.0005589978483836297
	0.0005601983760946532
	0.0005610079262778167
	0.0005614035381170139
	0.0005609172934615016
	0.0005599979181137907
	0.000559326264982172
	0.0005582724684908608
	0.0005568778819720437
	0.0005554581214598312
	0.0005539255419640272
	0.000552717824032947
	0.0005520009574305699
	0.0005505664700358088
	0.0005477937547008699
	0.0005447729911250143
	0.0005413356212172998
	0.0005376944260206185
	0.0005345112983268745
	0.0005318397215664418
	0.0005293326404881465
	0.0005273409544101534
	0.0005260668284945133
	0.0005255256716384284
	0.000525748217237112
	0.0005266276373631246
	0.0005278801363786896
	0.000529419483194492
	0.0005308790989459793
	0.000531877748493965
	0.0005324792106276674
	0.0005327057900584163
	0.0005328990266470549
	0.0005325336511875845
	0.0005312733647855828
	0.000529696326775102
	0.0005288071856509946
	0.0005285162735136232
	0.0005286724307647272
	0.0005296337725568999
	0.0005313002395642371
	0.0005330458638481102
	0.0005348571362983251
	0.0005364434343748188
	0.0005374031337475564
	0.0005375751832477421
	0.0005369990133036381
	0.0005356746543146476
	0.0005331950613289684
	0.000529888599048556
	0.0005260158067076989
	0.0005222295075851196
	0.000518762170367149
	0.0005156190253296595
	0.0005129598892294406
	0.0005105002056227533
	0.0005082676415375298
	0.0005063263248059877
	0.0005048759775471408
	0.0005044117272402895
	0.0005049155689516324
	0.0005064016621220759
	0.0005080658831572644
	0.0005093886724256189
	0.0005102773638131705
	0.0005106644805585752
	0.0005108402597231037
	0.0005107991448191346
	0.0005104853065675982
	0.0005096213264805532
	0.0005084057961697
	0.0005072548203913646
	0.0005059225770469172
	0.0005041484420684479
	0.0005023697038897246
	0.000501012475350094
	0.0004996797898714049
	0.0004985252014521352
	0.0004974119243004828
	0.0004956436990028118
	0.000493831506932864
	0.000492124524059513
	0.000490738607719147
	0.0004898530659639522
	0.0004891173191800299
	0.000488513223133635
	0.0004881223401331882
	0.0004877432488898693
	0.0004876480193441887
	0.0004878572590304868
	0.0004881641665907771
	0.0004883929319163779
	0.000488642908013681
	0.0004887432594817954
	0.0004889034673570558
	0.000488833556597865
	0.0004886702289955359
	0.000488565008543075
	0.0004883351546999872
	0.0004877553849458222
	0.0004872424631575508
	0.0004869795385409654
	0.000487085664484891
	0.0004876218389964185
	0.0004883700374300199
	0.0004889974346535081
	0.0004893669394928086
	0.000489832051183724
	0.000490183166461292
	0.0004912033782106751
	0.0004930371096923573
	0.0004951091159590223
	0.0004970036943303856
	0.0004984960149188315
	0.0004987526817566099
	0.0004980455645977122
	0.0004965713901877966
	0.0004950325244906445
	0.0004940256763238216
	0.0004940259061600869
	0.0004947562586742531
	0.0004955787418203406
	0.0004964959563340776
	0.0004969414799345863
	0.0004967773079525209
	0.0004963086791434078
	0.0004957951544766658
	0.0004947247111400284
	0.0004930897953787476
	0.0004912109946317711
	0.0004895178146487121
	0.0004882042910951219
	0.0004878919128318759
	0.0004884314071751491
	0.0004894662690984893
	0.0004908359139006686
	0.0004927324422042894
	0.0004943107340868992
	0.0004956836846179845
	0.0004968895381300573
	0.0004981215543574312
	0.0004993066827491574
	0.0005006300288415649
	0.0005023414471252428
	0.0005041962572801386
	0.000506150543510799
	0.0005077845090144719
	0.0005085539925513027
	0.0005084320310114888
	0.0005076683520675876
	0.0005061601480700511
	0.0005045572793066674
	0.0005029850148931855
	0.0005013532094221539
	0.0005001332638456789
	0.0004996114481112315
	0.0004999667466818324
	0.0005011626147662155
	0.0005026350432364416
	0.0005044710139968922
	0.0005072469881378674
	0.000510573849587692
	0.0005145597280343742
	0.000518997899977324
	0.0005234256295760184
	0.0005276887879312974
	0.0005315376321629395
	0.0005346462163672648
	0.000536880580325374
	0.0005380135850367718
	0.000538189473918806
	0.0005377481618969812
	0.0005368293554785039
	0.0005354091170980256
	0.0005332461923715148
	0.0005307184636282261
	0.0005281446454106668
	0.0005258611428542987
	0.0005243407427247058
	0.0005235139908909857
	0.0005235324425594247
	0.000524172451012856
	0.0005249955975200054
	0.0005255461443946954
	0.000525638236436789
	0.0005257553517431664
	0.0005261595769456304
	0.0005270213744750728
	0.0005284068095058192
	0.0005301543493972622
	0.0005320416316224794
	0.0005336702594820823
	0.0005347003799792673
	0.0005349567528001966
	0.0005345417002730656
	0.0005338136166762879
	0.0005330313596466042
	0.000532381489836062
	0.0005316798356562086
	0.0005312938069242175
	0.0005312544066023101
	0.0005313527404538351
	0.0005314258084622836
	0.0005312306585451193
	0.0005304691988481346
	0.0005293968086627267
	0.0005278051129123906
	0.0005262072960979879
	0.0005248968135629854
	0.0005238490966730709
	0.0005231622879606364
	0.0005230786079206258
	0.0005231351902155127
	0.0005233201446308568
	0.0005234801061162071
	0.0005236177918665452
	0.0005233304223753269
	0.0005228927013599316
	0.0005223421372797651
	0.0005217760896035169
	0.0005209961833692005
	0.0005200249504815122
	0.0005196147076645805
	0.0005198822684096683
	0.0005208516227669259
	0.0005218855500501659
	0.000523093069956315
	0.0005243672134502566
	0.0005256855685859803
	0.0005268914235405063
	0.0005276063426465213
	0.0005281966326565914
	0.0005286500939492529
	0.0005283522834960341
	0.0005277058598518245
	0.0005272704592852958
	0.000527031944975752
	0.0005270184194163461
	0.0005266890506604038
	0.0005264777077960282
	0.0005262879036673495
	0.0005257577055859939
	0.0005252917038515065
	0.0005253604099092178
	0.0005261357223856364
	0.0005273298297343966
	0.0005286328323044007
	0.0005297112825959267
	0.0005308276982766354
	0.0005321241692341582
	0.0005333380481570267
	0.0005344638827121975
	0.0005356462567846407
	0.0005369534561261938
	0.0005383772426579134
	0.000539290879756767
	0.0005396823873208726
	0.0005396673718281901
	0.0005395945187374298
	0.000539640329713215
	0.0005391617859301173
	0.0005380956022551569
	0.0005364995543022553
	0.0005349380610753703
	0.0005340655860090888
	0.0005341073196325785
	0.0005347794504593664
	0.0005358103064292732
	0.0005369959019708688
	0.0005379304068933679
	0.000538800021514247
	0.00053982631131251
	0.0005407618105238428
	0.0005415983034252089
	0.0005423199542817063
	0.0005426469339838024
	0.000542706179247141
	0.0005429636665319101
	0.0005434648194295036
	0.0005435208097977249
	0.000543343808311315
	0.0005428443786488549
	0.0005416740438209192
	0.0005401109308405171
	0.00053889493498127
	0.0005382268759749788
	0.0005380243152589375
	0.000538246559177084
	0.0005387620929695522
	0.0005398016307463332
	0.0005412359600298456
	0.0005425521009395956
	0.0005433095824764234
	0.0005436528377632915
	0.0005435040340281577
	0.0005422887344618834
	0.0005401600366026091
	0.0005376211160152262
	0.0005356100235857816
	0.0005338280718137768
	0.0005316837410219277
	0.0005293014756355371
	0.0005269293843310588
	0.0005247433364368643
	0.0005230677604270937
	0.0005216600695915693
	0.0005205290206227007
	0.000519818962520668
	0.0005197597850907582
	0.0005202729838677218
	0.0005211909751214537
	0.0005225083948599959
	0.0005239541632363909
	0.0005255581303373378
	0.0005273584287721021
	0.0005292344988937876
	0.0005309173348173022
	0.0005328105358276836
	0.0005347373129254681
	0.0005367842797128011
	0.0005392161946106336
	0.0005417999479832762
	0.0005439069187736096
	0.0005456657306947909
	0.0005465708014558415
	0.000545966814205754
	0.000544401557906926
	0.0005426398099458023
	0.0005412827355164419
	0.0005404873357287689
	0.0005399435688027882
	0.0005392147848504338
	0.0005382051337330443
	0.00053684381281734
	0.0005350336421739708
	0.0005327289393061043
	0.0005303096411967403
	0.0005280939980668011
	0.0005266065428364393
	0.0005257798863296047
	0.0005254958518106097
	0.0005255809901007964
	0.0005258460325426671
	0.0005260596061543764
	0.0005259602471885946
	0.0005250222581504147
	0.0005233727974669853
	0.000521147159401346
	0.000518201078284049
	0.0005152627665849698
	0.0005128155961174602
	0.000511019942774988
	0.0005097908030015745
	0.0005091095523179262
	0.0005090831731033897
	0.0005094619582045108
	0.0005098774737745423
	0.0005102588178711962
	0.0005106986554022836
	0.0005110796438840667
	0.0005115356266816607
	0.0005111863861391301
	0.0005098216753345686
	0.0005080823018954364
	0.0005067524241306898
	0.0005059088514660636
	0.0005054369400522044
	0.0005055640614963434
	0.0005059653350913711
	0.0005069850478509038
	0.000508686427657748
	0.0005110261939806947
	0.0005138117868204179
	0.0005170135738106475
	0.0005207503421754999
	0.0005241372213491707
	0.000527472213176208
	0.000531053630870528
	0.0005347268487749752
	0.0005383309028091596
	0.000540769481859431
	0.0005423314468714511
	0.000543136953592218
	0.0005433763957275747
	0.0005430760942277738
	0.000542619220609947
	0.0005416730979758559
	0.0005407491241459976
	0.0005400961619016551
	0.0005392690454962236
	0.0005378314589473863
	0.0005363593313559219
	0.0005350605116327238
	0.0005336971819711756
	0.0005324015411279813
	0.000531193314582035
	0.0005300939871079171
	0.0005293145995874631
	0.0005287305200764875
	0.0005277570745249385
