	8.741426226176998e-06
	8.949409672835816e-06
	9.108284694934346e-06
	9.204904449475321e-06
	9.220442676629162e-06
	9.166772373267908e-06
	9.086267421045866e-06
	9.029398928190198e-06
	9.028015305693245e-06
	9.069859865980633e-06
	9.162751394117126e-06
	9.258565909057322e-06
	9.3219145295076e-06
	9.386470592903449e-06
	9.514391124997449e-06
	9.701900371416659e-06
	9.967463711690275e-06
	1.023057183059805e-05
	1.032556984001887e-05
	1.014981675757692e-05
	9.73756273217091e-06
	9.316356464221957e-06
	9.057682199012014e-06
	8.950688925210163e-06
	8.935853001442162e-06
	8.97270783130522e-06
	9.026287760536041e-06
	9.060392301998429e-06
	9.093408710998674e-06
	9.140313804904214e-06
	9.24088456021816e-06
	9.412380456553744e-06
	9.571690867658506e-06
	9.64985380740766e-06
	9.63157238779243e-06
	9.557987043282698e-06
	9.491210083088378e-06
	9.494132512650346e-06
	9.614510798984966e-06
	9.784981651505476e-06
	9.922165468056772e-06
	9.929756734820776e-06
	9.861288800638946e-06
	9.776869965031865e-06
	9.708905381184977e-06
	9.688437865074823e-06
	9.742178350076511e-06
	9.846577409703515e-06
	9.922600476976571e-06
	9.879243950585442e-06
	9.69739194004343e-06
	9.435956523301458e-06
	9.25266641288039e-06
	9.285052362004293e-06
	9.497490340847496e-06
	9.749559440540599e-06
	9.925541423028953e-06
	9.953608273648757e-06
	9.819793870745133e-06
	9.609236976126057e-06
	9.45092912373392e-06
	9.434371844342033e-06
	9.510264454054494e-06
	9.62557125045982e-06
	9.718861717779644e-06
	9.78279978857765e-06
	9.81727546005087e-06
	9.81734537038971e-06
	9.780300494794113e-06
	9.746165551542626e-06
	9.741352036734679e-06
	9.872139551938246e-06
	1.020534563951148e-05
	1.066713696791704e-05
	1.108862927157544e-05
	1.129076954976578e-05
	1.103118092049832e-05
	1.051174352345036e-05
	1.01079085972602e-05
	1.014142578815284e-05
	1.058923991643568e-05
	1.117016938616128e-05
	1.149630987233562e-05
	1.145747104121093e-05
	1.120899790050837e-05
	1.089706552511236e-05
	1.067435722057324e-05
	1.053059042688581e-05
	1.041076592648047e-05
	1.034876810036936e-05
	1.040492417054499e-05
	1.056037852532566e-05
	1.073417936510524e-05
	1.086070407933075e-05
	1.084870123619545e-05
	1.074575185954234e-05
	1.060703926337886e-05
	1.043456575988174e-05
	1.024564573642472e-05
	1.006596835230891e-05
	9.938462231951008e-06
	9.880884709981153e-06
	9.874593893673188e-06
	9.971134253279638e-06
	1.018246414061891e-05
	1.051009575436898e-05
	1.087267502001677e-05
	1.107141879472708e-05
	1.093154892829341e-05
	1.049791021433424e-05
	9.97771072475951e-06
	9.637655042418136e-06
	9.521540354608115e-06
	9.556718037250304e-06
	9.720191408447489e-06
	9.956504680220408e-06
	1.016622076213674e-05
	1.028165496198484e-05
	1.026326499553638e-05
	1.01107243934646e-05
	9.880139814975761e-06
	9.622666073638172e-06
	9.407120589949267e-06
	9.241386933198086e-06
	9.077471554179591e-06
	8.904302694830337e-06
	8.77084298733444e-06
	8.676652601922251e-06
	8.627474028111776e-06
	8.580369829749286e-06
	8.510037351467798e-06
	8.403417246359244e-06
	8.274790936103808e-06
	8.238736354393445e-06
	8.369820727891865e-06
	8.54714661504802e-06
	8.583077076659197e-06
	8.562935450089904e-06
	8.57219524581761e-06
	8.590549184870654e-06
	8.597521164146458e-06
	8.58320689365479e-06
	8.565011561515256e-06
	8.509339056160112e-06
	8.30634198025869e-06
	8.007191633877127e-06
	7.756995967330892e-06
	7.681785793347561e-06
	7.640243869270387e-06
	7.540195520646665e-06
	7.439691431240847e-06
	7.382510316553211e-06
	7.321704844550521e-06
	7.252111297934381e-06
	7.260847815901209e-06
	7.397490033960328e-06
	7.568064105455814e-06
	7.683069075765996e-06
	7.715819645802968e-06
	7.6450633894846e-06
	7.555987497147998e-06
	7.509442177783142e-06
	7.594344420660172e-06
	7.792740032360323e-06
	7.986669171642005e-06
	8.064110214312578e-06
	8.019310211848927e-06
	7.911744759904334e-06
	7.783893386195325e-06
	7.653540082369419e-06
	7.576043554164165e-06
	7.608724669741018e-06
	7.684864157019424e-06
	7.804872622263392e-06
	7.912952603356721e-06
	7.908748074621459e-06
	7.838240517883328e-06
	7.842634956375803e-06
	7.956646221453159e-06
	8.065502991704897e-06
	8.14297408782681e-06
	8.204670677779582e-06
	8.3077822480066e-06
	8.472699040263552e-06
	8.656008277543518e-06
	8.808261036398591e-06
	8.793526450612642e-06
	8.608353443756333e-06
	8.296929898352583e-06
	7.99783076825775e-06
	7.937364354080776e-06
	8.167142120547781e-06
	8.508160343529201e-06
	8.742473614346255e-06
	8.73763099104711e-06
	8.52086444672406e-06
	8.257340413145906e-06
	8.078264125999632e-06
	7.997585761150994e-06
	8.010706620378346e-06
	8.085319210167838e-06
	8.071616085334717e-06
	7.869450332400777e-06
	7.533423573709053e-06
	7.286740887829976e-06
	7.254038480164054e-06
	7.365653710204196e-06
	7.493089661443055e-06
	7.571402167855388e-06
	7.619208477435039e-06
	7.636888761575804e-06
	7.666299383106008e-06
	7.736819800898792e-06
	7.848657911026822e-06
	7.989971030208004e-06
	8.181834635469386e-06
	8.390000636818222e-06
	8.586052725658211e-06
	8.700218314327443e-06
	8.754606304189173e-06
	8.771849541945588e-06
	8.777052470530327e-06
	8.839093470734539e-06
	8.969732202942458e-06
	9.147104845699411e-06
	9.218202066761668e-06
	9.056966107490572e-06
	8.705799040720121e-06
	8.330398547965263e-06
	8.058746036770671e-06
	7.963349286206757e-06
	8.005665550833331e-06
	8.128557313997935e-06
	8.286753923802254e-06
	8.426605887904999e-06
	8.497260139983356e-06
	8.511454249135237e-06
	8.46788402632591e-06
	8.457587672493761e-06
	8.520858701258233e-06
	8.560177998842267e-06
	8.515914232230587e-06
	8.377529049083218e-06
	8.224603895633808e-06
	8.106825815519551e-06
	8.07898031834693e-06
	8.109949973374395e-06
	8.173520200414299e-06
	8.291429936458853e-06
	8.48479159260935e-06
	8.800365320505604e-06
	9.233038808917537e-06
	9.667511609543566e-06
	9.986116785732605e-06
	1.016222039483147e-05
	1.019147079184266e-05
	1.009941340006671e-05
	9.959100485373156e-06
	9.90377750965585e-06
	1.008808362068579e-05
	1.044685630078978e-05
	1.080680360795577e-05
	1.103161463139536e-05
	1.105377458449667e-05
	1.088420759333858e-05
	1.06249682383304e-05
	1.034933213831176e-05
	1.014506147465428e-05
	1.009274699666866e-05
	1.014428615680838e-05
	1.015261916036993e-05
	1.003148442708464e-05
	9.803724128332469e-06
	9.599034334877627e-06
	9.499768559139302e-06
	9.572965673383799e-06
	9.859242618118414e-06
	1.034580034048961e-05
	1.090115155321832e-05
	1.132368263641653e-05
	1.136926897582547e-05
	1.103038433341223e-05
	1.047196514850163e-05
	9.968448427993962e-06
	9.697713624813677e-06
	9.669588395196031e-06
	9.766436586270497e-06
	9.767372386963122e-06
	9.736263030284392e-06
	9.660449195364821e-06
	9.609403604673058e-06
	9.602528402286206e-06
	9.669470355297019e-06
	9.782043528495616e-06
	9.870298938340626e-06
	9.864048071119014e-06
	9.723902615115412e-06
	9.447161951959846e-06
	9.065864438695237e-06
	8.690360216190507e-06
	8.424528170683832e-06
	8.402708045543425e-06
	8.582202966027127e-06
	8.823510254621607e-06
	8.959550495699532e-06
	8.947333800836158e-06
	8.821301820511096e-06
	8.658058846618407e-06
	8.532394635392843e-06
	8.463465694561432e-06
	8.513259361845045e-06
	8.580626211915971e-06
	8.588971967353238e-06
	8.530993103845593e-06
	8.373215729976407e-06
	8.115682729518625e-06
	7.949551811576773e-06
	8.003009572038984e-06
	8.273682152256606e-06
	8.584489245770969e-06
	8.783501626680195e-06
	8.858679980682401e-06
	8.825455584397581e-06
	8.694373191078548e-06
	8.530731920729565e-06
	8.36312086659007e-06
	8.283529335602928e-06
	8.366664909010218e-06
	8.545983673197176e-06
	8.70778278628036e-06
	8.822973671823685e-06
	8.848236572403962e-06
	8.764442073997559e-06
	8.573260074016612e-06
	8.37464554538746e-06
	8.233086805450298e-06
	8.115722225071387e-06
	8.074350840227348e-06
	8.156371554390604e-06
	8.309984822095763e-06
	8.451754820179853e-06
	8.545922099877113e-06
	8.575832182217747e-06
	8.54809600226493e-06
	8.50419739091997e-06
	8.456930699388832e-06
	8.41042124272678e-06
	8.346776579089947e-06
	8.258176519518586e-06
	8.157817704738602e-06
	8.117419611578733e-06
	8.187974992060872e-06
	8.344818508965946e-06
	8.533803061969574e-06
	8.76026588766364e-06
	8.986137533184416e-06
	9.185345825991478e-06
	9.364994501394385e-06
	9.540753911366345e-06
	9.752325631020277e-06
	1.000241887893745e-05
	1.028061579317697e-05
	1.054431172378514e-05
	1.059414482786928e-05
	1.037071095695738e-05
	9.993264111949908e-06
	9.57565395569379e-06
	9.282261325325329e-06
	9.30859661821411e-06
	9.594608980746368e-06
	9.817327849209118e-06
	9.831066223119659e-06
	9.676890855263153e-06
	9.391328079363373e-06
	9.024607384441674e-06
	8.667187222893857e-06
	8.459152957308884e-06
	8.498019090969786e-06
	8.766723165894213e-06
	9.152251189249649e-06
	9.572592940799564e-06
	9.908095765227792e-06
	1.007827647825909e-05
	1.008207328665696e-05
	9.947775352568431e-06
	9.739528892641166e-06
	9.473929667262597e-06
	9.196995595078879e-06
	9.001405549486377e-06
	9.009356677866478e-06
	9.176982996908844e-06
	9.365184927393927e-06
	9.42907028651199e-06
	9.324750240774098e-06
	9.114522544054155e-06
	8.868399447603863e-06
	8.619001622388933e-06
	8.449563899524438e-06
	8.488248879875095e-06
	8.720028020707444e-06
	8.946376248471413e-06
	9.044971187662182e-06
	9.023087832047548e-06
	8.924881492488958e-06
	8.770928191952414e-06
	8.631501614317175e-06
	8.584046719110091e-06
	8.651972225608577e-06
	8.708005744472384e-06
	8.643789268586316e-06
	8.514508053232136e-06
	8.438547576619855e-06
	8.412434956684143e-06
	8.385747981121463e-06
	8.326734916057836e-06
	8.231902589778557e-06
	8.118722618518834e-06
	8.025668594404374e-06
	7.92999105966963e-06
	7.803555890137022e-06
	7.67821189509565e-06
	7.576437613751904e-06
	7.523802815704521e-06
	7.4873415219367e-06
	7.441040521357452e-06
	7.435331393173264e-06
	7.556774896055076e-06
	7.768998012203091e-06
	7.973149084934972e-06
	8.108891661659211e-06
	8.179373284925362e-06
	8.176470052801091e-06
	8.152596629650413e-06
	8.016510142505503e-06
	7.809282460305214e-06
	7.589557201598971e-06
	7.541620463564622e-06
	7.698340594933445e-06
	7.933945553649798e-06
	8.140357989212555e-06
	8.271144615523098e-06
	8.324793958852617e-06
	8.326454464543041e-06
	8.313222360653387e-06
	8.31927760326206e-06
	8.350397159486474e-06
	8.369727277795356e-06
	8.375583678933799e-06
	8.382945870829274e-06
	8.376932320654568e-06
	8.368907494167859e-06
	8.427319479144646e-06
	8.610246897635636e-06
	8.903550449299144e-06
	9.257910407068189e-06
	9.517531198236745e-06
	9.675122941267572e-06
	9.740180662716856e-06
	9.715485508178478e-06
	9.684320979362963e-06
	9.584532327603887e-06
	9.312797268539199e-06
	8.850433612427036e-06
	8.378514019935477e-06
	8.169686348406853e-06
	8.302578328859558e-06
	8.540659540187324e-06
	8.709039337272325e-06
	8.804856762044584e-06
	8.89579972676363e-06
	8.982687737532687e-06
	8.997832657293816e-06
	8.865504675798382e-06
	8.594958577286689e-06
	8.291793750871191e-06
	8.047494607245085e-06
	7.946662162829998e-06
	7.995211774879278e-06
	8.168746679968847e-06
	8.425096301521157e-06
	8.648186410692144e-06
	8.713930945118011e-06
	8.610217439801894e-06
	8.390631190659211e-06
	8.161929339104843e-06
	7.981919308147228e-06
	7.915106711632272e-06
	7.98321669966892e-06
	8.101802197857079e-06
	8.168273954565163e-06
	8.149703053344796e-06
	8.082543011996547e-06
	8.006547825018158e-06
	7.942987115688246e-06
	7.883671976353287e-06
	7.851866716554197e-06
	7.893749695984893e-06
	8.018716618031126e-06
	8.142051592828032e-06
	8.248777029739844e-06
	8.383248083053475e-06
	8.461674741507727e-06
	8.394767747298268e-06
	8.154827129419073e-06
	7.802934120590916e-06
	7.494720778858409e-06
	7.354500948806593e-06
	7.404112777937239e-06
	7.516323937957236e-06
	7.614035550422978e-06
	7.651237000565408e-06
	7.595621890168518e-06
	7.53538585926353e-06
	7.54800573894726e-06
	7.560573481020947e-06
	7.449549276568295e-06
	7.243585846539663e-06
	7.104491631732695e-06
	7.151000687769287e-06
	7.285293116585148e-06
	7.357057695927179e-06
	7.381005262790375e-06
	7.451204110892817e-06
	7.560012689031562e-06
	7.642559605402235e-06
	7.753168127358041e-06
	7.921831772762667e-06
	8.063545770509002e-06
	8.124772980488991e-06
	8.139218414229886e-06
	8.186251438397759e-06
	8.288104669603708e-06
	8.38879204518122e-06
	8.520945901708995e-06
	8.683742562350847e-06
	8.855243296900715e-06
	9.084179573183121e-06
	9.336027244895283e-06
	9.57916401971903e-06
	9.730620817800073e-06
	9.652872495118581e-06
	9.432236587686153e-06
	9.223233123463331e-06
	9.017196313317622e-06
	8.850940660471187e-06
	8.807717056479107e-06
	8.925769204342797e-06
	9.136110161044974e-06
	9.300847849901469e-06
	9.335693058023089e-06
	9.259422125502619e-06
	9.159480137891293e-06
	9.037161664763026e-06
	8.929998556550639e-06
	8.878878215159066e-06
	8.846981800803881e-06
	8.773661486938622e-06
	8.68718784321588e-06
	8.691579324879711e-06
	8.854009582557568e-06
	9.158552481672883e-06
	9.571963390345828e-06
	9.946588065329104e-06
	1.025330199272083e-05
	1.04832693427008e-05
	1.061051372846643e-05
	1.063044485759205e-05
	1.051513782165896e-05
	1.022926308697886e-05
	9.877604317558182e-06
	9.648819463173147e-06
	9.622460423145607e-06
	9.648947347327377e-06
	9.573852504045451e-06
	9.433165073874355e-06
	9.25038246575739e-06
	9.047425582507589e-06
	8.863876552327648e-06
	8.82049873533459e-06
	8.884239295163322e-06
	9.032451215652149e-06
	9.248818169176789e-06
	9.425188410933194e-06
	9.441536688240732e-06
	9.324833188052295e-06
	9.179712625944143e-06
	9.106991153663525e-06
	9.08054493844297e-06
	9.05139311678932e-06
	9.000807064924182e-06
	8.93782756038138e-06
	8.847816021092515e-06
	8.713400587606329e-06
	8.529952187959413e-06
	8.344286336075425e-06
	8.203049068183464e-06
	8.125562220241675e-06
	8.115176770542868e-06
	8.154108262902468e-06
	8.223356811555909e-06
	8.330292920711732e-06
	8.457709521858771e-06
	8.568829866853926e-06
	8.619858724558909e-06
	8.58012757045401e-06
	8.465190212394537e-06
	8.320818869651806e-06
	8.271263615405988e-06
	8.361618748641447e-06
	8.514127878348463e-06
	8.65243348903845e-06
	8.871907001995269e-06
	9.146762258512056e-06
	9.401332783846322e-06
	9.508659248326693e-06
	9.415067513240055e-06
	9.189496381560202e-06
	8.94439643982658e-06
	8.788605458246466e-06
	8.777612646852395e-06
	8.848998111443131e-06
	8.947239644779072e-06
	9.054593875716997e-06
	9.137304093369535e-06
	9.172863233303733e-06
	9.171242440456114e-06
	9.142908097553861e-06
	9.117789622150852e-06
	9.120837793832104e-06
	9.145580111026331e-06
	9.211212171282996e-06
	9.316054406217729e-06
	9.397469922261741e-06
	9.445157844111269e-06
	9.489064873680384e-06
	9.561216615638843e-06
	9.617754731961326e-06
	9.63191281761088e-06
	9.578910035551504e-06
	9.529528333644447e-06
	9.532196841266759e-06
	9.564548287307456e-06
	9.560288709088928e-06
	9.53135127105535e-06
	9.528142379055913e-06
	9.611437157456031e-06
	9.745763865553319e-06
	9.884373268619761e-06
	9.908640008811595e-06
	9.771197200585886e-06
	9.586542132379363e-06
	9.455579558722628e-06
	9.392715949537385e-06
	9.359938423675598e-06
	9.343923065681972e-06
	9.381807566310965e-06
	9.533432094713916e-06
	9.724549568465895e-06
	9.772919219574301e-06
	9.627204254573825e-06
	9.384849271575528e-06
	9.12642644327058e-06
	8.911859711173097e-06
	8.792551226324598e-06
	8.769743039137761e-06
	8.780835960992407e-06
	8.741894395079692e-06
	8.671534550805337e-06
	8.612564463554225e-06
	8.597285429265969e-06
	8.613475746552823e-06
	8.629470455589604e-06
	8.634095067430162e-06
	8.628568350511769e-06
	8.635535939509507e-06
	8.687919929234604e-06
	8.82465050901517e-06
	9.01497886507649e-06
	9.223267237281095e-06
	9.421082239757547e-06
	9.516944542076232e-06
	9.434226318665707e-06
	9.311123396910948e-06
	9.186280552661447e-06
	9.036692032097383e-06
	8.851359840526442e-06
	8.716712385009357e-06
	8.764362868191708e-06
	8.929387139896111e-06
	9.087551308034843e-06
	9.185228938042246e-06
	9.218967930906171e-06
	9.242568521442791e-06
	9.214627530565389e-06
	9.168267185653809e-06
	9.162195719129449e-06
	9.181287937872139e-06
	9.196791767569932e-06
	9.220167252628412e-06
	9.26518929142214e-06
	9.314700360843656e-06
	9.378923177529888e-06
	9.455500042308325e-06
	9.514362814741503e-06
	9.523386753799463e-06
	9.527901098010113e-06
	9.60660343678234e-06
	9.629374870165399e-06
	9.573288222350258e-06
	9.469486423604424e-06
	9.340253084807203e-06
	9.302018288793086e-06
	9.218491883011255e-06
	9.217373321470996e-06
	9.308665769800888e-06
	9.399942451527424e-06
	9.462882738627985e-06
	9.431765078540047e-06
	9.239175180930225e-06
	8.90661476654031e-06
	8.54903629363614e-06
	8.318339706788201e-06
	8.276739837415046e-06
	8.432866543315298e-06
	8.715213431832733e-06
	9.03809109520106e-06
	9.327039573613962e-06
	9.48633329760768e-06
	9.518755836871269e-06
	9.453537547238343e-06
	9.30085530888073e-06
	9.123952690570436e-06
	9.022420282649055e-06
	8.983915582876532e-06
	8.94067744325433e-06
	8.852046723620945e-06
	8.714177638552656e-06
	8.701069184718594e-06
	8.857475189816737e-06
	9.113134684702561e-06
	9.273999487796163e-06
	9.193787489437361e-06
	8.935528233096795e-06
	8.675508237132019e-06
	8.512237978500712e-06
	8.438923521755164e-06
	8.385500402871007e-06
	8.310683194143548e-06
	8.2303691873373e-06
	8.236545568613353e-06
	8.356931119940295e-06
	8.562806992514119e-06
	8.828325365475184e-06
	9.072154161132731e-06
	9.159509511049874e-06
	9.083992655201141e-06
	8.850740436544702e-06
	8.517886743822454e-06
	8.224511596877568e-06
	8.08034277197689e-06
	8.071698641518049e-06
	8.093744997329639e-06
	8.089010490003438e-06
	7.987593173761566e-06
	7.768481213502557e-06
	7.533471743826802e-06
	7.408394335174563e-06
	7.437110567278008e-06
	7.575794093536438e-06
	7.7535767679557e-06
	7.914126409211611e-06
	8.0550285607214e-06
	8.163049943490776e-06
	8.221066861554438e-06
	8.165416532937088e-06
	8.037431982773721e-06
	7.907570313813942e-06
	7.789659897513308e-06
	7.676623514065464e-06
	7.571058956418629e-06
	7.58277794912575e-06
	7.719541377730443e-06
	7.893530013089993e-06
	8.046014927425631e-06
	8.103428322726252e-06
	8.063072079533396e-06
	7.957674705875398e-06
	7.860235691040431e-06
	7.864535066726895e-06
	8.006847610676155e-06
	8.172487947707666e-06
	8.287410351796385e-06
	8.353416822285144e-06
	8.385286995392482e-06
	8.258343434223856e-06
	8.016277144748688e-06
	7.877063288941947e-06
	7.806270768339715e-06
	7.717104614454814e-06
	7.582952072326628e-06
	7.434847454488565e-06
	7.369877214383984e-06
	7.467075663271988e-06
	7.684396935537971e-06
	7.917552726033702e-06
	8.062585754974173e-06
	8.072302886911471e-06
	7.981306363297295e-06
	7.862021319788911e-06
	7.758769850762675e-06
	7.700949287477109e-06
	7.751098879669962e-06
	7.932965865206621e-06
	8.211912357630347e-06
	8.503096793017149e-06
	8.728532189163086e-06
	8.847365482109311e-06
	8.880056410074804e-06
	8.768964931718138e-06
	8.522668134835229e-06
	8.239379090735664e-06
	8.113172919044396e-06
	8.290831974816438e-06
	8.659634538593579e-06
	8.963687056848458e-06
	9.065252623773212e-06
	8.953754116704696e-06
	8.818992173209621e-06
	8.845922352899343e-06
	8.997173623459292e-06
	9.156871872200659e-06
	9.29944033074399e-06
	9.413375140315941e-06
	9.497036412250013e-06
	9.594715920543571e-06
	9.760116672329026e-06
	9.857420977329243e-06
	9.778928985971728e-06
	9.583713437769671e-06
	9.375831449710484e-06
	9.113734978345462e-06
	8.841359179933042e-06
	8.669556827389086e-06
	8.656060205508549e-06
	8.809816309080869e-06
	9.077295016524515e-06
	9.347057459292333e-06
	9.508179355407609e-06
	9.469647053395759e-06
	9.260417192503382e-06
	8.989993298758969e-06
	8.793222553414295e-06
	8.774804169302015e-06
	9.000496025337593e-06
	9.358965729438132e-06
	9.654443299237953e-06
	9.737192923125044e-06
	9.575950683645717e-06
	9.256869635170266e-06
	8.912740373348165e-06
	8.613717375515337e-06
	8.439847354972659e-06
	8.394186716970022e-06
	8.387642594380785e-06
	8.316826595664025e-06
	8.185741737036812e-06
	8.115205259747744e-06
	8.089035876387807e-06
	8.041491533570639e-06
	7.94980180469055e-06
	7.839275570976036e-06
	7.748703130372139e-06
	7.725543438511639e-06
	7.744808292226776e-06
	7.766154328589038e-06
	7.772121126924367e-06
	7.769745148321021e-06
	7.758517211960463e-06
	7.752695012857703e-06
	7.803232410570189e-06
	7.861015057948186e-06
	7.90545736306668e-06
	7.978896850949534e-06
	8.12439363455135e-06
	8.346223534742792e-06
	8.584847612119282e-06
	8.761407874009694e-06
	8.836628742372717e-06
	8.847787998806037e-06
	8.894611308494981e-06
	9.030235961256981e-06
	9.220720325921379e-06
	9.421240585400558e-06
	9.631617794860162e-06
	9.855231759672991e-06
	1.002200403607799e-05
	1.011472763663058e-05
	1.007971220977891e-05
	9.883506886629839e-06
	9.57427640796726e-06
	9.383632409003891e-06
	9.393818209994041e-06
	9.612001515837149e-06
	9.873454369906112e-06
	9.97866879028254e-06
	9.905277075034366e-06
	9.716826565850473e-06
	9.520497541258739e-06
	9.400981847081089e-06
	9.379733376805508e-06
	9.482750569091862e-06
	9.669284387921453e-06
	9.803085515439918e-06
	9.886173530814238e-06
	9.896083915758102e-06
	9.783037572925864e-06
	9.502432680291003e-06
	9.04852064656481e-06
	8.540747587561778e-06
	8.133117784274916e-06
	7.93298192280208e-06
	7.919570030349537e-06
	8.015791276978291e-06
	8.13672681195151e-06
	8.253214707752207e-06
	8.348605847454277e-06
	8.391654161150467e-06
	8.367240891953054e-06
	8.329073051132744e-06
	8.328269453481846e-06
	8.434607505803872e-06
	8.721828083264111e-06
	9.172696024926703e-06
	9.729217613757065e-06
	1.022314928395951e-05
	1.048784792173821e-05
	1.039705190468587e-05
	9.999486088117198e-06
	9.526973085024652e-06
	9.218235151067393e-06
	9.083630621553162e-06
	9.035278018360093e-06
	9.023458013033929e-06
	9.088690326875287e-06
	9.196679271443655e-06
	9.305809275724413e-06
	9.358864184720484e-06
	9.364474534390554e-06
	9.357252450550521e-06
	9.318316560647915e-06
	9.237984430085033e-06
	9.164746332075362e-06
	9.210090903298276e-06
	9.325432581860684e-06
	9.429817760787208e-06
	9.461131483985464e-06
	9.392056604504554e-06
	9.332407654807729e-06
	9.421383436159836e-06
	9.667669532196597e-06
	9.999530153851311e-06
	1.031959223622006e-05
	1.054227180241493e-05
	1.060502883628193e-05
	1.056315746880149e-05
	1.043154933732518e-05
	1.021057547946069e-05
	9.963961115310559e-06
	9.828018672296947e-06
	1.002634203619249e-05
	1.033639464006169e-05
	1.052978112968489e-05
	1.049615815715265e-05
	1.029700938272143e-05
	1.000976136195806e-05
	9.75049133225024e-06
	9.589978774118253e-06
	9.47971073312402e-06
	9.410377618794237e-06
	9.37112324142407e-06
	9.378689839700588e-06
	9.427145742587291e-06
	9.534538494353975e-06
	9.71388113098546e-06
	9.890712036639069e-06
	1.000929019054865e-05
	1.005727007054013e-05
	1.000617742678418e-05
	9.868580478435746e-06
	9.783615907606908e-06
	9.798369722001063e-06
	9.831222075921176e-06
	9.752495664524581e-06
	9.528770913834205e-06
	9.228349675282709e-06
	9.009985824264906e-06
	8.947154185706697e-06
	9.018657355487149e-06
	9.239327305980139e-06
	9.54599100659573e-06
	9.827819239569731e-06
	1.004040734551702e-05
	1.009457916239199e-05
	1.003496981780762e-05
	9.884916857376254e-06
	9.662435859487106e-06
	9.431658124493477e-06
	9.280348600913467e-06
	9.267723229999133e-06
	9.417466501753054e-06
	9.731132891988635e-06
	1.009837409442148e-05
	1.034629867538497e-05
	1.043002422092227e-05
	1.034420904091617e-05
	1.009113839356651e-05
	9.702399778862202e-06
	9.307863391260774e-06
	9.023120040824013e-06
	8.866550713671605e-06
	8.822433422041139e-06
	8.88009386096139e-06
	9.024732532853361e-06
	9.190903037157301e-06
	9.380124243220357e-06
	9.533603421736808e-06
	9.628887037001563e-06
	9.660925721043689e-06
	9.598617388338074e-06
	9.440638356700825e-06
	9.222733089456806e-06
	9.040433757385604e-06
	8.982889146751489e-06
	9.098051918735431e-06
	9.306328451670401e-06
	9.477503735276977e-06
	9.52704204064593e-06
	9.458955110157781e-06
	9.360296971688989e-06
	9.325648178710527e-06
	9.366462874959422e-06
	9.395048115929949e-06
	9.396119906444917e-06
	9.352981312601956e-06
	9.291523252486952e-06
	9.292017494145157e-06
	9.350225371881708e-06
	9.412158984143305e-06
	9.513787791409715e-06
	9.667220832961896e-06
	9.739578515299709e-06
	9.663162247946282e-06
	9.488026900075705e-06
	9.268703934951126e-06
	9.040821774101705e-06
	8.844166100329565e-06
	8.684710302506801e-06
	8.614005769032971e-06
	8.657187544522484e-06
	8.819567382446678e-06
	9.099046019244659e-06
	9.439032813270302e-06
	9.706580307296087e-06
	9.818200487288436e-06
	9.781837367818699e-06
	9.618389253047538e-06
	9.382961798366256e-06
	9.129659088225689e-06
	8.926894562206522e-06
	8.937657831152845e-06
	9.119801597899419e-06
	9.305191454369783e-06
	9.372881240264767e-06
	9.329551411108414e-06
	9.228044450805936e-06
	9.134114667397083e-06
	9.057947186594994e-06
	8.979212070703307e-06
	8.90572268151116e-06
	8.916950392926107e-06
	9.093182906210769e-06
	9.37127683487708e-06
	9.622430752497518e-06
	9.755348908238538e-06
	9.799656135330737e-06
	9.789033892209518e-06
	9.663274480173378e-06
	9.414115077844401e-06
	9.16928354125617e-06
	9.032326764177522e-06
	9.007744040206517e-06
	9.071858908436272e-06
	9.176742889104304e-06
	9.232026980700157e-06
	9.171792036136288e-06
	9.074315165832075e-06
	9.079860935819833e-06
	9.250988068273224e-06
	9.532396322957587e-06
	9.814917628341158e-06
	1.00079068099513e-05
	1.004891973250444e-05
	9.948847860940038e-06
	9.869241870466152e-06
	9.962356047350029e-06
	1.01024929468411e-05
	1.004846159444306e-05
	9.796488041226622e-06
	9.47011567599008e-06
	9.206084668629627e-06
	9.061064053136767e-06
	9.03003545345356e-06
	9.080878694577338e-06
	9.137767495823177e-06
	9.145097953584278e-06
	9.179432152056278e-06
	9.324168108930718e-06
	9.551557613560739e-06
	9.761647871729226e-06
	9.865734528304032e-06
	9.809242341219421e-06
	9.624799988925329e-06
	9.453913355415807e-06
	9.309061487534501e-06
	9.264096370417348e-06
	9.329827906912778e-06
	9.434540178816755e-06
	9.565906445896061e-06
	9.704290008845699e-06
	9.771105442789774e-06
	9.716017890301602e-06
	9.5736547950344e-06
	9.400804924729107e-06
	9.236156055037476e-06
	9.079173547339064e-06
	8.975166338221239e-06
	9.049783482514136e-06
	9.33401628215693e-06
	9.756959253061834e-06
	1.028930117868267e-05
	1.085961457967865e-05
	1.130385746807697e-05
	1.148479182212822e-05
	1.139576748368136e-05
	1.111383550045954e-05
	1.078696358159212e-05
	1.051242999091368e-05
	1.028537034981527e-05
	1.003300631359562e-05
	9.711449893281885e-06
	9.42114955079986e-06
	9.224073660722213e-06
	9.14940937392138e-06
	9.164928742313635e-06
	9.168809516769899e-06
	9.096387656865354e-06
	8.922660665227092e-06
	8.721819588012724e-06
	8.565820868184517e-06
	8.536280875572505e-06
	8.627993144078009e-06
	8.773745358130656e-06
	8.855504014616381e-06
	8.911866501562114e-06
	8.992530524300802e-06
	9.092949453565709e-06
	9.126538265114254e-06
	9.046323171516098e-06
	8.88745459031336e-06
	8.756473480231446e-06
	8.70692377954666e-06
	8.787087930661588e-06
	8.992909095955778e-06
	9.244861756427131e-06
	9.455372413171629e-06
	9.603268021486083e-06
	9.700069241618771e-06
	9.758170003691433e-06
	9.763975083730831e-06
	9.689261494004269e-06
	9.512930332355527e-06
	9.248617275470933e-06
	8.986959147344021e-06
	8.887038171757569e-06
	9.044811247531105e-06
	9.392059017215327e-06
	9.749494917447947e-06
	9.959196381473626e-06
	9.958496891784541e-06
	9.782646163239642e-06
	9.508743163550256e-06
	9.231370032014604e-06
	9.06652923364961e-06
	9.028697532603323e-06
	9.027676812122833e-06
	9.003240781319094e-06
	8.98697645771929e-06
	8.981600117341326e-06
	8.946613373862524e-06
	8.869437351705201e-06
	8.766695202995566e-06
	8.642009021632365e-06
	8.460814805232075e-06
	8.207482333632061e-06
	8.024541402436739e-06
	8.075486537648154e-06
	8.278093486542327e-06
	8.471477729304782e-06
	8.60799715723511e-06
	8.698992928640427e-06
	8.746939126348667e-06
	8.778360042024147e-06
	8.769001528598872e-06
	8.695953082638963e-06
	8.606788932235496e-06
	8.52448331250641e-06
	8.507990991022881e-06
	8.541351612355158e-06
	8.595902830127625e-06
	8.621770494076128e-06
	8.598636554190731e-06
	8.520936896960703e-06
	8.467168449032892e-06
	8.500792945812688e-06
	8.571321954685242e-06
	8.690605104233626e-06
	8.78806179348268e-06
	8.7935945317638e-06
	8.704728322043293e-06
	8.586574266187905e-06
	8.518945777262832e-06
	8.552127097530346e-06
	8.74949574613025e-06
	9.025326771182156e-06
	9.268404644517344e-06
	9.420475613204302e-06
	9.36418702574543e-06
	9.092186603179771e-06
	8.804915140706247e-06
	8.67852287387183e-06
	8.740802761027485e-06
	8.865897875656197e-06
	8.952619797206998e-06
	8.968535979072603e-06
	8.956032383094684e-06
	8.942619826194946e-06
	8.907448863631483e-06
	8.977776956058166e-06
	9.149031005348254e-06
	9.295124088469824e-06
	9.351804414525378e-06
	9.371669043912027e-06
	9.380389262159185e-06
	9.295026940518785e-06
	9.077276588122153e-06
	8.846738063677469e-06
	8.680164577064953e-06
	8.629379268179066e-06
	8.713205019132038e-06
	8.86076826502406e-06
	8.969736170933714e-06
	8.996186092505004e-06
	8.938558315444171e-06
	8.854403316155457e-06
	8.821372930516869e-06
	8.873943093908541e-06
	8.959880979225214e-06
	9.043990553513913e-06
	9.155130662833239e-06
	9.285401865236736e-06
	9.378217173037031e-06
	9.397297652972923e-06
	9.37730424639359e-06
	9.305613146822013e-06
	9.195469267479888e-06
	9.079850195673226e-06
	8.969434041448682e-06
	8.936605698532665e-06
	9.032941653734994e-06
	9.156012413396088e-06
	9.168296844866068e-06
	9.088076653146697e-06
	8.952332449926273e-06
	8.760661611698347e-06
	8.542743688441425e-06
	8.380590191021395e-06
	8.333251265805484e-06
	8.370630787515428e-06
	8.443335881356891e-06
	8.534905590090767e-06
	8.660000292853285e-06
	8.79152279498897e-06
	8.909960395774069e-06
	9.015436418719991e-06
	9.105179744222104e-06
	9.174758876177925e-06
	9.227005819342612e-06
	9.273664898999815e-06
	9.190642169021814e-06
	8.927794617534301e-06
	8.614476576521173e-06
	8.426488662110986e-06
	8.411689010602251e-06
	8.503763633549596e-06
	8.67925109039328e-06
	8.970641615711796e-06
	9.255133496203514e-06
	9.42318522880588e-06
	9.454655575658139e-06
	9.447474241262539e-06
	9.471936475282023e-06
	9.53174230380878e-06
	9.584736921319892e-06
	9.605679025025937e-06
	9.601388229246753e-06
	9.526860640719032e-06
	9.353025491300938e-06
	9.076931179802351e-06
	8.755696007797786e-06
	8.471908626591131e-06
	8.280531393928457e-06
	8.253644000669089e-06
	8.359937979466066e-06
	8.536577748899602e-06
	8.752388429571721e-06
	8.940766998345962e-06
	8.992075708572362e-06
	8.977760153780107e-06
	9.051754452580361e-06
	9.206047182750409e-06
	9.301262611552651e-06
	9.286306037581057e-06
	9.182984396878868e-06
	9.043046128806727e-06
	8.900890258893109e-06
	8.821074677323069e-06
	8.82039877968503e-06
	8.867582440658651e-06
	8.967512554705668e-06
	9.102604040355827e-06
	9.18362440992367e-06
	9.150821967133796e-06
	9.044655243729148e-06
	8.948316612295119e-06
	8.857797239662435e-06
	8.771237882041909e-06
	8.714855925024865e-06
	8.725488661883846e-06
	8.786352726579958e-06
	8.858332478779479e-06
	8.902586424072231e-06
	8.904616365556511e-06
	8.87620074763288e-06
	8.857670358676867e-06
	8.868245412096624e-06
	8.87506844378814e-06
	8.861440480620883e-06
	8.88501626427467e-06
	9.02363179011743e-06
	9.243361787884947e-06
	9.421836203620438e-06
	9.416326671196479e-06
	9.196030585521572e-06
	8.870735510970662e-06
	8.61358171440756e-06
	8.541302407626672e-06
	8.643225921389606e-06
	8.765336872063509e-06
	8.787134563291149e-06
	8.715451966643443e-06
	8.640497441502341e-06
	8.666047923668092e-06
	8.801596119170295e-06
	8.964751846360141e-06
	9.054667360013483e-06
	9.040364301755092e-06
	8.974476815337401e-06
	8.8895063784291e-06
	8.781770243826791e-06
	8.704019116273246e-06
	8.730589427729614e-06
	8.875371762556248e-06
	9.083841253285142e-06
	9.278685410221694e-06
	9.385830332116143e-06
	9.343542541619522e-06
	9.154459269744e-06
	8.928866742103636e-06
	8.723688386401712e-06
	8.589720048619935e-06
	8.55114943154457e-06
	8.666259963787313e-06
	8.853175359276579e-06
	8.827723747434432e-06
	8.692093532036553e-06
	8.612386086028147e-06
	8.570037949148258e-06
	8.555640828171778e-06
	8.547105397667507e-06
	8.54268393722435e-06
	8.558098003050115e-06
	8.601285230921072e-06
	8.685998251065511e-06
	8.833941545954121e-06
	9.065762987361045e-06
	9.347740949092687e-06
	9.669215061067425e-06
	1.00425381241995e-05
	1.038131790356879e-05
	1.064141242170556e-05
	1.077267288290811e-05
	1.075332438311228e-05
	1.063688883346798e-05
	1.042630006465827e-05
	1.013703757566194e-05
	9.905238774842439e-06
	9.873048563312522e-06
	1.001623368120117e-05
	1.022816055741893e-05
	1.040290270435203e-05
	1.04153977021647e-05
	1.023255136918592e-05
	9.953103014700885e-06
	9.601358697324124e-06
	9.270284532178334e-06
	9.144645124273291e-06
	9.247558613259102e-06
	9.519959489693435e-06
	9.839205236748246e-06
	1.016010660168927e-05
	1.034907590866927e-05
	1.033754984776659e-05
	1.017527563014361e-05
	9.878084061193781e-06
	9.460340872181268e-06
	9.107463300790577e-06
	9.003057236098761e-06
	9.076406316284442e-06
	9.207285113658443e-06
	9.313442006966258e-06
	9.333827490701144e-06
	9.304928768379414e-06
	9.314377097279788e-06
	9.401334031553552e-06
	9.532484846547709e-06
	9.579572469032832e-06
	9.506446424374435e-06
	9.331185817114153e-06
	9.095325607075589e-06
	8.831920903194432e-06
	8.571824996214721e-06
	8.458574114624699e-06
	8.609772967599688e-06
	9.050348981530453e-06
	9.543596992119917e-06
	9.898840681726202e-06
	1.000059474592567e-05
	9.857541625201927e-06
	9.614868920579899e-06
	9.386115303456403e-06
	9.138359242674216e-06
	8.881367267007834e-06
	8.693695437837548e-06
	8.576872022178327e-06
	8.487334018191005e-06
	8.349080993162017e-06
	8.152680245040122e-06
	7.975403101723212e-06
	7.923661025717265e-06
	7.986679744286411e-06
	8.056392802353195e-06
	8.062087657208389e-06
	8.005125601780497e-06
	7.946390770912712e-06
	7.880867005291375e-06
	7.790925132898687e-06
	7.746440599663999e-06
	7.817926025097218e-06
	7.983472056845832e-06
	8.128690430458559e-06
	8.198036678999061e-06
	8.160861046909945e-06
	8.037985431958674e-06
	7.964558142163377e-06
	8.060557764543591e-06
	8.298241845345544e-06
	8.588166529806986e-06
	8.822418491925622e-06
	8.926512399732535e-06
	8.870100284465222e-06
	8.700662411336837e-06
	8.518943815802931e-06
	8.349254435893579e-06
	8.216924077569e-06
	8.221463936831312e-06
	8.374720359391666e-06
	8.530412067290039e-06
	8.551577136538152e-06
	8.472104026668472e-06
	8.373657064593077e-06
	8.317034623132081e-06
	8.299899948676635e-06
	8.335629263686079e-06
	8.446630403528155e-06
	8.640043016595545e-06
	8.838198980782688e-06
	8.994270674962345e-06
	9.118214943753854e-06
	9.223328043174774e-06
	9.323294264749952e-06
	9.384633824906328e-06
	9.321951175534127e-06
	9.10797049456716e-06
	8.819770698423295e-06
	8.59144915235929e-06
	8.531940279842183e-06
	8.633958676539866e-06
	8.767251278188702e-06
	8.806053701588911e-06
	8.773789224964474e-06
	8.731974694933317e-06
	8.697125175281795e-06
	8.672740595131858e-06
	8.68946237922974e-06
	8.802385100969786e-06
	9.013469417939507e-06
	9.223300170013387e-06
	9.331504556425919e-06
	9.402750213601444e-06
	9.5650588509423e-06
	9.892739419617777e-06
	1.019035426609062e-05
	1.035268093466416e-05
	1.046385309167987e-05
	1.052857290565335e-05
	1.039185975169717e-05
	1.012261358346723e-05
	9.796649157385579e-06
	9.523734286689649e-06
	9.380243061934666e-06
	9.34665816861245e-06
	9.383123046381289e-06
	9.421112891179039e-06
	9.391605198187855e-06
	9.302229115140532e-06
	9.171961223602434e-06
	9.073915807312371e-06
	9.03140656220163e-06
	9.039999442859391e-06
	9.165540573369963e-06
	9.489637350328493e-06
	9.953721316604998e-06
	1.033047663837551e-05
	1.04128930006918e-05
	1.013894179840379e-05
	9.671562740713965e-06
	9.302613317486384e-06
	9.170032221472883e-06
	9.26660329230034e-06
	9.419227331151993e-06
	9.510754344597761e-06
	9.52874411485103e-06
	9.530121082826423e-06
	9.515893240808347e-06
	9.455810972284305e-06
	9.349273406877853e-06
	9.241585845131728e-06
	9.176841085582807e-06
	9.135585978985786e-06
	9.06234076907806e-06
	8.884546021536191e-06
	8.649146205871492e-06
	8.569891531327836e-06
	8.717152698547183e-06
	8.967937544093042e-06
	9.167002615157079e-06
	9.211944340892515e-06
	9.122434396828712e-06
	8.953635617198259e-06
	8.761205505975502e-06
	8.599250559253242e-06
	8.526941972052042e-06
	8.45127441747802e-06
	8.426386648139235e-06
	8.526469767758779e-06
	8.68961814711439e-06
	9.007751812058569e-06
	9.569306377435972e-06
	1.009416216483498e-05
	1.027072731918754e-05
	1.008519828616949e-05
	9.619387990639758e-06
	9.077067236124369e-06
	8.698247578887212e-06
	8.550216596632551e-06
	8.613790266373112e-06
	8.801644536370965e-06
	8.975106208337958e-06
	9.045457440778355e-06
	9.056004572069288e-06
	9.027383309917396e-06
	8.991470372587264e-06
	8.931711870045761e-06
	8.886680673475765e-06
	8.898230310259759e-06
	9.004254220203228e-06
	9.234526244453284e-06
	9.501328260238498e-06
	9.684258183601582e-06
	9.738685939963289e-06
	9.724248141022956e-06
	9.723489076637655e-06
	9.84609968479171e-06
	9.96705618959011e-06
	9.878155246373448e-06
	9.549166231342316e-06
	9.252793363960281e-06
	9.217769582205608e-06
	9.333395148755798e-06
	9.452459893137509e-06
	9.435225789661435e-06
	9.240112834313554e-06
	8.903908192367928e-06
	8.546626153309638e-06
	8.295769862038561e-06
	8.222471222950285e-06
	8.388557565983638e-06
	8.744051456561376e-06
	9.183650793775066e-06
	9.60577856077747e-06
	9.891221084279221e-06
	9.929786078385377e-06
	9.750365767974487e-06
	9.469191716983674e-06
	9.185442717035265e-06
	8.978927225179183e-06
	8.879347260460116e-06
	8.886269019921956e-06
	8.996084877884497e-06
	9.174334577591124e-06
	9.367169080998885e-06
	9.514637397829335e-06
	9.649032466284131e-06
	9.770472353577476e-06
	9.891795193071781e-06
	1.00058960510993e-05
	1.004524146745096e-05
	9.997548688465262e-06
	9.901617624950734e-06
	9.823884628947692e-06
	9.917636140598513e-06
	1.006021538223789e-05
	1.008102005359463e-05
	9.957864689230587e-06
	9.780703913798682e-06
	9.559741325123683e-06
	9.303009222621458e-06
	9.053796124534542e-06
	8.907889867123252e-06
	8.955815917940753e-06
	9.102329440314338e-06
	9.274914390790263e-06
	9.393463823412337e-06
	9.436745537882727e-06
	9.479539115413314e-06
	9.550311575622912e-06
	9.589322883072542e-06
	9.516923293678655e-06
	9.383840655182127e-06
	9.31158315427951e-06
	9.303239555460189e-06
	9.294667519385342e-06
	9.304065926997058e-06
	9.372013027428351e-06
	9.486692393073344e-06
	9.58416650198852e-06
	9.61428605680278e-06
	9.569362604873115e-06
	9.515974158569908e-06
	9.466447888058038e-06
	9.375716925143874e-06
	9.273168384213766e-06
	9.151246132924339e-06
	9.063125626491863e-06
	9.09993942998931e-06
	9.153463624478562e-06
	9.133777618605565e-06
	9.100713906777025e-06
	9.145866970321527e-06
	9.306851528016404e-06
	9.468482941877705e-06
	9.473450541361211e-06
	9.286058068753626e-06
	8.994323865445288e-06
	8.728636679447617e-06
	8.529255213908754e-06
	8.417266545034677e-06
	8.454930239827123e-06
	8.549512830568312e-06
	8.585027937238509e-06
	8.577968658215746e-06
	8.583852362152407e-06
	8.617046092160915e-06
	8.635589676772165e-06
	8.625241640501736e-06
	8.613521736464797e-06
	8.616532276557335e-06
	8.622766855460134e-06
	8.675333788437647e-06
	8.789369287095866e-06
	8.921392996156596e-06
	8.985770718754857e-06
	8.9910533685919e-06
	9.028197131276918e-06
	9.065886047955071e-06
	9.025831452401946e-06
	8.937419120019272e-06
	8.80896121891494e-06
	8.738370856482183e-06
	8.795820035681804e-06
	8.933607171606481e-06
	9.030967577656834e-06
	9.019452679587569e-06
	8.946113843058099e-06
	8.876063998944083e-06
	8.843318826148657e-06
	8.820035938714698e-06
	8.76983711187316e-06
	8.650658629886883e-06
	8.496784487537707e-06
	8.457789326778137e-06
	8.60333431580295e-06
	8.876342554126984e-06
	9.122965758963144e-06
	9.230741527256365e-06
	9.254453770123634e-06
	9.291958823310153e-06
	9.39509594504559e-06
	9.554350516118277e-06
	9.62101395322477e-06
	9.586211545988751e-06
	9.514669484235072e-06
	9.527821833833992e-06
	9.619532690126136e-06
	9.685753011944467e-06
	9.708201930299917e-06
	9.700013071375723e-06
	9.627110514195501e-06
	9.580779685092593e-06
	9.590076237219179e-06
	9.570651227296273e-06
	9.618879332490499e-06
	9.7480791956497e-06
	9.95398985681899e-06
	1.02153959975869e-05
	1.03454866425669e-05
	1.027843153311046e-05
	1.010304961014899e-05
	9.975764427073146e-06
	9.978703235765774e-06
	1.00768054833598e-05
	1.018354603372565e-05
	1.031586673867447e-05
	1.055455876364123e-05
	1.087072663096952e-05
	1.124820744659226e-05
	1.157885223273536e-05
	1.170108148087329e-05
	1.171446080014061e-05
	1.172044298627441e-05
	1.171574933750178e-05
	1.158352327344376e-05
	1.133489018139497e-05
	1.100430711099757e-05
	1.05247785882571e-05
	1.007716805384667e-05
	9.844853931459887e-06
	9.802670295899391e-06
	9.866830705108871e-06
	9.944948331005837e-06
	9.972880327333759e-06
	9.940136661836459e-06
	9.874431560793831e-06
	9.858764137259114e-06
	9.913211968696361e-06
	9.98316213606694e-06
	1.009029513636751e-05
	1.015143251434048e-05
	1.013394941483206e-05
	1.002703976769473e-05
	9.90512389256764e-06
	9.939822650377429e-06
	1.014287521573834e-05
	1.028000395055409e-05
	1.028283832731218e-05
	1.020258052234839e-05
	1.010095055118081e-05
	9.953956733084034e-06
	9.824573205617758e-06
	9.944078384725387e-06
	1.027242444975391e-05
	1.058852888318685e-05
	1.067620309910747e-05
	1.059175824001483e-05
	1.045699226020781e-05
	1.02561519346804e-05
	1.000297600607762e-05
	9.728690302929162e-06
	9.451594984261105e-06
	9.229276553867603e-06
	9.08060022664534e-06
	9.046098425673549e-06
	9.113001797688015e-06
	9.168754754728979e-06
	9.151922938827624e-06
	9.08219061093304e-06
	9.013934882781402e-06
	8.93326027369423e-06
	8.838393748697159e-06
	8.783902508778694e-06
	8.863627804156417e-06
	9.059616400078863e-06
	9.226961128680901e-06
	9.198761286326224e-06
	9.004455498468964e-06
	8.830034566619249e-06
	8.81280953564189e-06
	8.971781744833058e-06
	9.258031011431916e-06
	9.589862655273061e-06
	9.868839906832985e-06
	9.987868805247894e-06
	9.849149198258089e-06
	9.502115484937947e-06
	9.104451117077865e-06
	8.828901480185023e-06
	8.676287640434067e-06
	8.622731469078021e-06
	8.580883489939304e-06
	8.526976687540122e-06
	8.509209889693717e-06
	8.554504928871629e-06
	8.638114557264222e-06
	8.707964904754682e-06
	8.701958958683961e-06
	8.636413612539873e-06
	8.589896660770204e-06
	8.608086497768569e-06
	8.712568181365125e-06
	8.89455249627481e-06
	9.104378058497613e-06
	9.3173702529649e-06
	9.469744300157964e-06
	9.547962544959917e-06
	9.587772054468276e-06
	9.649818724778828e-06
	9.745235559951408e-06
	9.773958037684618e-06
	9.660190819884458e-06
	9.446615002762623e-06
	9.214240186670007e-06
	8.995967222274852e-06
	8.803889174128785e-06
	8.696017717257787e-06
	8.712368083974159e-06
	8.845672391215251e-06
	8.958453939793496e-06
	8.957266095087502e-06
	8.929900001816803e-06
	8.995206991005024e-06
	9.118181412345239e-06
	9.285941087923606e-06
	9.412637633462793e-06
	9.43165289584998e-06
	9.364307199491684e-06
	9.246402551450887e-06
	9.137596815466143e-06
	9.134830230665545e-06
	9.253893246154321e-06
	9.41194560215588e-06
	9.536155149610324e-06
	9.563666143726649e-06
	9.489379883767603e-06
	9.432546149327525e-06
	9.422763141182228e-06
	9.463016859428403e-06
	9.557521485895187e-06
	9.701245709495714e-06
	9.88598167048866e-06
	1.005198846032673e-05
	1.018059339158165e-05
	1.028270362607195e-05
	1.033996896684901e-05
	1.032850500020827e-05
	1.02773849025209e-05
	1.021962445726024e-05
	1.00377198578956e-05
	9.861194460923095e-06
	9.809552212705793e-06
	9.839641022416e-06
	9.820317404026575e-06
	9.666057131711849e-06
	9.455927450270656e-06
	9.293139345323799e-06
	9.260704377602682e-06
	9.309688138140093e-06
	9.405510728313379e-06
	9.482667436379175e-06
	9.467000788076767e-06
	9.338719405115626e-06
	9.144596984911798e-06
	8.962919641298865e-06
	8.835698176881361e-06
	8.761772620071441e-06
	8.80346186362184e-06
	8.977465419738848e-06
	9.268632951482486e-06
	9.646489120970216e-06
	1.005724316538745e-05
	1.04517239619306e-05
	1.07526441914226e-05
	1.092141526950787e-05
	1.089514630729359e-05
	1.066729912704009e-05
	1.033332853833626e-05
	1.00185959006958e-05
	9.752014135796406e-06
	9.660453751290489e-06
	9.75082774105328e-06
	9.862823151149121e-06
	9.91235553830538e-06
	9.910797817389506e-06
	9.847644996196329e-06
	9.649855828809265e-06
	9.353596534678456e-06
	9.075096550179332e-06
	8.900090148886873e-06
	8.861027130758256e-06
	8.916887135250703e-06
	9.020326196010944e-06
	9.099090797275613e-06
	9.164017928152959e-06
	9.179721268545904e-06
	9.065315633004759e-06
	8.835279101251468e-06
	8.575331202274436e-06
	8.420283277442902e-06
	8.460595557671207e-06
	8.615669363678752e-06
	8.693437453007491e-06
	8.629442305007907e-06
	8.550174815208504e-06
	8.500651895625444e-06
	8.529234345648451e-06
	8.627619059055007e-06
	8.789275005321517e-06
	8.98658500107726e-06
	9.148473013888789e-06
	9.245791124953403e-06
	9.308144866625165e-06
	9.340190190337692e-06
	9.31158222355694e-06
	9.321489614637846e-06
	9.317908696161876e-06
	9.257715727303528e-06
	9.144815272879221e-06
	9.053383013594083e-06
	9.164725985694481e-06
	9.441150123830401e-06
	9.703053846519283e-06
	9.855405478413515e-06
	9.905194942194e-06
	9.884634759848286e-06
	9.768155527127144e-06
	9.607682707172817e-06
	9.460558164311412e-06
	9.333120960599171e-06
	9.156809113705797e-06
	8.946489161463544e-06
	8.805813522120858e-06
	8.819313452378716e-06
	8.942403320623832e-06
	9.116577293402203e-06
	9.305774522652924e-06
	9.515599785722871e-06
	9.709274895763579e-06
	9.849710820601031e-06
	9.871276977199447e-06
	9.803196342233893e-06
	9.681520207127809e-06
	9.539809249907392e-06
	9.481330460113159e-06
	9.506925240638212e-06
	9.456424664445169e-06
	9.295351033959353e-06
	9.128007239276779e-06
	9.051021343015363e-06
	9.03948205049459e-06
	9.023080126478243e-06
	8.984211954010113e-06
