	0.0001904517444849828
	0.0001909517907999675
	0.0001914637645983637
	0.000191980409161418
	0.0001924943833109972
	0.0001930109654742717
	0.0001935525273519754
	0.0001940760705829846
	0.0001945667382679556
	0.0001950218489470743
	0.0001954698449490949
	0.0001960087066235465
	0.000196623875230432
	0.0001973153188632967
	0.0001980721144659927
	0.0001989022206855556
	0.0001997874883860645
	0.0002006937033272107
	0.0002015672388469415
	0.0002023715879287241
	0.0002030872058503603
	0.0002037541453523636
	0.0002043690570496326
	0.0002048776209474847
	0.0002052262672562829
	0.0002054233474021864
	0.00020550172525242
	0.0002055238990643775
	0.0002055142864586993
	0.000205459089479345
	0.0002053635120965604
	0.0002051864305741273
	0.0002049519487147393
	0.0002047429015823811
	0.000204588303651104
	0.0002044865397606942
	0.0002044416742863882
	0.0002044278011692342
	0.0002043811149642283
	0.0002042763391626323
	0.0002041014167656979
	0.0002038339392203507
	0.0002035027976449765
	0.0002032064417699884
	0.0002029824125055568
	0.0002027674066917
	0.000202546851869852
	0.0002023379962106436
	0.0002021820259708026
	0.0002020909317713255
	0.0002020527300788557
	0.0002020194608477518
	0.0002020273598809578
	0.000202055614894923
	0.0002020586399270989
	0.0002020547370984098
	0.0002020134276073497
	0.0002019494005640316
	0.0002018647937705029
	0.0002017415860645889
	0.0002015708201079398
	0.0002013871755585345
	0.0002011954993882834
	0.0002009790013763937
	0.0002007812694860834
	0.0002005909995737244
	0.0002004386421100126
	0.0002003394624500647
	0.0002002851875178773
	0.0002002637961976643
	0.0002002854049399356
	0.0002003740813723322
	0.0002005146913501432
	0.0002007180867296825
	0.0002009944128549404
	0.0002013961760519154
	0.0002018530516033534
	0.0002022844184131885
	0.0002026495835337423
	0.0002029248937306985
	0.0002031241460945254
	0.0002033114867820491
	0.0002035896637803499
	0.0002038583094607236
	0.0002040252368803564
	0.0002041076163163819
	0.0002041072234725971
	0.0002040243319312245
	0.0002039164728185188
	0.0002038086218150463
	0.0002037204854449323
	0.000203668215587543
	0.0002036086857399738
	0.0002035773640612003
	0.0002035738982710232
	0.0002036741693068498
	0.0002038134277078006
	0.0002040272981176267
	0.0002043376581152799
	0.0002047520081162336
	0.0002052175178254675
	0.0002057212173642872
	0.0002062903976646207
	0.0002069631803452168
	0.0002076636753951573
	0.0002083431424198938
	0.0002089511656811492
	0.000209496025732179
	0.0002100150179417944
	0.0002104172818307579
	0.0002106864529595312
	0.0002108996584634788
	0.0002110207970067992
	0.0002110013573218208
	0.000210846296857037
	0.000210631321223928
	0.0002103725680308182
	0.0002100326846053158
	0.0002096120199715436
	0.000209136963133732
	0.0002086595291286098
	0.0002082385619737468
	0.0002079044108519323
	0.0002075938632111529
	0.0002072565785770416
	0.0002068596522199173
	0.0002063422005693782
	0.0002057129716716792
	0.000205005770741379
	0.0002042401530353115
	0.0002034247266693802
	0.0002026047593429563
	0.0002017996471263981
	0.0002010312846394311
	0.0002002245333126585
	0.0001993451838912428
	0.0001984008544685211
	0.000197417112256711
	0.0001963954760514179
	0.0001953129393440192
	0.0001941844197744865
	0.0001930395334273977
	0.0001919122654533099
	0.0001908083944238264
	0.0001897348646991553
	0.0001887087699078479
	0.0001877213807666285
	0.0001867645757795783
	0.0001858415831327612
	0.0001849706798181314
	0.0001841642039663854
	0.0001834146280184733
	0.0001827302795906455
	0.0001820728470522124
	0.0001814376904802509
	0.0001808353846016249
	0.0001802947488355029
	0.0001798456973525388
	0.0001794890947422601
	0.0001791960108069508
	0.0001789820633420967
	0.0001788689055419227
	0.00017883122090675
	0.0001788357674210502
	0.0001788923385256571
	0.0001789604234423872
	0.0001790040543345522
	0.0001790103335792662
	0.0001789706067948776
	0.0001788841119572852
	0.0001787860585416135
	0.0001786581838570548
	0.0001785378232783931
	0.0001784205255299202
	0.0001783215932374207
	0.0001782592131390084
	0.0001782226643454691
	0.000178151811647664
	0.0001780571727122735
	0.0001779740632030361
	0.0001779387179070257
	0.0001779531013023004
	0.000177989993280081
	0.0001780510481671269
	0.0001781295827196179
	0.0001782027805384308
	0.0001782695666699039
	0.0001782595472536346
	0.0001781863593842342
	0.0001780556247441453
	0.0001778840800017605
	0.0001776731392831171
	0.0001774589264587122
	0.0001772629712718332
	0.0001770036170809264
	0.0001766231481498895
	0.0001761621459728446
	0.0001757232757710176
	0.0001753709173361169
	0.0001750853832614731
	0.0001748177060104938
	0.0001745900846729705
	0.0001744013407798738
	0.0001742540385559084
	0.0001741556514760093
	0.0001740743428537047
	0.0001740120821781539
	0.000173958093381411
	0.0001739063406082185
	0.0001738565765284473
	0.0001738048537520665
	0.0001737656872443148
	0.0001737209526921821
	0.0001736738687220688
	0.0001736206730349521
	0.0001735655816462851
	0.0001735196699400796
	0.0001734646041066326
	0.0001734099770255205
	0.0001733670825077884
	0.0001733417040319216
	0.00017331101644933
	0.0001732858118970491
	0.0001733087244819596
	0.0001733789052572933
	0.0001734925435571637
	0.0001735927714392908
	0.0001736745340598632
	0.000173795293790541
	0.0001739550165170033
	0.0001741063969295897
	0.0001742269301209686
	0.0001743272214779536
	0.0001743987318746134
	0.0001744684307411412
	0.0001745524064616656
	0.0001746618853582585
	0.000174787501144799
	0.0001749015302557647
	0.0001750021761474163
	0.0001750862570312213
	0.0001751111959024772
	0.0001751313801655236
	0.0001751968622139001
	0.0001753463526478111
	0.000175523970371664
	0.0001757062337746299
	0.0001758834745638397
	0.0001760606804007877
	0.0001762228925831877
	0.0001763996954047759
	0.0001766064825273733
	0.0001768488327098628
	0.0001771446297753047
	0.0001775035961094583
	0.0001778712998760658
	0.0001782547634706869
	0.0001786631690946787
	0.0001791176945917183
	0.0001796095008607924
	0.0001801081957181401
	0.0001805942918127533
	0.0001810649158692857
	0.0001815264945713712
	0.0001819951129345954
	0.0001824811454798604
	0.0001829764890394296
	0.0001834518221886327
	0.0001838679601332284
	0.0001841889432069006
	0.0001844405219067599
	0.0001846381030350209
	0.0001848011154951755
	0.0001849871186662341
	0.0001851951404832444
	0.0001854101381994534
	0.0001856457931121047
	0.0001859222204766802
	0.0001862473963513522
	0.0001865933471490752
	0.0001869475270768174
	0.0001872198865372928
	0.0001874257554667691
	0.0001876317786933321
	0.0001878432614979388
	0.0001879545149055988
	0.0001879447627585816
	0.0001878518981419264
	0.0001877762583673317
	0.0001877126409108348
	0.0001876253357432617
	0.0001875004434561682
	0.0001873269336673459
	0.0001871145149739117
	0.0001868702978673815
	0.0001865638857617795
	0.0001861548208153461
	0.0001856752721355606
	0.0001851798425847429
	0.0001847050526263798
	0.0001843161529868717
	0.0001840233360301621
	0.0001837916963396759
	0.0001835794869161743
	0.0001833740980098557
	0.0001831413099228084
	0.0001828488562499727
	0.0001825287252031864
	0.0001822174559782719
	0.0001819532764160112
	0.0001817758420508309
	0.0001816215285121387
	0.0001814965613321139
	0.0001813621960764957
	0.0001811870817835047
	0.0001809964530904455
	0.0001808358570295411
	0.0001806729314623765
	0.0001804846730878341
	0.000180306027962721
	0.000180172862550496
	0.0001801012208488338
	0.000180086781557779
	0.0001801349323815384
	0.0001801978503006433
	0.000180206932873403
	0.0001801333143061121
	0.0001799614704777603
	0.0001796660034356958
	0.0001792855247172647
	0.0001789235387988154
	0.0001786143569946845
	0.0001783439523423835
	0.0001781087505418049
	0.0001779303233244901
	0.0001777974396984956
	0.0001777096794830352
	0.0001776640464059012
	0.0001776499987465359
	0.0001776990563982787
	0.000177825967549758
	0.0001780582405159947
	0.0001783793359970789
	0.0001787350756032943
	0.0001791116345148612
	0.0001794919782950199
	0.0001798438600387447
	0.0001801536147165825
	0.0001804160115345293
	0.0001806245043110059
	0.0001807893894410672
	0.0001809275421974694
	0.0001809886182527394
	0.0001810097029930245
	0.0001810363600757261
	0.0001810694889760741
	0.0001811515965767989
	0.0001813318161637605
	0.0001815964141461952
	0.0001819225904927021
	0.0001823078928679907
	0.0001827287711904197
	0.000183148713402373
	0.0001835500276575475
	0.0001838811779621101
	0.0001841146442470529
	0.0001842779501817349
	0.0001844151512011169
	0.0001845212197888695
	0.000184593241067925
	0.0001846845962681553
	0.0001848040083503259
	0.0001849276296101329
	0.0001850070458158874
	0.0001850557615619377
	0.0001850969812632824
	0.0001851517996835182
	0.0001852109622458274
	0.000185261732392332
	0.0001853620292102767
	0.0001855253765522947
	0.0001857735336495963
	0.0001860618282602195
	0.0001863163695987707
	0.0001865406407774388
	0.0001867472956577604
	0.0001869533379497952
	0.0001871377659115266
	0.000187300118265434
	0.0001873894551363929
	0.0001874568900316483
	0.0001875065221017137
	0.0001875740259141288
	0.0001876805879776816
	0.0001878649727375725
	0.0001881223721380045
	0.0001884058629087965
	0.0001886693983176336
	0.000188869576030583
	0.0001890123544527533
	0.0001891067921943407
	0.000189189922823713
	0.000189285044190846
	0.0001893918056696934
	0.0001895092943905107
	0.0001896347085261808
	0.0001897444110646363
	0.0001898074900480171
	0.0001898400379610118
	0.000189882739695119
	0.0001899647247451879
	0.0001900149672145415
	0.0001899764648877826
	0.0001898356642974275
	0.0001896041889463972
	0.0001893286481589979
	0.0001890472788399126
	0.0001887591920598642
	0.0001884540984089445
	0.0001881582781389302
	0.0001878988808716864
	0.0001877524256394759
	0.000187734162111143
	0.0001878021608456067
	0.0001879363683029056
	0.0001881531018897638
	0.0001884380436808014
	0.0001887419393501303
	0.0001890218755183198
	0.0001892408024787466
	0.0001893736218414088
	0.0001893999546411773
	0.0001893374225641899
	0.0001892300672192303
	0.0001890920711887193
	0.0001889405285914948
	0.0001887737342220385
	0.0001885892365576089
	0.0001883957153061365
	0.0001883170890510626
	0.0001883077948241831
	0.0001883137666351883
	0.0001883367273460089
	0.0001884006798331865
	0.0001885129135966706
	0.0001886521658572571
	0.0001887740485295261
	0.0001888892982610262
	0.0001890005630572972
	0.0001890939558507526
	0.0001891766770975514
	0.0001892717174405634
	0.0001893833402689455
	0.0001895004859023989
	0.0001896246936696555
	0.0001897532305991128
	0.0001898582146473355
	0.0001899446490549599
	0.0001900325342245838
	0.0001900824174563947
	0.0001900569208673872
	0.0001899827029335362
	0.0001898595315831582
	0.0001897263903528611
	0.0001895588784152264
	0.0001893224580599014
	0.0001890149691296135
	0.0001886760724162322
	0.0001883087710257464
	0.0001878976894456322
	0.0001874537664044361
	0.0001870376159045732
	0.0001866256148778704
	0.0001861752398533649
	0.0001857500294922131
	0.0001853271712186841
	0.0001849245417242056
	0.0001845399365195065
	0.0001841700629093633
	0.00018381797310448
	0.0001834990353008056
	0.000183239279234583
	0.0001830427446623386
	0.0001828801332644043
	0.0001827724484951592
	0.0001826962884884943
	0.000182642269151403
	0.0001826084628342377
	0.0001826130879199379
	0.0001826471435399021
	0.0001827057500688298
	0.0001828314795475396
	0.0001829700897172931
	0.0001830808043178362
	0.0001831393578817231
	0.000183127475780491
	0.0001830909759582526
	0.0001830605144407024
	0.0001830296426398635
	0.0001830028925054862
	0.0001829691790962419
	0.0001829107562331761
	0.0001828067257122633
	0.0001826653639809796
	0.0001825444536363997
	0.0001825373878112624
	0.0001826299767123762
	0.0001827891303038108
	0.000182996547370925
	0.000183233862485746
	0.0001834550064590288
	0.0001836716581398885
	0.000183916647507587
	0.0001841883901464491
	0.0001845011641728822
	0.0001848438743707765
	0.0001851889194042364
	0.0001855286462901769
	0.0001858765544248081
	0.0001861860102184882
	0.0001864381783251519
	0.0001865936737361743
	0.0001866692499957089
	0.0001866736190901006
	0.000186620093815514
	0.0001865598594651471
	0.0001865085221633223
	0.0001864628326032067
	0.0001863966413821748
	0.0001863395487217406
	0.0001863032246460843
	0.0001862842678869151
	0.000186282746897722
	0.0001863403663805653
	0.0001864696411891574
	0.0001866644099527073
	0.0001869092468981631
	0.0001871867958754401
	0.000187484297998445
	0.000187831479326642
	0.0001881703851172364
	0.0001884322753294532
	0.0001886270273225052
	0.000188822635629993
	0.0001890890540079734
	0.0001893720561602115
	0.0001896104300002013
	0.0001898034956239574
	0.0001899672210270968
	0.0001900903583350995
	0.0001901467991827015
	0.0001901450222743878
	0.0001901325224826865
	0.0001901666757674371
	0.0001902344206334345
	0.0001903229000453591
	0.0001904239655246704
	0.0001905323352951203
	0.0001906887067448841
	0.0001909074519959066
	0.0001911981983130726
	0.0001915665737573855
	0.0001920614473965142
	0.0001926751773781949
	0.0001933631083715091
	0.0001940791803014215
	0.0001947750350536982
	0.0001954163836082724
	0.0001959645597895026
	0.0001964504185468885
	0.0001969275948088981
	0.0001973715194511977
	0.0001977321901461516
	0.0001980314051873011
	0.0001983020449137315
	0.000198573123713318
	0.0001988067347965054
	0.0001989672982214206
	0.0001990782787306618
	0.000199150838734142
	0.0001992165371104367
	0.0001993116225729471
	0.0001994536482113489
	0.0001996243055500126
	0.00019977425447829
	0.000199932369767133
	0.0002001236862398917
	0.0002003189289092907
	0.0002005544049514007
	0.0002008481888351053
	0.0002011675032625949
	0.0002014745635067426
	0.0002017631929761508
	0.0002019885159247992
	0.0002021280788121803
	0.0002021802723301123
	0.0002021838480897659
	0.000202189663766986
	0.0002021980111029109
	0.0002022173582525779
	0.0002022412053305742
	0.0002022934787566235
	0.000202425444665349
	0.0002026209554744387
	0.0002029288892027768
	0.0002033193396207685
	0.0002037511392586085
	0.0002042328476608188
	0.0002047181029491299
	0.000205236340516135
	0.0002058358388417836
	0.0002065020365554745
	0.0002072419964020706
	0.000208015314451528
	0.0002087332749559435
	0.0002093231050619354
	0.0002098039371517854
	0.0002101324821395273
	0.0002103564648907666
	0.0002105025034910919
	0.0002105674111843711
	0.0002105219538897428
	0.0002103700901238286
	0.0002101200144838837
	0.0002097502322497504
	0.00020934534178742
	0.0002089934934342453
	0.0002086310389508264
	0.0002082816877792547
	0.0002079922265901432
	0.0002077648359556139
	0.0002076059108312762
	0.0002074902085408326
	0.0002074248681045236
	0.0002073794637787893
	0.0002073792542090953
	0.0002073845772751414
	0.0002073788379765812
	0.0002073996163580768
	0.0002074497094761483
	0.0002074908270588578
	0.0002076058614692961
	0.0002078205572886433
	0.0002080630563971663
	0.0002083106541419593
	0.000208569600963156
	0.000208876587909255
	0.0002092236823365694
	0.0002095595557395029
	0.0002098205196142417
	0.0002100218127685908
	0.000210190984009231
	0.0002103210572736942
	0.0002104251650442143
	0.0002104853404467447
	0.0002105317112329834
	0.0002106003994854584
	0.0002106575827165011
	0.0002106644505829545
	0.0002105832780739867
	0.0002104008477952398
	0.0002101295544245102
	0.0002098125915873518
	0.0002094906926118735
	0.0002091941074741857
	0.0002089061966449643
	0.0002086260198791695
	0.0002083534622077003
	0.0002081211062197674
	0.0002079471170881978
	0.0002078584897977134
	0.0002078470861996477
	0.0002079104533353827
	0.0002080186992218543
	0.0002081737845632222
	0.0002083572134555931
	0.0002085986836911278
	0.0002088888131351716
	0.0002092369818009174
	0.0002096412577917808
	0.0002100275242784771
	0.0002103291202801163
	0.0002105490530069074
	0.0002107233460858347
	0.000210846408819178
	0.0002109458379139202
	0.0002110289278531034
	0.0002110507764188262
	0.0002110400213810528
	0.0002110852755995444
	0.0002111646686482579
	0.0002112701156024983
	0.0002113904199590239
	0.0002115037088635481
	0.0002115623732486481
	0.0002115174827673796
	0.0002113777038929923
	0.000211156819769031
	0.0002109233324355757
	0.0002106965980617113
	0.0002104755322121786
	0.0002101765148399253
	0.0002098240020630848
	0.0002094304437132414
	0.0002090335277675552
	0.0002086199674835863
	0.0002081751083561988
	0.0002077102242371825
	0.0002071253235118007
	0.0002064486506630498
	0.0002057159737336373
	0.0002048973019521909
	0.0002039678855959784
	0.0002029744616288575
	0.0002019038222062357
	0.0002007661245061626
	0.000199644990273974
	0.000198590358630121
	0.0001975668187225863
	0.0001965701691123873
	0.0001956269657161908
	0.0001947529201571429
	0.0001938658865057144
	0.0001929332014993954
	0.0001919781694997548
	0.0001910900119311697
	0.0001903054956170633
	0.0001895907917713916
	0.0001889751832966107
	0.0001884547004943233
	0.0001880780762084941
	0.0001878276845174609
	0.0001876248165541023
	0.0001873772626685518
	0.0001871262227411108
	0.0001869228304401704
	0.0001867513247665039
	0.000186618443061081
	0.0001864788237026886
	0.0001863122554181329
	0.0001861256761384632
	0.000185880104303195
	0.0001855379984598051
	0.0001851517606675272
	0.0001846738609955412
	0.0001841119593191845
	0.0001835147108109513
	0.0001829165846128647
	0.0001822608332333232
	0.0001815802284231216
	0.0001808890846099356
	0.0001801914874420496
	0.0001794847250622911
	0.0001787693181259861
	0.0001780021721399591
	0.0001771435599480419
	0.0001762306985829167
	0.0001753240108098814
	0.000174464582792699
	0.0001736365516605608
	0.0001728818994757479
	0.0001721847066194386
	0.0001715808391698152
	0.0001710357512302547
	0.0001705086564622811
	0.0001700111759961185
	0.0001696091460599664
	0.0001693155160803876
	0.0001690616905646713
	0.0001688807433251914
	0.0001688105401623559
	0.0001688111214901176
	0.0001688731148635908
	0.000169006448277071
	0.0001692415499006753
	0.0001695791356140301
	0.0001699915651821863
	0.000170480016307315
	0.0001710237283098472
	0.000171603791989458
	0.0001721775716713611
	0.0001726686764249785
	0.0001730652968989794
	0.0001733736861683464
	0.0001735770645560565
	0.0001736881501669393
	0.0001737329581802551
	0.0001737345693337835
	0.0001737363991543596
	0.0001737710665224386
	0.0001738371562422001
	0.0001739390803874834
	0.0001740165540146724
	0.0001740521024586907
	0.0001740688612348273
	0.0001740567373665274
	0.000174057491942953
	0.0001740361222698678
	0.0001739868401166382
	0.0001739561111641672
	0.0001739838901582455
	0.0001740857972980369
	0.0001742241016073872
	0.0001743523880115944
	0.000174476709278523
	0.0001746095799751568
	0.0001747740052352292
	0.0001750388313525466
	0.0001754261541016052
	0.0001759096006799439
	0.0001764357991132536
	0.0001769952572644596
	0.0001775730158483637
	0.0001781633866029365
	0.0001788168485419622
	0.0001794995996969512
	0.0001801851682389765
	0.0001808483528585416
	0.0001814932713983537
	0.0001821332630111456
	0.0001827887819257647
	0.0001834428294655109
	0.0001841080016816775
	0.0001847629817342292
	0.0001854495097496244
	0.0001862070890346816
	0.0001869807771212845
	0.000187786322719
	0.0001886166298144501
	0.0001894263294175388
	0.0001902073986140257
	0.000190985688551934
	0.0001917763405583581
	0.0001925796823697771
	0.0001933736348745765
	0.0001941447012280894
	0.0001949111495778161
	0.0001956477860416127
	0.0001963323325720206
	0.000196957046291654
	0.0001975283277630007
	0.0001980740002730292
	0.0001986270902746524
	0.0001991775291828407
	0.0001997273999494458
	0.0002002964367053245
	0.000200872550919656
	0.0002014295256612016
	0.0002019234492811497
	0.0002023542643084781
	0.0002027297001159954
	0.0002030678937887344
	0.0002033817705516329
	0.0002036590118571266
	0.0002039011750875679
	0.0002042125139617756
	0.0002045140822004716
	0.0002047887809922489
	0.0002050287587949402
	0.0002052599852281083
	0.0002055023656148546
	0.0002057345085556441
	0.0002059492471543324
	0.0002061801148779253
	0.0002064247363205084
	0.0002066209310541021
	0.0002067211071907226
	0.0002067319213489007
	0.0002066842977309411
	0.0002065964515556836
	0.0002064444771218984
	0.0002062359152308388
	0.0002059691944685604
	0.000205673510567919
	0.0002054004632538115
	0.0002051495898549948
	0.0002049323017209985
	0.0002047283009318873
	0.0002045263817694054
	0.0002042922490128634
	0.0002040623358753651
	0.0002038547142545851
	0.0002036607516899074
	0.0002034555489205374
	0.0002032513681409426
	0.0002030468903519551
	0.0002028281816197772
	0.0002025884291580198
	0.0002023397025797684
	0.0002021096526502143
	0.0002019111753232262
	0.0002017346517643536
	0.0002016061681852005
	0.000201501350330867
	0.00020140583608988
	0.0002013018401702386
	0.0002011981269883583
	0.0002011137039230285
	0.0002010587965391875
	0.0002010493075636323
	0.0002010947297763667
	0.0002010991500310461
	0.0002009718854696896
	0.0002006987938020209
	0.0002003127964446067
	0.0001998638696979717
	0.0001994199964551122
	0.000199002124464314
	0.0001986325613087281
	0.0001982885573235625
	0.0001979571730674544
	0.0001976764006373238
	0.0001973970395508533
	0.0001971626561156671
	0.0001969701502705144
	0.0001968023359123714
	0.0001966402740776912
	0.0001965158806323617
	0.0001964429948446031
	0.0001963952799008812
	0.000196368672007876
	0.0001963321247109557
	0.0001962786508665892
	0.0001962411119518442
	0.0001962503432031822
	0.0001963391657546326
	0.0001965406248893417
	0.000196847096890669
	0.00019721944969507
	0.0001976001900335859
	0.0001979640647712208
	0.0001983371851054841
	0.0001987724269382123
	0.0001992456845995292
	0.0001997845906984082
	0.0002003480890215091
	0.0002008608944270608
	0.0002012878816643197
	0.0002016370843931994
	0.000201960251001638
	0.0002022654810625855
	0.0002025569128044177
	0.0002027954781013999
	0.0002029917603372173
	0.000203144885684417
	0.000203266566668707
	0.0002033553314131633
	0.0002033902088175456
	0.0002033476522594652
	0.0002032856776182567
	0.0002032567288816156
	0.0002032969780691179
	0.0002034132702880864
	0.0002035978428028492
	0.0002038123698190991
	0.0002039916393391022
	0.0002041592607603705
	0.0002043703357786679
	0.0002046131417530412
	0.0002048646202325996
	0.0002051063323719815
	0.0002053129632987558
	0.0002054570698499187
	0.0002055464900668564
	0.0002056281974834145
	0.0002057180325735942
	0.0002058364462909749
	0.000206014148463422
	0.0002061941308221499
	0.000206244594564376
	0.0002061359699579273
	0.0002059465241247269
	0.0002057168967915257
	0.0002054510689934717
	0.0002052362776787253
	0.0002050209976093704
	0.000204715758956747
	0.0002042812441198503
	0.0002037673960996873
	0.0002032414443628503
	0.0002027521443440267
	0.0002023259763709428
	0.00020197117516365
	0.0002016522889574856
	0.0002013293190489598
	0.0002010007922346746
	0.0002006558652320255
	0.0002002912790745431
	0.0001999442345133486
	0.0001995918264275267
	0.0001991953929406338
	0.000198775764680559
	0.0001983572012285957
	0.0001979536822445045
	0.0001975879754706539
	0.0001972737139721801
	0.0001969844784370174
	0.0001967239409253696
	0.0001965093893680726
	0.0001963526810766958
	0.0001962443922155609
	0.0001961798978481475
	0.000196122019938529
	0.0001960533219121937
	0.0001959742677732171
	0.000195923544912516
	0.0001958602113752431
	0.0001957828445206707
	0.0001957205434769357
	0.0001957153068695184
	0.0001957486575499535
	0.0001958159956878701
	0.0001959092069940875
	0.0001960109201827559
	0.0001960676484251982
	0.0001961085162494346
	0.0001961360613156983
	0.0001961950319684466
	0.000196288417909139
	0.0001964338832383396
	0.0001966294940098328
	0.0001968555364248407
	0.0001970831875964135
	0.0001973153463817441
	0.0001975710297789577
	0.0001978671295395203
	0.0001981927927488392
	0.0001984819535421608
	0.0001987568123007311
	0.0001990220107903736
	0.0001992505061481708
	0.000199440895287523
	0.0001996277015649402
	0.0001998091654744088
	0.0001999858774757999
	0.0002001812963336166
	0.000200398560425469
	0.0002006132873421339
	0.0002007893904364791
	0.0002009125615652361
	0.0002009981735577614
	0.0002010537509724559
	0.0002010982686091294
	0.0002011573762942742
	0.0002012186362139806
	0.0002012882105718563
	0.0002013806244978059
	0.0002014744522499923
	0.0002015770916114785
	0.0002017019779782164
	0.0002018099138752391
	0.000201884084741257
	0.0002019144690295616
	0.0002019142539013944
	0.0002018516549908612
	0.0002017458810629855
	0.0002015894430286202
	0.0002013770954353125
	0.0002011150596337565
	0.0002007991959854958
	0.0002004520407845303
	0.0002001118747018597
	0.0001997798159357686
	0.0001994230317338116
	0.0001991017920545897
	0.0001988781093679215
	0.0001987459050569622
	0.000198654743897668
	0.0001985236600692221
	0.0001983105454380319
	0.0001980046834014575
	0.000197631233193074
	0.00019717398956871
	0.0001967060545908122
	0.0001962106660964794
	0.0001956505976985429
	0.000195055714205583
	0.0001944057805849486
	0.0001937214328293738
	0.0001930313813496272
	0.000192367093065292
	0.0001917426291319657
	0.0001911470079757982
	0.0001905738385928793
	0.0001899910178825091
	0.0001893697531408583
	0.0001887129604052011
	0.0001880395178570447
	0.0001873519342390198
	0.0001866513463025372
	0.0001859645553305394
	0.0001852951545211238
	0.0001846760678214066
	0.0001841107584647861
	0.000183577288296813
	0.0001830941935869504
	0.0001826659689572473
	0.0001822680232000636
	0.0001818833074188555
	0.0001815627269124189
	0.000181323257554761
	0.0001811551777805857
	0.0001810173591891031
	0.0001809158322390653
	0.0001808973557648025
	0.0001809208141864076
	0.0001809924467718315
	0.0001810599490056619
	0.0001811000568356787
	0.0001811283506823457
	0.0001811491221993836
	0.0001811574063656781
	0.0001811995426708078
	0.0001812697480716977
	0.0001814151982188364
	0.0001816416658385173
	0.0001819342090114155
	0.0001822699671333664
	0.0001826644442283592
	0.0001830593627265746
	0.0001834054367554593
	0.0001837049073123505
	0.0001840021766164837
	0.0001843398364099272
	0.0001847298620658092
	0.0001851843747230329
	0.0001857280144920171
	0.0001863594968619675
	0.0001870444723491157
	0.000187762548527762
	0.0001885386739425853
	0.000189364539390818
	0.0001902630233222411
	0.0001911935297092415
	0.0001921235101272086
	0.0001930327501299952
	0.0001939104968431924
	0.0001947585245839966
	0.000195588648434621
	0.0001964003678392711
	0.000197152836510965
	0.0001978096863609949
	0.0001983644366651766
	0.0001988423894752818
	0.0001992379455845474
	0.0001996132617969785
	0.0002000424976357669
	0.0002005104556996929
	0.0002010160496813769
	0.0002015136684870218
	0.0002018980698408914
	0.0002021313330965041
	0.0002022469283030946
	0.0002022598841477789
	0.0002022640564646952
	0.0002021596509278223
	0.0002019435136492698
	0.000201669475869915
	0.0002013726508886175
	0.0002011393611520749
	0.0002010413193865298
	0.00020106251698257
	0.0002012913883058761
	0.0002016141518192878
	0.0002020620365543672
	0.0002025422088907486
	0.0002029799862830656
	0.0002034313524489088
	0.0002038639651541973
	0.0002043147133660055
	0.0002047425035750899
	0.0002051481763357942
	0.0002054897423040674
	0.0002058136326999821
	0.0002061617223422331
	0.000206542029507439
	0.0002069297642784142
	0.0002073752724877832
	0.0002078255462343602
	0.0002082628373216234
	0.0002087286866255947
	0.0002092506573472029
	0.0002097613581766943
	0.000210176900877307
	0.0002104666203922343
	0.000210626992501405
	0.0002107202227848956
	0.0002107879084731296
	0.000210844608090043
	0.0002108624306042332
	0.0002108619453989913
	0.0002108240306336933
	0.0002107754405663287
	0.0002106597084607312
	0.0002105374635119606
	0.0002104831634648258
	0.000210497656360157
	0.0002105664850700533
	0.0002106667025488755
	0.000210839372406794
	0.0002110665933458235
	0.0002113443206719297
	0.0002116606373088042
	0.0002119974129066732
	0.0002123381491922461
	0.0002126909958041798
	0.0002130114031855148
	0.0002133241044676344
	0.0002136801881410276
	0.0002140651512613069
	0.0002144257235628445
	0.0002147705098078205
	0.0002150788348085872
	0.0002152836362859743
	0.0002153727403933118
	0.0002154340128205449
	0.0002154521088255315
	0.0002154199348689612
	0.0002153656756606684
	0.0002152682908281532
	0.0002151281695504687
	0.0002149273089519049
	0.0002146040096874133
	0.0002141509674867689
	0.0002136419671298092
	0.0002131315674963087
	0.0002125954626192333
	0.0002120768206332527
	0.0002115998784155058
	0.0002111275788460883
	0.0002106110841984254
	0.000210037764255889
	0.0002094219122098425
	0.0002087370641794796
	0.0002080204419395353
	0.0002073070579655149
	0.0002065889977044672
	0.0002058918998394133
	0.0002052575806103905
	0.0002046970725391561
	0.0002041881517155879
	0.0002037384736964128
	0.0002033482242537057
	0.000203008380690617
	0.0002026842230575234
	0.0002023592346704927
	0.0002020345927742871
	0.0002016873953571196
	0.0002013292238899587
	0.0002009350057942864
	0.0002005731935561935
	0.0002002559651481223
	0.0001999582373805948
	0.0001996545475797704
	0.0001993085094123616
	0.0001989286899302331
	0.0001985575483919939
	0.0001982376236350353
	0.0001979796535020319
	0.0001977762818432165
	0.0001976524638191389
	0.0001975230856875626
	0.00019737241208776
	0.0001972042611270678
	0.0001970388873589407
	0.000196870248441601
	0.0001966666528622969
	0.000196468757537536
	0.0001962954752864261
	0.0001961238776003069
	0.0001959323931588063
	0.0001956776469876504
	0.0001953774551402903
	0.0001950908222467164
	0.0001948379526778798
	0.000194632128787766
	0.0001944698387150251
	0.0001943434044177447
	0.000194241525760648
	0.0001941726777391368
	0.000194119874610274
	0.0001940298841532326
	0.0001938682843819361
	0.0001936264596653069
	0.0001933190848379112
	0.000192980333699843
	0.0001926209143489556
	0.0001922298129131982
	0.0001918163621695529
	0.0001914201411233533
	0.0001910525752752286
	0.0001907432010014437
	0.0001905399192266269
	0.0001904241985368269
	0.0001903867062048097
	0.0001903739024574858
	0.0001903374777177053
	0.0001902916307765664
	0.0001902947394834273
	0.0001904070816487187
	0.0001906636414863916
	0.0001910591000044903
	0.000191548599478621
	0.000192126397584254
	0.0001927847531056421
	0.000193489563266248
	0.0001942400082917016
	0.0001950187643014672
	0.0001957708430036593
	0.0001964990047722186
	0.0001971669414556342
	0.0001977511034374084
	0.0001982494026632527
	0.0001987156677006917
	0.0001991741614109346
	0.0001996187715749434
	0.0002000064266777038
	0.0002003397618015732
	0.0002005906009382544
	0.0002007390282553613
	0.0002008354146091874
	0.0002008845565573496
	0.000200875067200445
	0.0002008929709719277
	0.0002009823252334843
	0.0002011190730402406
	0.0002012969439738596
	0.0002014767119214136
	0.0002016171706280258
	0.0002017002948609834
	0.0002017251950873011
	0.0002016789014897793
	0.0002015277909486131
	0.0002012878580847068
	0.0002009516813313799
	0.0002005319799743455
	0.0002000565829999776
	0.0001996056874118211
	0.0001991851999100803
	0.0001987788243854402
	0.0001983436968757974
	0.0001978576490132541
	0.0001973298221083929
	0.0001967363657465641
	0.0001960899467464353
	0.0001954722429570692
	0.0001948323964189749
	0.0001942022088340587
	0.0001935514859451756
	0.0001928931009600027
	0.0001922660941593803
	0.0001916291702753225
	0.0001910088552330833
	0.0001904052650628805
	0.0001898681676675698
	0.0001893952202145822
	0.0001889882404312102
	0.0001886196777008765
	0.0001882392408048856
	0.0001878342726880119
	0.0001874152524009835
	0.0001870487025978363
	0.0001867023493557157
	0.0001863683145714812
	0.0001860825064084509
	0.0001858222189769801
	0.0001855553419829556
	0.0001852507647419508
	0.0001849508807419505
	0.0001846300586047632
	0.0001843119436301327
	0.0001840512380263011
	0.0001838089277154828
	0.0001836004433737314
	0.0001833978929100025
	0.0001832412870526833
	0.000183184264864287
	0.0001831765830288093
	0.0001831942670415897
	0.0001832583933354299
	0.0001833696338006432
	0.0001835213270294034
	0.0001837088667700761
	0.0001839345870099782
	0.0001841928056408335
	0.0001844665041703337
	0.0001847559114107469
	0.0001850703498650008
	0.0001853758395814238
	0.0001856470826767285
	0.0001858847813480428
	0.0001860715342326689
	0.0001861934793803201
	0.0001862805687867659
	0.0001863799634376124
	0.0001864923048860538
	0.0001865769629784014
	0.0001866268486053604
	0.0001866192448296052
	0.0001865689346777814
	0.0001864912521620234
	0.0001863591566415317
	0.00018618470019399
	0.0001860065069302216
	0.0001858646969396698
	0.0001858030353579206
	0.0001858448719529776
	0.0001859835417203793
	0.0001862335110296358
	0.000186558764083496
	0.0001869216477930683
	0.000187295641573896
	0.0001876263058954093
	0.000187913255349659
	0.0001881092237088645
	0.0001882010540574271
	0.0001882662523790608
	0.0001883502272765593
	0.0001884525235324794
	0.0001885797345005659
	0.0001886743546623594
	0.0001887027735440502
	0.0001886331551318516
	0.0001885346331649336
	0.0001884569936910839
	0.0001883916363704148
	0.0001883914764271777
	0.0001884454186872114
	0.000188521549394182
	0.0001886298110997172
	0.0001887748634816269
	0.0001889421757181934
	0.0001891120324571915
	0.0001892856002338187
	0.0001894457412534048
	0.0001895686686499431
	0.0001896701310903211
	0.0001897292272153273
	0.0001897909907722362
	0.0001898495397386266
	0.0001898956741824026
	0.0001899280613725255
	0.0001899741295367987
	0.0001900891776963651
	0.0001902535879140529
	0.0001904688919734189
	0.0001907489407171528
	0.0001911134456618926
	0.0001915688315500451
	0.0001920929800103557
	0.0001926429405462351
	0.0001931823928835183
	0.0001937463785079584
	0.0001943494829256931
	0.000195001433527192
	0.0001956514887937378
	0.0001962135681067224
	0.00019666456179734
	0.0001970062636497643
	0.0001972724556575385
	0.0001974303661610072
	0.0001974847586644993
	0.0001974676757391983
	0.0001973788727834271
	0.0001971945731365281
	0.0001969349992536136
	0.0001966112362750209
	0.0001962524466914585
	0.0001958619912883484
	0.0001954173159561813
	0.0001949305508841505
	0.0001944183274804233
	0.0001939219023587371
	0.0001934636912070391
	0.000193069940497325
	0.0001927592570727975
	0.0001925181153675546
	0.0001923254717028529
	0.0001921680747300521
	0.0001920626747780881
	0.0001919713309364342
	0.0001919050542339108
	0.0001918606656024636
	0.0001918677223611526
	0.000191905389363093
	0.0001919472755233474
	0.0001920041908333496
	0.0001920498525780579
	0.0001920868626417836
	0.0001921054487411999
	0.0001921025217957284
	0.0001921042260041041
	0.0001921172219422659
	0.0001921131337659689
	0.0001920708720905238
	0.0001920167328789744
	0.0001919809682505306
	0.000191998777498635
	0.000192043221770105
	0.0001920857564887542
	0.0001920914962786212
	0.0001920561947213861
	0.0001920139519086784
	0.000191988566024648
	0.0001919869763895231
	0.0001920139488838838
	0.0001920728706454592
	0.0001921422298119485
	0.0001922275861735264
	0.0001923744174516518
	0.0001925861581849058
	0.0001928714540596257
	0.0001932029108071847
	0.0001935427750351847
	0.0001938672517699653
	0.0001941403921231529
	0.0001943746254554581
	0.0001945571334286712
	0.000194716712640886
	0.000194871763632505
	0.0001950680887966743
	0.000195319063463725
	0.0001956012268803292
	0.0001959133534284862
	0.0001962122202268201
	0.0001965399203624827
	0.0001969217681571519
	0.0001973451322020983
	0.0001977891843107037
	0.0001982388856779754
	0.0001987085478495311
	0.0001991496611326202
	0.0001995170935248152
	0.0001998397408886241
	0.0002000652233452025
	0.0002001580686799194
	0.0002001793633934268
	0.0002001953102457297
	0.000200259843843403
	0.0002003620299856437
	0.0002004744796916177
	0.0002006427212569564
	0.0002008789350048082
	0.0002011129668287698
	0.000201327770542881
	0.0002015314613338935
	0.0002017495533484016
	0.0002020026794846972
	0.0002022845713932012
	0.0002025642706500169
	0.0002028069602212168
	0.0002030739301422271
	0.0002033599996582326
	0.0002036244297195783
	0.0002037984916434947
	0.0002038809937333147
	0.0002039307294613707
	0.0002039801861183355
	0.0002039841076428645
	0.0002039565015993262
	0.0002039560545983585
	0.0002039927598945118
	0.0002040154516439926
	0.0002039984932667122
	0.0002039567490881496
	0.0002038751099845991
	0.0002037302347759426
	0.0002035289582591263
	0.0002032420585014069
	0.0002028905361156012
	0.0002025829827745143
	0.0002023201971746842
	0.0002020955299559361
	0.0002018986829250469
	0.0002017282200866505
	0.0002015883691930909
	0.0002014744537181862
	0.000201393437957753
	0.0002013416719091077
	0.0002012959365604699
	0.0002012562771001722
	0.0002012099404384298
	0.0002011843668902043
	0.0002012526105765147
	0.0002014317171528793
	0.0002016840127211294
	0.0002019612890379835
	0.0002022474407370026
	0.0002025876176411088
	0.0002030007936629072
	0.0002033941783826182
	0.0002036908296007809
	0.0002039039614713337
	0.0002041410637568345
	0.0002044474661277795
	0.000204813482588065
	0.0002052036000830557
	0.0002055643017473881
	0.0002058696494547257
	0.0002060836034360052
	0.0002061813552210818
	0.0002061894794120719
	0.0002060963108834245
	0.0002060118815593988
	0.0002058828727058108
	0.0002057132207215275
	0.0002054810078701387
	0.0002052635668807429
	0.000205075034388222
	0.0002048520300691175
	0.0002045678489895365
	0.0002042939035319963
	0.0002040155201354846
	0.0002037157981181506
	0.0002033968670529425
	0.0002030863434669122
	0.0002028622853657103
	0.0002027222104274227
	0.0002025526334166773
	0.0002023885188422754
	0.0002022575735052535
	0.0002021770231644974
	0.000202165114269167
	0.0002022859269349084
	0.0002024834386026384
	0.0002027185775123819
	0.0002029307738856312
	0.0002030918309086647
	0.0002032227930597907
	0.0002033549010187918
	0.0002034486326607601
	0.0002035121541815905
	0.0002035413929740841
	0.0002034858224971439
	0.0002034034196204206
	0.0002033309501888857
	0.0002032183516899848
	0.0002030472353600446
	0.0002028353466359152
	0.0002025942055210828
	0.0002023395394453167
	0.0002020797094728696
	0.000201783771482616
	0.0002014952960025169
	0.0002012363464947376
	0.0002010036099607413
	0.000200763110993949
	0.0002004636755698088
	0.0002001466289739947
	0.0001998529601640395
	0.0001996264840412076
	0.000199401125521971
	0.0001991157673260719
	0.0001987764051029658
	0.0001984179095023791
	0.0001980584053791091
	0.0001976525922075047
	0.000197190444209631
	0.0001967142167003506
	0.0001962392856244207
	0.0001957478125973253
	0.0001952138983504838
	0.0001946627982570553
	0.0001941049986460064
	0.0001935702000510412
	0.0001930426263196472
	0.0001925482264121
	0.0001921032108034072
	0.0001916929643182594
	0.0001913338459743712
	0.0001910444342725092
	0.0001907945127112588
	0.000190541970038087
	0.0001903143595540369
	0.0001901249203981565
	0.0001899044919664785
	0.0001896327630221551
	0.0001893108823736009
	0.0001889762370721419
	0.0001886657791236179
	0.0001884134300140728
	0.0001882291415823556
	0.0001881319468466508
	0.0001881263796726468
	0.0001881827879873752
	0.0001882980948969004
	0.0001884858424569122
	0.0001887288718829586
	0.0001889971968853605
	0.0001893124674400665
	0.0001896569861038202
	0.0001900101421908175
	0.0001903145432223028
	0.0001905794715360185
	0.0001908228808385509
	0.000191002952260254
	0.0001911170702144784
	0.0001911830112193022
	0.0001912212800706589
	0.0001912659430979029
	0.0001913278849522402
	0.0001914280089959891
	0.0001915471138550301
	0.0001916211965961076
	0.0001916301089817036
	0.000191599395376648
	0.0001915371036264113
	0.0001914934532309538
	0.0001914626010200444
	0.0001914540312671391
	0.0001914822157720726
	0.0001915416834379239
	0.0001916240750382246
	0.000191693573783764
	0.0001917133807319698
	0.0001916980949570014
	0.0001916489278468875
	0.0001916082172823582
	0.0001915849611037448
	0.0001915949542786264
	0.0001916446515383666
	0.0001917472636852338
	0.0001919005094333571
	0.0001920714967077647
	0.0001923088654219889
	0.0001925959844146169
	0.0001929223175144292
	0.0001932422949274608
	0.0001934774340832728
	0.0001936270471797218
	0.0001936987939216451
	0.0001936714608111466
	0.0001935539539615263
	0.0001934099478589201
	0.0001931982503573274
	0.0001929155655502825
	0.0001925790617605245
	0.0001922142870790579
	0.0001918243843026335
	0.0001914120252415141
	0.0001910029265059724
	0.0001905943865218504
	0.0001902474017682745
	0.0001900144178976794
	0.0001898869317063678
	0.0001898364436188799
	0.0001898441350579375
	0.0001898730412033476
	0.0001899166031934524
	0.0001899808243454709
	0.0001900501850075801
	0.0001901215545174632
	0.0001901893363554382
	0.0001903186239134949
	0.0001905043872494493
	0.0001907105158311838
	0.0001908712187525349
	0.0001910020008884223
	0.0001910944153206528
	0.0001911535911830892
	0.000191209007876979
	0.0001912747550429185
	0.0001913676942046658
	0.000191548066770407
	0.0001918151131025836
	0.0001921668796365221
	0.0001926305647073582
	0.0001931701513256767
	0.0001937141554099101
	0.000194190356644837
	0.0001946026922936391
	0.0001949709517501652
	0.0001952920965334948
	0.00019557951550841
	0.000195860895176368
	0.0001961434860973123
	0.0001963881660830315
	0.0001965286705078406
	0.000196557993665776
	0.0001965177122153914
	0.0001964446166475379
	0.0001964112267190151
	0.0001963879551972723
	0.0001963393198648304
	0.0001962535468004853
	0.0001961330953292374
	0.0001960176969333185
	0.0001959393213530058
	0.0001958826510201385
	0.0001958728622072787
	0.0001959155488779495
	0.0001959860375572736
	0.0001961106559864055
	0.0001962938863966179
	0.0001965197457755825
	0.0001967373434353993
	0.0001969216424907963
	0.0001970960612311258
	0.0001972761736457646
	0.0001975019590160139
	0.0001977995027099668
	0.0001981583981035225
	0.0001985623794967799
	0.0001989594280487905
	0.0001993184343830286
	0.0001996257526874016
	0.000199903173678583
	0.0002001695274964074
	0.0002004505908271069
	0.0002007643006219166
	0.0002011010745204163
	0.0002014484876241238
	0.0002017564107040868
	0.0002020262824230033
	0.0002022551336127537
	0.0002024336842777666
	0.0002025479594249427
	0.0002026096146199275
	0.0002026464089633999
	0.0002026995459662423
	0.0002027755758875118
	0.0002029182948379349
	0.000203105305681973
	0.00020327658243046
	0.0002034267701184481
	0.0002035797466792529
	0.000203769622409058
	0.0002040077286079622
	0.0002042808049730768
	0.0002045591992537389
	0.0002048123380553421
	0.0002050308837059369
	0.0002051833624301586
	0.0002052259215446121
	0.0002052215858857775
	0.0002052155019963947
	0.0002051825101337227
	0.0002051075825750425
	0.0002049731357463965
	0.0002048017149938939
	0.0002046441428346326
	0.0002045095253239297
	0.0002044279217591098
	0.0002044022933296527
	0.000204407935062066
	0.0002044570122761223
	0.0002045512548302114
	0.0002046429818810442
	0.0002046896197946957
	0.0002047080904500844
	0.0002047352949954412
	0.000204789563796542
	0.0002049034945258468
	0.0002050801464575395
	0.0002052627484611342
	0.0002054220158167611
	0.0002055357250247766
	0.0002055706132998688
	0.0002055620937551341
	0.0002055463065067109
	0.0002055107382321529
	0.0002054120106627417
	0.0002052660809092821
	0.0002050490977802852
	0.0002047731624795613
	0.0002044614109873381
	0.0002041295936678104
	0.0002037699929321334
	0.0002033667836623455
	0.0002029546126949287
	0.0002024953560453252
	0.0002020970495161041
	0.0002018234021563535
	0.0002016442467217253
	0.0002015159960435742
	0.0002014036582788543
	0.0002012849152911022
	0.0002011480648641219
	0.0002010049639793106
	0.0002008769322635643
	0.0002008113217641695
	0.0002008023307742388
	0.0002008098445970132
	0.0002008355023333116
	0.0002008487937365675
	0.0002008814535341033
	0.0002009024033613301
	0.0002008999217168403
	0.0002008207449688714
	0.0002007573682932317
	0.0002006784815911615
	0.0002005915809867736
	0.0002004860832170379
	0.0002004146103631242
	0.0002003556934395417
	0.0002003370733637075
	0.0002002858246613361
	0.0002001611707199887
	0.0001999947454624648
	0.0001997932518494501
	0.0001996104630676771
	0.0001994231065480788
	0.0001992622504911889
	0.0001991746062521846
	0.0001991670176685106
	0.0001992301278109907
	0.0001993435355492859
	0.0001995186731950392
	0.0001997574091790577
	0.0002000103767728145
	0.0002002535473640826
	0.0002004721339380896
	0.0002006813067494218
	0.0002008961695368382
	0.0002011075915066262
	0.0002013076015518589
	0.0002015199319574647
	0.000201785631641825
	0.0002020950824200183
	0.0002024175012684763
	0.000202743985180012
	0.0002030449101905659
	0.0002033239459135667
	0.0002035664859322608
	0.0002037749036025254
	0.0002039487052296367
	0.0002040722426799188
	0.0002041247598775438
	0.0002041089786273163
	0.0002040660690289322
	0.0002040150504202639
	0.0002039736780452924
	0.0002039455927359918
	0.0002039208617067324
	0.0002039130470282664
	0.0002039000844835166
	0.0002038891585162814
	0.0002038181833440981
	0.0002036781643554902
	0.0002035367391802106
	0.0002034108326102664
	0.0002033380672269749
	0.0002033349439885803
	0.0002034189297279571
	0.0002035358257104436
	0.0002036698576872211
	0.0002037631186141436
	0.0002037957594891447
	0.0002037749980720053
	0.0002037255058196283
	0.0002037232803785963
	0.000203731106902317
	0.0002036701381439914
	0.0002035195026376434
	0.0002032659756842122
	0.0002029628203016878
	0.0002026347131644226
	0.0002023166580437996
	0.0002019821439086306
	0.0002016093542368175
	0.0002011675601554901
	0.000200661042408775
	0.0002000988976417774
	0.0001995218271131357
	0.0001989369378689518
	0.0001984076640463973
	0.0001979804847394188
	0.0001977033090326993
	0.0001975533695842604
	0.0001975175260625596
	0.000197584189011891
	0.000197715639933703
	0.0001978785692614646
	0.0001980862500039942
	0.0001983136514636288
	0.0001985362495379573
	0.0001987540764341667
	0.0001989677945070485
	0.0001991543504515242
	0.0001992549792295393
	0.0001992049569521007
	0.0001990446139377353
	0.0001987958682901238
	0.0001984747487613631
	0.0001981240087205756
	0.0001977877798605735
	0.0001975265139451218
	0.0001973167546380413
	0.0001971274546632743
	0.0001969693018455516
	0.0001968594530538266
	0.0001967828931351131
	0.0001967567040527131
	0.0001967946870017172
	0.0001969221890435053
	0.0001971594703722244
	0.0001975117418884846
	0.0001979467512844661
	0.0001984310506734753
	0.0001989709788994629
