	1.186507910379784e-05
	1.186841864839439e-05
	1.187589308623832e-05
	1.189380698116589e-05
	1.192356737286659e-05
	1.196389456174225e-05
	1.201067271101982e-05
	1.206498571881748e-05
	1.212903908808377e-05
	1.220245115507876e-05
	1.228783179466803e-05
	1.238499587929562e-05
	1.248374089065947e-05
	1.258057621943823e-05
	1.267609815042933e-05
	1.277586538400472e-05
	1.287419190200288e-05
	1.297260097689022e-05
	1.307125637779081e-05
	1.316330984606279e-05
	1.323958901007486e-05
	1.329608783904143e-05
	1.333559884809756e-05
	1.336108803304815e-05
	1.338036548719102e-05
	1.340527910781632e-05
	1.344211662448332e-05
	1.349153469209829e-05
	1.354960935822122e-05
	1.360912750268462e-05
	1.365832992679931e-05
	1.369571461220678e-05
	1.372338045349956e-05
	1.373995373412602e-05
	1.37432734807592e-05
	1.373392995719118e-05
	1.370814116363342e-05
	1.365715010779401e-05
	1.358110682992328e-05
	1.348947785314786e-05
	1.339382977804597e-05
	1.329547840260415e-05
	1.320266926132309e-05
	1.311550187346562e-05
	1.303571340484612e-05
	1.29651615941351e-05
	1.290655969207297e-05
	1.286713233958048e-05
	1.284946706148259e-05
	1.284813138245734e-05
	1.285634061764098e-05
	1.286657041727588e-05
	1.288146150517719e-05
	1.289643155012888e-05
	1.290816671812028e-05
	1.291473983536967e-05
	1.291676659254353e-05
	1.291436443882198e-05
	1.290236287554834e-05
	1.287201764112683e-05
	1.282079895141897e-05
	1.275844023092337e-05
	1.269334201799012e-05
	1.26341667794962e-05
	1.258912564135123e-05
	1.255583959450594e-05
	1.25315656333683e-05
	1.251595475350175e-05
	1.251160746554736e-05
	1.251672298495415e-05
	1.253070911348426e-05
	1.254822630912889e-05
	1.256872403982268e-05
	1.259514744105651e-05
	1.263920519881459e-05
	1.270275797520676e-05
	1.277312998778573e-05
	1.283623536666523e-05
	1.288794081325961e-05
	1.292921664403889e-05
	1.295869679994195e-05
	1.298285628922806e-05
	1.301985472607496e-05
	1.305857099109794e-05
	1.308734075703603e-05
	1.310583832167232e-05
	1.311254188618412e-05
	1.310967867034482e-05
	1.310205535295598e-05
	1.308941015285264e-05
	1.307084566493386e-05
	1.304668002266372e-05
	1.301995451557084e-05
	1.299686074023841e-05
	1.29840626418803e-05
	1.297275838660766e-05
	1.294917116237282e-05
	1.292033022449337e-05
	1.289250164726008e-05
	1.286892148620973e-05
	1.284836061637304e-05
	1.282874931247473e-05
	1.281005261195906e-05
	1.279577738968762e-05
	1.27885431809595e-05
	1.278951576487758e-05
	1.279895356050212e-05
	1.282128686028713e-05
	1.285861284474067e-05
	1.29020467611674e-05
	1.294410088036078e-05
	1.298980196988968e-05
	1.30288879615965e-05
	1.305971522372218e-05
	1.308376376036522e-05
	1.310614435573234e-05
	1.312652245609765e-05
	1.314038787881787e-05
	1.314681128536236e-05
	1.315037327461368e-05
	1.315370809607259e-05
	1.315843831024228e-05
	1.315945414487181e-05
	1.315121075905709e-05
	1.312489426522944e-05
	1.308538727624536e-05
	1.303439035224631e-05
	1.297806240344834e-05
	1.292021247894451e-05
	1.285850401096766e-05
	1.279860059847193e-05
	1.273581380812935e-05
	1.266367882385372e-05
	1.25893842426319e-05
	1.251467699695968e-05
	1.243957716986701e-05
	1.236369900725897e-05
	1.228130345424063e-05
	1.219965335486067e-05
	1.21256132538539e-05
	1.206302459002763e-05
	1.200822466890701e-05
	1.195737555822599e-05
	1.190162870920795e-05
	1.18354987709727e-05
	1.176551178695216e-05
	1.169626964373359e-05
	1.16286712223084e-05
	1.15630817310756e-05
	1.150283447944397e-05
	1.145040814281154e-05
	1.140042655876313e-05
	1.135050552000939e-05
	1.130154911145555e-05
	1.125916496835435e-05
	1.122826915008883e-05
	1.121298768479898e-05
	1.121328792477668e-05
	1.122659388613144e-05
	1.125069614004528e-05
	1.12765666051414e-05
	1.130108877300737e-05
	1.131935997199722e-05
	1.133256863739702e-05
	1.134360359017894e-05
	1.135161368952757e-05
	1.135722122294147e-05
	1.135901374800166e-05
	1.134954257468917e-05
	1.132707144503282e-05
	1.129488384005478e-05
	1.125355503282438e-05
	1.120665626989733e-05
	1.115936981454598e-05
	1.111503944506621e-05
	1.107120471097074e-05
	1.102192379972297e-05
	1.097060929715812e-05
	1.092523579220238e-05
	1.089391339415872e-05
	1.088074628216869e-05
	1.088219738849687e-05
	1.089190428993703e-05
	1.090431273073068e-05
	1.091402510661914e-05
	1.092138617832242e-05
	1.093271022713367e-05
	1.094989019777572e-05
	1.097150749959223e-05
	1.099283271351281e-05
	1.101214891622222e-05
	1.102041720307752e-05
	1.101446075093017e-05
	1.100029810007771e-05
	1.097259245558562e-05
	1.09287814541906e-05
	1.087305368845515e-05
	1.081662080320454e-05
	1.076888541689255e-05
	1.073022692331626e-05
	1.069466091517467e-05
	1.065756823917512e-05
	1.061818878528284e-05
	1.05756392861963e-05
	1.053800802492216e-05
	1.051109798055449e-05
	1.049252817563982e-05
	1.047622718697652e-05
	1.04614639989868e-05
	1.044745570731362e-05
	1.043337413907762e-05
	1.041634322284297e-05
	1.039072562284653e-05
	1.035916409537077e-05
	1.032597857834974e-05
	1.029827890640559e-05
	1.027772174903161e-05
	1.02600327287865e-05
	1.023915501632709e-05
	1.021738789891365e-05
	1.019946010840683e-05
	1.018801160420302e-05
	1.019016901077683e-05
	1.020806980256612e-05
	1.023617299283219e-05
	1.026942130732859e-05
	1.029967166771807e-05
	1.032295885830523e-05
	1.034604840404327e-05
	1.037220976027137e-05
	1.039712784666119e-05
	1.04208483400969e-05
	1.044432404554371e-05
	1.046595644981309e-05
	1.048703620020638e-05
	1.050569265543904e-05
	1.05250334452004e-05
	1.054541446522454e-05
	1.056547894923402e-05
	1.058164743090032e-05
	1.059182522913242e-05
	1.059165030169179e-05
	1.058594713090503e-05
	1.05845225358119e-05
	1.059494569430753e-05
	1.060875045182877e-05
	1.061832528868916e-05
	1.06234058700011e-05
	1.062876190347799e-05
	1.063415283913236e-05
	1.063962493515771e-05
	1.065031405302447e-05
	1.0667180935829e-05
	1.069188343608347e-05
	1.072253559923997e-05
	1.075937781596522e-05
	1.079924584373584e-05
	1.083917093355982e-05
	1.087680611015251e-05
	1.090639100643683e-05
	1.092069403600754e-05
	1.092218894893237e-05
	1.091845572327476e-05
	1.091435115834711e-05
	1.091819308937443e-05
	1.093296327034855e-05
	1.095630536897721e-05
	1.098716914515844e-05
	1.102410909348428e-05
	1.105994261834359e-05
	1.109288777354266e-05
	1.112741103424712e-05
	1.116229413224663e-05
	1.119479845174983e-05
	1.122014404230961e-05
	1.123687194957442e-05
	1.124600636492732e-05
	1.125388048099292e-05
	1.126272549822073e-05
	1.127000863328782e-05
	1.127719550443629e-05
	1.128282958476361e-05
	1.128719970860904e-05
	1.128897871303239e-05
	1.129760465446059e-05
	1.131261116270997e-05
	1.133418416542668e-05
	1.136242791700771e-05
	1.139505738772017e-05
	1.143060117421134e-05
	1.146501496864279e-05
	1.149675042534269e-05
	1.152596358216104e-05
	1.15468656243158e-05
	1.155835988330947e-05
	1.155517458793674e-05
	1.153690750123599e-05
	1.15098445402049e-05
	1.148400535282046e-05
	1.146442248648528e-05
	1.145186346983541e-05
	1.144592222128288e-05
	1.143670665364352e-05
	1.141670989045525e-05
	1.138826196523987e-05
	1.135585237517324e-05
	1.132450842833646e-05
	1.129128933967007e-05
	1.125800507552656e-05
	1.122839902878793e-05
	1.120316141844375e-05
	1.117588142713664e-05
	1.115018953165095e-05
	1.113209748806065e-05
	1.112738443838135e-05
	1.113562392133861e-05
	1.115210406472632e-05
	1.116688068468683e-05
	1.117413399160114e-05
	1.117332291045074e-05
	1.116854478685339e-05
	1.11580418370243e-05
	1.114421494119722e-05
	1.112635373828149e-05
	1.110135868357066e-05
	1.107237021229964e-05
	1.104425200433459e-05
	1.101651180700535e-05
	1.098525400384239e-05
	1.095587681933516e-05
	1.093729593376086e-05
	1.093054369212965e-05
	1.093058683683496e-05
	1.09354892920372e-05
	1.094518105948925e-05
	1.09610682538152e-05
	1.098877736570626e-05
	1.103193403700373e-05
	1.108672162917078e-05
	1.114690629575245e-05
	1.120828615084672e-05
	1.126458448498469e-05
	1.131424554280264e-05
	1.135497691855804e-05
	1.138688168737041e-05
	1.140885480812076e-05
	1.142060471050638e-05
	1.142182515729874e-05
	1.14138142448472e-05
	1.139800300901351e-05
	1.137374696123748e-05
	1.134098580344672e-05
	1.130297154391949e-05
	1.126439365741274e-05
	1.122922521725506e-05
	1.119865293757157e-05
	1.118136965728374e-05
	1.117102145673014e-05
	1.116521898345252e-05
	1.116374887311545e-05
	1.117019920079253e-05
	1.118632360278488e-05
	1.120836868892455e-05
	1.123555465568242e-05
	1.126554843989607e-05
	1.129688549358996e-05
	1.133016435047064e-05
	1.136367339465948e-05
	1.13961135398292e-05
	1.142558439091009e-05
	1.144375764485967e-05
	1.145401562551699e-05
	1.145720884631017e-05
	1.14545903913136e-05
	1.145360283779556e-05
	1.145449088161386e-05
	1.145218846741187e-05
	1.145019061627832e-05
	1.144531049817368e-05
	1.144221473624061e-05
	1.144245973512697e-05
	1.144491648876982e-05
	1.144800787720403e-05
	1.145176606420854e-05
	1.145898432836211e-05
	1.14677679455738e-05
	1.14735241923218e-05
	1.14754529392921e-05
	1.146981585506999e-05
	1.145385754436894e-05
	1.143270044558506e-05
	1.141135535811527e-05
	1.139836526152977e-05
	1.139520942412193e-05
	1.140286459990328e-05
	1.142181444315482e-05
	1.144637020380105e-05
	1.147685935302327e-05
	1.151623325238146e-05
	1.155801936728933e-05
	1.159791093410937e-05
	1.1635328679185e-05
	1.167283199832154e-05
	1.17085224943596e-05
	1.17489301646345e-05
	1.179228176876096e-05
	1.183124205785691e-05
	1.186056045803821e-05
	1.188225952093626e-05
	1.18964440994495e-05
	1.190201953834727e-05
	1.190080770767069e-05
	1.189594712330608e-05
	1.188464113427377e-05
	1.18624660064919e-05
	1.182418278147272e-05
	1.177052596783054e-05
	1.171308377636632e-05
	1.165354809076086e-05
	1.159602838659368e-05
	1.154751234953684e-05
	1.151270041823931e-05
	1.148548090521973e-05
	1.145692931574091e-05
	1.142759609241782e-05
	1.140592548654368e-05
	1.139555330584061e-05
	1.139596254278927e-05
	1.140693790039936e-05
	1.142777807663302e-05
	1.145113805546879e-05
	1.147482768385104e-05
	1.149312967316518e-05
	1.150744478911814e-05
	1.152508414128766e-05
	1.155170873545584e-05
	1.158290596228722e-05
	1.16133188531392e-05
	1.164748443175681e-05
	1.168893286481264e-05
	1.172983498772067e-05
	1.176098730574234e-05
	1.178616138972164e-05
	1.180620989848354e-05
	1.181779033950292e-05
	1.182117383011579e-05
	1.181687356101678e-05
	1.180726791577229e-05
	1.179328141895153e-05
	1.177689389298685e-05
	1.175891185645793e-05
	1.173500920925318e-05
	1.170516012794381e-05
	1.167253834268312e-05
	1.163907587880601e-05
	1.160571742962121e-05
	1.157128082467508e-05
	1.154112511887253e-05
	1.151866571896811e-05
	1.14994186489209e-05
	1.148274111251663e-05
	1.146938269156545e-05
	1.14630760751495e-05
	1.146695463488672e-05
	1.147206939825377e-05
	1.147199582146696e-05
	1.146542758717404e-05
	1.145013462234399e-05
	1.142663332539226e-05
	1.139834963460492e-05
	1.136978206457702e-05
	1.134210357475424e-05
	1.131308175280211e-05
	1.128480340816888e-05
	1.126111873657456e-05
	1.124472106576829e-05
	1.123288291302289e-05
	1.122695445251644e-05
	1.122841845477284e-05
	1.123470152274598e-05
	1.124499210567945e-05
	1.125523357926414e-05
	1.126539750459874e-05
	1.127170137779445e-05
	1.127354415402956e-05
	1.127236477785204e-05
	1.126971607639663e-05
	1.12648652458497e-05
	1.126246417963155e-05
	1.126802109673442e-05
	1.128004967405627e-05
	1.12914112844718e-05
	1.129512920587805e-05
	1.129169639446165e-05
	1.128337123088761e-05
	1.127001827647295e-05
	1.125404947249618e-05
	1.123862121758685e-05
	1.122783704524129e-05
	1.122042771488898e-05
	1.121417174996935e-05
	1.120852030337291e-05
	1.120302976428279e-05
	1.120126141160162e-05
	1.120623501125451e-05
	1.122065225603456e-05
	1.124700748486657e-05
	1.128243557680117e-05
	1.132327980521076e-05
	1.136329543131373e-05
	1.139724972163527e-05
	1.142299349622734e-05
	1.144438096839475e-05
	1.146784562079833e-05
	1.149739987251262e-05
	1.152958632695552e-05
	1.156077962225599e-05
	1.158352548817804e-05
	1.159576902213994e-05
	1.159881250098673e-05
	1.15939205494202e-05
	1.1582243503953e-05
	1.157032276954534e-05
	1.156279769234455e-05
	1.155636860030412e-05
	1.154752632350313e-05
	1.153754040166433e-05
	1.152465408148835e-05
	1.15037283132616e-05
	1.147675610634473e-05
	1.145121594309922e-05
	1.143321341613137e-05
	1.142072088151926e-05
	1.140956057415948e-05
	1.140282010520467e-05
	1.140011303143304e-05
	1.140387708201971e-05
	1.142059955990117e-05
	1.145370626716432e-05
	1.149992799681982e-05
	1.154985176543228e-05
	1.159507222745534e-05
	1.163598706808014e-05
	1.168043944034961e-05
	1.17316199858282e-05
	1.178900159318865e-05
	1.184616774298937e-05
	1.190197452278626e-05
	1.195502298595422e-05
	1.19999808344557e-05
	1.203772462049136e-05
	1.206795946788749e-05
	1.209391011850195e-05
	1.211735327428665e-05
	1.21386291892714e-05
	1.215174041710825e-05
	1.215592232905569e-05
	1.215293594174592e-05
	1.214460085421442e-05
	1.213498893435899e-05
	1.212823981972367e-05
	1.213452541552327e-05
	1.21574133292186e-05
	1.219072165947554e-05
	1.222997918962244e-05
	1.227561206169234e-05
	1.232562969041329e-05
	1.237834713887258e-05
	1.243624500770305e-05
	1.250346352642432e-05
	1.258313980288422e-05
	1.26641100475975e-05
	1.272597963294235e-05
	1.276526344569604e-05
	1.278182191016648e-05
	1.278283126993267e-05
	1.277253374585947e-05
	1.275035102147086e-05
	1.271866227212026e-05
	1.267907025199203e-05
	1.263725573052863e-05
	1.259527792010155e-05
	1.255787368423008e-05
	1.252523447672417e-05
	1.249414110212905e-05
	1.246873414974865e-05
	1.245463175305991e-05
	1.245378386193951e-05
	1.24672734766205e-05
	1.249458117389795e-05
	1.253114974738292e-05
	1.257150987495487e-05
	1.260947268654273e-05
	1.264030999483039e-05
	1.265812123562557e-05
	1.265921762223984e-05
	1.264416435073616e-05
	1.261682130152735e-05
	1.257970687537485e-05
	1.254291736098378e-05
	1.250906329333354e-05
	1.248688784373341e-05
	1.24754489433264e-05
	1.248270667740784e-05
	1.250251538947163e-05
	1.25244327524765e-05
	1.254428395501435e-05
	1.256197695542706e-05
	1.257979351011504e-05
	1.260609969703178e-05
	1.264527347983481e-05
	1.270317078451186e-05
	1.277961822545643e-05
	1.286408202884902e-05
	1.295075989731186e-05
	1.303257038385412e-05
	1.310639499508307e-05
	1.317025675336351e-05
	1.322475996535488e-05
	1.327797274005194e-05
	1.33257038332947e-05
	1.336275234600174e-05
	1.338932743826344e-05
	1.340529129025876e-05
	1.340787113632992e-05
	1.34026293610687e-05
	1.34026470614266e-05
	1.34061179123881e-05
	1.340895888124054e-05
	1.34067684493811e-05
	1.339200380054185e-05
	1.337101072134281e-05
	1.33489278433094e-05
	1.332723647635923e-05
	1.330339979603528e-05
	1.327574096071484e-05
	1.324000965605162e-05
	1.319799246176822e-05
	1.315509354372286e-05
	1.311731405140857e-05
	1.309592484089529e-05
	1.309249456024397e-05
	1.310049241227063e-05
	1.311115929682196e-05
	1.312613172599304e-05
	1.314893334232197e-05
	1.318265009766788e-05
	1.322424816942618e-05
	1.326959346959117e-05
	1.331746360818099e-05
	1.336248283505923e-05
	1.339951949137299e-05
	1.342436142324406e-05
	1.343777309851072e-05
	1.344172614200332e-05
	1.344322041245189e-05
	1.344509484784636e-05
	1.345020774736509e-05
	1.345757206745639e-05
	1.345953792020581e-05
	1.34542838977693e-05
	1.34449992857832e-05
	1.343513030868663e-05
	1.342690759622453e-05
	1.342471959291955e-05
	1.342884724929825e-05
	1.34367045025623e-05
	1.344630818894023e-05
	1.345544464517069e-05
	1.346301829336941e-05
	1.346915987751955e-05
	1.347191851604284e-05
	1.347336238836246e-05
	1.348259171410829e-05
	1.349772848749778e-05
	1.351546879592453e-05
	1.353040308787208e-05
	1.354367482399424e-05
	1.356230564455489e-05
	1.358383161881896e-05
	1.360244017691571e-05
	1.36152699148876e-05
	1.363106407289706e-05
	1.366446478673854e-05
	1.371160004109244e-05
	1.375834545226466e-05
	1.380452936840718e-05
	1.384756725661519e-05
	1.389422355489975e-05
	1.394266286796578e-05
	1.399205099413197e-05
	1.404091236515223e-05
	1.407930203401769e-05
	1.410052348698469e-05
	1.41033981229968e-05
	1.409230447405105e-05
	1.406862893877362e-05
	1.40313386501852e-05
	1.398239360577898e-05
	1.392620918168231e-05
	1.38708717267076e-05
	1.381844617791256e-05
	1.376928665684122e-05
	1.372678171709728e-05
	1.369252746850495e-05
	1.365232051429405e-05
	1.359776175511816e-05
	1.353260709128739e-05
	1.346272817328916e-05
	1.338885048742094e-05
	1.331054844724389e-05
	1.323463647088538e-05
	1.316135354832703e-05
	1.309203691653136e-05
	1.302645796538734e-05
	1.295999158961409e-05
	1.28917815125079e-05
	1.282076810975818e-05
	1.274841704609737e-05
	1.267507765503007e-05
	1.260002287255213e-05
	1.252430585173189e-05
	1.244056277705637e-05
	1.234869570854559e-05
	1.225437317985651e-05
	1.216755714293796e-05
	1.209583047827182e-05
	1.203706851489901e-05
	1.199761444526257e-05
	1.196838715932581e-05
	1.194418056598433e-05
	1.19230925662834e-05
	1.190291553395532e-05
	1.188031754548206e-05
	1.186015893765705e-05
	1.183808904908591e-05
	1.181755998122709e-05
	1.179616616112918e-05
	1.176337578760574e-05
	1.171570225385355e-05
	1.165535629769865e-05
	1.158512085057027e-05
	1.150858237540069e-05
	1.143080617876448e-05
	1.135102248408242e-05
	1.127770390100122e-05
	1.121655852089767e-05
	1.116232813206113e-05
	1.110603947714432e-05
	1.104349058860448e-05
	1.097329335536358e-05
	1.08967051016843e-05
	1.081766181476923e-05
	1.073702617777174e-05
	1.066369167196187e-05
	1.060127579351875e-05
	1.055196025636257e-05
	1.050709575456646e-05
	1.046717080791936e-05
	1.043127420037987e-05
	1.039777216524405e-05
	1.036533229342054e-05
	1.033081226006556e-05
	1.02926206061005e-05
	1.025242765796468e-05
	1.021533480029917e-05
	1.018731856501568e-05
	1.017151729340964e-05
	1.017148679486707e-05
	1.018995355922095e-05
	1.02200483166698e-05
	1.025169267352942e-05
	1.028090049561008e-05
	1.031259497236802e-05
	1.035032358583591e-05
	1.03998018318501e-05
	1.046104425323063e-05
	1.053144740734311e-05
	1.060491199394386e-05
	1.067373073201943e-05
	1.073135332262461e-05
	1.077339345332242e-05
	1.079886025289392e-05
	1.08101461201161e-05
	1.080750755315841e-05
	1.079177713106252e-05
	1.076807504269296e-05
	1.074271577976687e-05
	1.071941454879114e-05
	1.069383967454819e-05
	1.066419511938073e-05
	1.063359927646266e-05
	1.060649822506356e-05
	1.05883407001947e-05
	1.058032326506889e-05
	1.057729908426984e-05
	1.058019634909099e-05
	1.058527620121429e-05
	1.058553539957643e-05
	1.058148497912991e-05
	1.057705973220404e-05
	1.05755253201754e-05
	1.057219222522454e-05
	1.056209123091685e-05
	1.055009860306535e-05
	1.054252639388982e-05
	1.053992462753924e-05
	1.054048089143926e-05
	1.054523329401276e-05
	1.056077701003111e-05
	1.059092329652619e-05
	1.063552063203728e-05
	1.068931970551755e-05
	1.075017434598707e-05
	1.081608522493995e-05
	1.088158515119168e-05
	1.094360231114828e-05
	1.100173038706656e-05
	1.105838224695928e-05
	1.111507593783126e-05
	1.116841650745054e-05
	1.121448620145302e-05
	1.125041400499019e-05
	1.12820987231374e-05
	1.132017721034165e-05
	1.137159407145637e-05
	1.142618999394988e-05
	1.148317247746413e-05
	1.153630145407519e-05
	1.157641217224127e-05
	1.160325894657013e-05
	1.162609762986392e-05
	1.16529217384284e-05
	1.168861852132137e-05
	1.173468248849093e-05
	1.179196868650287e-05
	1.186212300166475e-05
	1.194201351385455e-05
	1.202818187109907e-05
	1.211772876624754e-05
	1.220758607820178e-05
	1.229436325560586e-05
	1.237933900528498e-05
	1.245542252501366e-05
	1.251852620752767e-05
	1.257151227195175e-05
	1.261937654734934e-05
	1.266393206623247e-05
	1.270350650617519e-05
	1.27399306958151e-05
	1.277671734774681e-05
	1.28136173846784e-05
	1.285162891768007e-05
	1.28869353687148e-05
	1.291499031211614e-05
	1.29385796247505e-05
	1.295792449809182e-05
	1.297369178398509e-05
	1.299155502183591e-05
	1.301560610482421e-05
	1.304301846691665e-05
	1.306570924898887e-05
	1.308441682625484e-05
	1.309856555170254e-05
	1.310746475131463e-05
	1.310616011022007e-05
	1.309175218931792e-05
	1.306283147766452e-05
	1.302529392848564e-05
	1.298664616408806e-05
	1.294503905627771e-05
	1.290175948490989e-05
	1.285621673694419e-05
	1.281054299566055e-05
	1.276651804943769e-05
	1.272799018450223e-05
	1.269807296852719e-05
	1.267615221937027e-05
	1.265672401733832e-05
	1.26383754875372e-05
	1.262099186498608e-05
	1.26037359724594e-05
	1.258271118898865e-05
	1.255670163560353e-05
	1.252745640647845e-05
	1.249943478259905e-05
	1.248061176003262e-05
	1.247179194691573e-05
	1.246859258178722e-05
	1.246460392931761e-05
	1.245856260903929e-05
	1.244996832627789e-05
	1.244364207875719e-05
	1.244206219690798e-05
	1.244394062855867e-05
	1.244724982213471e-05
	1.245437972766475e-05
	1.246384111333498e-05
	1.247921627307368e-05
	1.249920938816501e-05
	1.252816562353589e-05
	1.256304825933778e-05
	1.258840088497533e-05
	1.260065300140643e-05
	1.259902035898764e-05
	1.25856112064641e-05
	1.256191268314978e-05
	1.252803640222645e-05
	1.248398698447819e-05
	1.243214067960761e-05
	1.237401038291063e-05
	1.23127459444143e-05
	1.225165505550895e-05
	1.219827582793226e-05
	1.215607992894775e-05
	1.212949031371402e-05
	1.211818851870689e-05
	1.211779847744685e-05
	1.21241964789858e-05
	1.212582008492874e-05
	1.211666417468994e-05
	1.208892839736448e-05
	1.204959530029403e-05
	1.200905004889726e-05
	1.197422066345565e-05
	1.195654691459583e-05
	1.196150657767057e-05
	1.197947262634358e-05
	1.199561919678021e-05
	1.20015265103691e-05
	1.199913431980939e-05
	1.199930576244585e-05
	1.201246223753949e-05
	1.204083725444994e-05
	1.208673603641708e-05
	1.214362914974058e-05
	1.219997513849016e-05
	1.224386565468625e-05
	1.227234068645755e-05
	1.229636452568546e-05
	1.232859466566808e-05
	1.238000394483799e-05
	1.244928127309145e-05
	1.252671414177757e-05
	1.260569249761082e-05
	1.268309060825272e-05
	1.275487514090757e-05
	1.281996933879984e-05
	1.287556449874033e-05
	1.291852325429603e-05
	1.295751214302063e-05
	1.298821450147519e-05
	1.300572192015706e-05
	1.301244856988376e-05
	1.301160785162308e-05
	1.300568219373896e-05
	1.299575249076413e-05
	1.298967401239987e-05
	1.299584811674805e-05
	1.300909464960845e-05
	1.302269627713225e-05
	1.303371044241537e-05
	1.3032204390374e-05
	1.301564227458835e-05
	1.299732654460693e-05
	1.298513107613176e-05
	1.298117671183578e-05
	1.29819559464802e-05
	1.297654220418289e-05
	1.295252032466161e-05
	1.290299840648189e-05
	1.284533536840532e-05
	1.27972252483961e-05
	1.275884108719164e-05
	1.272982348946495e-05
	1.270900122792212e-05
	1.268399860802432e-05
	1.265167651442445e-05
	1.261152779953501e-05
	1.256098623350777e-05
	1.250088642920396e-05
	1.243696450217086e-05
	1.237537039983612e-05
	1.231744987894566e-05
	1.226733509758906e-05
	1.222807483745569e-05
	1.220840563963166e-05
	1.22047804632081e-05
	1.220489048345099e-05
	1.220016394335256e-05
	1.219266890741494e-05
	1.218452332270024e-05
	1.217451344768949e-05
	1.21665246805284e-05
	1.216510758418278e-05
	1.217018434391586e-05
	1.217554967893301e-05
	1.217759031699254e-05
	1.217625956450943e-05
	1.217405283319745e-05
	1.217621185966093e-05
	1.218931010108951e-05
	1.221242471105287e-05
	1.224455462063397e-05
	1.22871090887606e-05
	1.233689875758166e-05
	1.23857931919408e-05
	1.242522979817433e-05
	1.244894536430012e-05
	1.245709058626693e-05
	1.245454503240017e-05
	1.244610959455737e-05
	1.244381951882806e-05
	1.244632294185519e-05
	1.244541939846369e-05
	1.24414091805584e-05
	1.243568492066757e-05
	1.243370599229837e-05
	1.243320346616611e-05
	1.242916267114266e-05
	1.241860655530545e-05
	1.240098067706271e-05
	1.237702222132428e-05
	1.234947157627794e-05
	1.232182838625454e-05
	1.230078726758931e-05
	1.228570146187646e-05
	1.227623928197298e-05
	1.227505912154817e-05
	1.228138016470435e-05
	1.229133525287778e-05
	1.230390573453075e-05
	1.231395332465571e-05
	1.232243675814334e-05
	1.233652202832527e-05
	1.235928610771824e-05
	1.23873300629737e-05
	1.24184504483156e-05
	1.244747962152762e-05
	1.247358388451348e-05
	1.24971034418055e-05
	1.252354545162876e-05
	1.255806898371259e-05
	1.260174123715852e-05
	1.265259444581475e-05
	1.270514768743015e-05
	1.275495952299929e-05
	1.280224734942367e-05
	1.284951170025436e-05
	1.289819689881161e-05
	1.294855842899578e-05
	1.299964128562777e-05
	1.303862415973279e-05
	1.306577160924083e-05
	1.308800517676459e-05
	1.31064240120645e-05
	1.311922036628586e-05
	1.313098932965646e-05
	1.314452467466183e-05
	1.315426421173847e-05
	1.315899446850344e-05
	1.315621034248869e-05
	1.314495793921905e-05
	1.312301953814569e-05
	1.309533226677319e-05
	1.306866932707404e-05
	1.304016718905176e-05
	1.300483252822729e-05
	1.296074633793545e-05
	1.290809533512993e-05
	1.284336689895987e-05
	1.277138915792149e-05
	1.270154884413807e-05
	1.263807587510698e-05
	1.258292083826608e-05
	1.253270435621331e-05
	1.248650575033795e-05
	1.24471636106322e-05
	1.241257463395097e-05
	1.237738799157144e-05
	1.234573325451718e-05
	1.231636934698255e-05
	1.228500868622027e-05
	1.22485193880948e-05
	1.220873666007139e-05
	1.216756602636688e-05
	1.212527037739896e-05
	1.208368693969372e-05
	1.204067813987527e-05
	1.200364230503746e-05
	1.196906560741266e-05
	1.193058678676516e-05
	1.18844961633613e-05
	1.183270176892374e-05
	1.177981558031102e-05
	1.172607474821691e-05
	1.167109020566759e-05
	1.161839549985784e-05
	1.157199514896008e-05
	1.153464152975908e-05
	1.151329338323499e-05
	1.150108757306209e-05
	1.149160183148984e-05
	1.148489112302047e-05
	1.148086812932763e-05
	1.148516812771077e-05
	1.150087613634712e-05
	1.15260240710453e-05
	1.154967876222425e-05
	1.156000459623012e-05
	1.155893584811399e-05
	1.154811274627218e-05
	1.152939663884719e-05
	1.150501625650411e-05
	1.147971889646081e-05
	1.145757004582504e-05
	1.143954286823978e-05
	1.142481643456715e-05
	1.141487646022696e-05
	1.14029461889859e-05
	1.138568502221601e-05
	1.13643851028424e-05
	1.134164049024801e-05
	1.132635936133922e-05
	1.131567081314231e-05
	1.131062230837446e-05
	1.131039788061034e-05
	1.131767602844328e-05
	1.13319749653281e-05
	1.135025468455732e-05
	1.137359442457364e-05
	1.141310517431509e-05
	1.146679140619849e-05
	1.152775026804938e-05
	1.15881074967306e-05
	1.164544963752152e-05
	1.16933206619522e-05
	1.172306689692927e-05
	1.173819407704437e-05
	1.175366866903639e-05
	1.178202664632254e-05
	1.182965451376759e-05
	1.188898001258058e-05
	1.193793689068134e-05
	1.196746823943682e-05
	1.198659828272218e-05
	1.202071446094966e-05
	1.208427005785439e-05
	1.216475623751074e-05
	1.224349587718179e-05
	1.230097487563483e-05
	1.233708247357222e-05
	1.235323475137828e-05
	1.235496399561348e-05
	1.234907653402059e-05
	1.233652338985554e-05
	1.23288037343844e-05
	1.233149549165347e-05
	1.233573718458297e-05
	1.233640723604855e-05
	1.23382305345282e-05
	1.234102713816341e-05
	1.234034405072784e-05
	1.233988548579975e-05
	1.233765700095833e-05
	1.233568832582888e-05
	1.233734133045141e-05
	1.234287187802144e-05
	1.234893631417132e-05
	1.235894686352753e-05
	1.237644423526598e-05
	1.239522404418248e-05
	1.241435496915899e-05
	1.243620959395126e-05
	1.246647155697495e-05
	1.250508487930785e-05
	1.25529503043081e-05
	1.26117557559274e-05
	1.268028853585091e-05
	1.275571455588025e-05
	1.28353840916142e-05
	1.291868000518029e-05
	1.300117673214174e-05
	1.307487680063956e-05
	1.313137628487569e-05
	1.317743735544736e-05
	1.321875618892494e-05
	1.326014954571183e-05
	1.329924897468737e-05
	1.333132383599833e-05
	1.334819085013125e-05
	1.334870214993897e-05
	1.333641158428555e-05
	1.331263255294722e-05
	1.328674595117394e-05
	1.326456038174318e-05
	1.324593329650114e-05
	1.32290251165131e-05
	1.322370623097399e-05
	1.323061987152994e-05
	1.325164939781582e-05
	1.328601740746493e-05
	1.333007108381564e-05
	1.338449815867219e-05
	1.344599671768391e-05
	1.350851434255331e-05
	1.35574866554855e-05
	1.359860540995136e-05
	1.364533177103239e-05
	1.369308767907454e-05
	1.373870503514347e-05
	1.377732173607489e-05
	1.380491848856129e-05
	1.381978139510821e-05
	1.381935196585847e-05
	1.380172027222679e-05
	1.376901174952734e-05
	1.37256253033097e-05
	1.367640054620879e-05
	1.361822187585704e-05
	1.355681575104163e-05
	1.349505437406595e-05
	1.343218032140022e-05
	1.336892661730612e-05
	1.330821645717422e-05
	1.325813901604208e-05
	1.322477942991404e-05
	1.320259553918087e-05
	1.31787294355277e-05
	1.314882907856036e-05
	1.311054498282e-05
	1.306483627112399e-05
	1.301315137087709e-05
	1.295820398828358e-05
	1.29008549151609e-05
	1.284296443390018e-05
	1.278556918710648e-05
	1.273083677431708e-05
	1.26815734692729e-05
	1.263535547321029e-05
	1.259391123294795e-05
	1.255931958760428e-05
	1.253431626636158e-05
	1.251958229632377e-05
	1.251217347543604e-05
	1.250765472746243e-05
	1.250194884168777e-05
	1.249435936168076e-05
	1.248638241706549e-05
	1.247787744586244e-05
	1.246677589806171e-05
	1.245505244212347e-05
	1.244463671744667e-05
	1.24350843141463e-05
	1.24228765984482e-05
	1.24147014944778e-05
	1.2417731937883e-05
	1.243051383125135e-05
	1.244821393864831e-05
	1.246120626057937e-05
	1.246642903254504e-05
	1.246208424910373e-05
	1.244808692064735e-05
	1.242598807393992e-05
	1.239805882700261e-05
	1.236924927945051e-05
	1.233698304953532e-05
	1.23037885219153e-05
	1.227205866693167e-05
	1.224452131313428e-05
	1.222461989717797e-05
	1.221192991169845e-05
	1.220444229845841e-05
	1.219880967750875e-05
	1.219453622761534e-05
	1.219701980922111e-05
	1.221284484719278e-05
	1.223822667847021e-05
	1.226087151704062e-05
	1.227223869340735e-05
	1.227220416663016e-05
	1.226471329695497e-05
	1.225255478430207e-05
	1.224033891879789e-05
	1.223282652500792e-05
	1.223374832575038e-05
	1.22387227197139e-05
	1.223954287298717e-05
	1.223486341977861e-05
	1.22221941617268e-05
	1.220041877676797e-05
	1.217836560494956e-05
	1.216628268519821e-05
	1.216764553801382e-05
	1.217516713654397e-05
	1.217624443696343e-05
	1.216407117497404e-05
	1.214273806250893e-05
	1.211621365100366e-05
	1.208630260363162e-05
	1.205841268903666e-05
	1.204019528980498e-05
	1.203611206685614e-05
	1.20451887436182e-05
	1.206167378563219e-05
	1.208098097755909e-05
	1.21016659711723e-05
	1.212667737413829e-05
	1.215484673968052e-05
	1.218661134749706e-05
	1.221995848858013e-05
	1.225178605143538e-05
	1.228346444619487e-05
	1.231676845225919e-05
	1.235628248349374e-05
	1.240289207572086e-05
	1.245690064028521e-05
	1.251469606813627e-05
	1.25794930031154e-05
	1.265998187365669e-05
	1.275817754533395e-05
	1.286511749503326e-05
	1.296605468514884e-05
	1.306037011139037e-05
	1.315423949103678e-05
	1.324422660552468e-05
	1.332278026288483e-05
	1.338481562300225e-05
	1.342931559483339e-05
	1.345553075783992e-05
	1.346328704505434e-05
	1.344545533592205e-05
	1.340142973582357e-05
	1.333523747776275e-05
	1.32493112875049e-05
	1.315567072043021e-05
	1.305815327908388e-05
	1.29566260912338e-05
	1.28489896264541e-05
	1.273853326118982e-05
	1.262722776060659e-05
	1.25193061784019e-05
	1.242705615323021e-05
	1.23513062860501e-05
	1.228683311871472e-05
	1.22346685923563e-05
	1.218810486863509e-05
	1.213962640421052e-05
	1.209288616845814e-05
	1.204901516843584e-05
	1.200927508161077e-05
	1.197304939729842e-05
	1.194269433219264e-05
	1.191699895711306e-05
	1.189044647495251e-05
	1.185654398854339e-05
	1.181840511863831e-05
	1.17752896189602e-05
	1.173082385081084e-05
	1.168657897274939e-05
	1.164388743843947e-05
	1.160115641682096e-05
	1.155580131413714e-05
	1.150603805422043e-05
	1.146213727326999e-05
	1.142428582043959e-05
	1.138987606100401e-05
	1.135840598261756e-05
	1.133480635584704e-05
	1.13193433553065e-05
	1.130855647537896e-05
	1.130656396190675e-05
	1.130695792805012e-05
	1.130344301140708e-05
	1.129936820262963e-05
	1.129688310200378e-05
	1.129666604261519e-05
	1.129645683778026e-05
	1.129830204355611e-05
	1.130288783600386e-05
	1.130727554513597e-05
	1.131122647330485e-05
	1.13120746271917e-05
	1.131139090214488e-05
	1.130962066778873e-05
	1.130749163416878e-05
	1.130977042789135e-05
	1.131594552072854e-05
	1.132273246763102e-05
	1.132581291079681e-05
	1.131834667562783e-05
	1.129876515291063e-05
	1.1274664525898e-05
	1.12566192403001e-05
	1.125040422168227e-05
	1.124868109430954e-05
	1.124564694985026e-05
	1.124158856895386e-05
	1.123594330360872e-05
	1.122718881863814e-05
	1.121247827499934e-05
	1.118488625719431e-05
	1.11482963434737e-05
	1.111587074088008e-05
	1.109365582746071e-05
	1.108345292408764e-05
	1.108329132780875e-05
	1.109212912246833e-05
	1.111038325827622e-05
	1.113928684462383e-05
	1.118465432953521e-05
	1.124001378494023e-05
	1.129879240042142e-05
	1.135957314170944e-05
	1.14211982466642e-05
	1.148148820216142e-05
	1.153710119113058e-05
	1.158565072336317e-05
	1.163437889322181e-05
	1.169119439081302e-05
	1.175178709635226e-05
	1.180772290335867e-05
	1.184903199317149e-05
	1.187229541390107e-05
	1.188417368657732e-05
	1.189550441691179e-05
	1.190629843067151e-05
	1.191233071581752e-05
	1.191584476279002e-05
	1.191523096177882e-05
	1.191396281001307e-05
	1.191179086417633e-05
	1.190606029752094e-05
	1.1898643238631e-05
	1.188985243650007e-05
	1.188314743048539e-05
	1.188127547418215e-05
	1.188751891434684e-05
	1.190155112072997e-05
	1.191705921943348e-05
	1.192714351852268e-05
	1.192771369639821e-05
	1.191955875729545e-05
	1.191193005558527e-05
	1.190600876339364e-05
	1.190079080327583e-05
	1.189752790264447e-05
	1.189965776216149e-05
	1.190686923571002e-05
	1.192506271270865e-05
	1.194968809680498e-05
	1.196841373676622e-05
	1.197283978046098e-05
	1.196048344232446e-05
	1.193967643348464e-05
	1.192186662138318e-05
	1.190839782165694e-05
	1.189750899320081e-05
	1.189676779082548e-05
	1.190855846779594e-05
	1.192554064895292e-05
	1.19393634232958e-05
	1.194749063720269e-05
	1.194413901500044e-05
	1.192933316088255e-05
	1.191029167972632e-05
	1.189598737602662e-05
	1.189294702064866e-05
	1.19005068927648e-05
	1.190917296889347e-05
	1.191617394726617e-05
	1.191874601382282e-05
	1.191516108390424e-05
	1.190795924136277e-05
	1.190359538205405e-05
	1.190592137708717e-05
	1.191139018019579e-05
	1.19191994480304e-05
	1.193016924273949e-05
	1.194562273167075e-05
	1.196302588996412e-05
	1.198192642271218e-05
	1.200101138391393e-05
	1.202114467005854e-05
	1.204267077419728e-05
	1.206580978536242e-05
	1.209256959302136e-05
	1.211740207001407e-05
	1.213913876772877e-05
	1.215610897604246e-05
	1.217127212778043e-05
	1.218496451146952e-05
	1.219512635513245e-05
	1.220104046290655e-05
	1.219994818971456e-05
	1.218981432672076e-05
	1.2179078559136e-05
	1.217949249573265e-05
	1.219293016105701e-05
	1.221301046153639e-05
	1.223942835580098e-05
	1.227168043542659e-05
	1.231102728105467e-05
	1.235363399960713e-05
	1.239560094088556e-05
	1.243625757358331e-05
	1.247044651915406e-05
	1.249758052603761e-05
	1.251851026597911e-05
	1.253363725383864e-05
	1.254896350744088e-05
	1.256466529234232e-05
	1.258051555064153e-05
	1.259191743296758e-05
	1.25966592358218e-05
	1.259098598434849e-05
	1.257309222355162e-05
	1.254437578793701e-05
	1.250838126169647e-05
	1.246785829840875e-05
	1.24271455209331e-05
	1.239470375994292e-05
	1.237549714549054e-05
	1.236723899184444e-05
	1.236285644472973e-05
	1.236505293808471e-05
	1.237603197390512e-05
	1.239261772013662e-05
	1.240787836197085e-05
	1.241659405530825e-05
	1.241431581837799e-05
	1.240353742500574e-05
	1.239031687762287e-05
	1.237729724308109e-05
	1.236804092256922e-05
	1.236694222406174e-05
	1.237379320097032e-05
	1.238669291363353e-05
	1.240262935069052e-05
	1.241347915377908e-05
	1.241251536165167e-05
	1.24081584031243e-05
	1.240655389951318e-05
	1.24100789856764e-05
	1.242095489669084e-05
	1.244113265892655e-05
	1.246677430560371e-05
	1.249317014964157e-05
	1.252562864034183e-05
	1.256790853605612e-05
	1.26247603006587e-05
	1.269910169318981e-05
	1.278271982423628e-05
	1.2866153025212e-05
	1.29370501213254e-05
	1.299911835188594e-05
	1.306728974371322e-05
	1.314018773984407e-05
	1.320945770799504e-05
	1.326909044026026e-05
	1.332094331800517e-05
	1.336399675962885e-05
	1.339273513106446e-05
	1.340229155662858e-05
	1.339452022176213e-05
	1.336902477978601e-05
	1.332412377719713e-05
	1.326437756555503e-05
	1.320055340897542e-05
	1.313661917075835e-05
	1.307909082252325e-05
	1.303498782648889e-05
	1.300234660157977e-05
	1.297443114774958e-05
	1.294449385848407e-05
	1.291074079191674e-05
	1.287864696816694e-05
	1.285025394458019e-05
	1.282147947484277e-05
	1.279240217797852e-05
	1.276511793013571e-05
	1.273993568755328e-05
	1.272152853848094e-05
	1.2712386741048e-05
	1.271510227298982e-05
	1.272846010239835e-05
	1.275066517081297e-05
	1.277855537829348e-05
	1.281152302133787e-05
	1.284306755736077e-05
	1.287275727177057e-05
	1.290338866877525e-05
	1.293795776831749e-05
	1.297844199767212e-05
	1.302605487692813e-05
	1.307657304059952e-05
	1.312405870101783e-05
	1.316544316180243e-05
	1.319745726848728e-05
	1.321994594705211e-05
	1.324157622212756e-05
	1.32628722633587e-05
	1.327963589910849e-05
	1.329154508290281e-05
	1.329657692005522e-05
	1.32917756610913e-05
	1.327209081952703e-05
	1.324103387872046e-05
	1.32012958637163e-05
	1.315167831988819e-05
	1.309715495660003e-05
	1.304195362485508e-05
	1.298527181216031e-05
	1.293025277634375e-05
	1.288468917636853e-05
	1.285039261948644e-05
	1.28349283724452e-05
	1.284054012140681e-05
	1.286237885070053e-05
	1.290054094133384e-05
	1.294498283073026e-05
	1.299724340209326e-05
	1.30566251682777e-05
	1.312389401348437e-05
	1.319393757073889e-05
	1.326154523696671e-05
	1.331679106508742e-05
	1.335309370756141e-05
	1.336809881509692e-05
	1.336318302685155e-05
	1.334053919485177e-05
	1.330899015393848e-05
	1.327444328479047e-05
	1.323925831500207e-05
	1.320320949521892e-05
	1.316096797414681e-05
	1.310828779404893e-05
	1.304646098287672e-05
	1.298009742215799e-05
	1.291377011327684e-05
	1.284933092544392e-05
	1.278832079883422e-05
	1.273114154637347e-05
	1.268200581469993e-05
	1.263693166539855e-05
	1.258764749358488e-05
	1.253675582461508e-05
	1.248587647419245e-05
	1.244335203222765e-05
	1.242292348608474e-05
	1.242208361418807e-05
	1.242907784877279e-05
	1.243691931406784e-05
	1.243332599718584e-05
	1.241684430044253e-05
	1.239245312826697e-05
	1.23631221470425e-05
	1.232553320085151e-05
	1.22764040866435e-05
	1.221844130588835e-05
	1.214895602447192e-05
	1.207008352443039e-05
	1.198515812054272e-05
	1.189480790017304e-05
	1.180194712261217e-05
	1.171436542564672e-05
	1.163982468915491e-05
	1.157652593673924e-05
	1.152021826625268e-05
	1.147121673340904e-05
	1.143147349518194e-05
	1.140315662938728e-05
	1.137938925317822e-05
	1.135391482310023e-05
	1.132650026436584e-05
	1.130735946368254e-05
	1.129497174185545e-05
	1.129087555361562e-05
	1.129607058290437e-05
	1.130851478668726e-05
	1.132664672496112e-05
	1.134854232700463e-05
	1.137254086267384e-05
	1.139623660896904e-05
	1.141581457740222e-05
	1.142844019838641e-05
	1.143687260299172e-05
	1.144322354127471e-05
	1.145101524802447e-05
	1.146439707309774e-05
	1.148355396919937e-05
	1.150125022134675e-05
	1.151430598646615e-05
	1.152343173955721e-05
	1.152897403243865e-05
	1.153268402807244e-05
	1.153371563422212e-05
	1.153341992580239e-05
	1.153716955701096e-05
	1.154313949120629e-05
	1.155140687388194e-05
	1.156563473184613e-05
	1.158779811354735e-05
	1.161067056297575e-05
	1.16264628648141e-05
	1.163946543048988e-05
	1.165513565200007e-05
	1.166866453263739e-05
	1.167462624891014e-05
	1.168096973918554e-05
	1.168890194230914e-05
	1.169780995955196e-05
	1.171188630651439e-05
	1.173306106914554e-05
	1.176009816298444e-05
	1.179101692580026e-05
	1.18229224207005e-05
	1.18530135054994e-05
	1.187710364348247e-05
	1.188908700650815e-05
	1.188931665948932e-05
	1.188122735004341e-05
	1.18656487616069e-05
	1.184549497556963e-05
	1.18290746451559e-05
	1.182011198017536e-05
	1.181551606002015e-05
	1.180807916364895e-05
	1.179207737448125e-05
	1.176885154875055e-05
	1.174037834750831e-05
	1.171301242467801e-05
	1.169992622872682e-05
	1.170430704650984e-05
	1.171409428272727e-05
	1.17172602995618e-05
	1.171042309956822e-05
	1.169883316605216e-05
	1.168723071208784e-05
	1.16764352402602e-05
	1.166883891977963e-05
	1.16670003337727e-05
	1.167276951981138e-05
	1.16922747712503e-05
	1.172312466199581e-05
	1.176013213416016e-05
	1.179095099404234e-05
	1.181135694592037e-05
	1.182113969330697e-05
	1.182321920287689e-05
	1.181960372469759e-05
	1.181540887967147e-05
	1.181919521895259e-05
	1.183501274976708e-05
	1.185644049150627e-05
	1.187634617193981e-05
	1.188805594949013e-05
	1.18931849293802e-05
	1.189419445819471e-05
	1.189219052690213e-05
	1.188789715654355e-05
	1.188428508963404e-05
	1.187929102985344e-05
	1.187463319449745e-05
	1.186919888410421e-05
	1.186976138997881e-05
	1.187843365967569e-05
	1.189437423440557e-05
	1.191137290061491e-05
	1.192297708900839e-05
	1.193165504315036e-05
	1.194152528944954e-05
	1.195530443430007e-05
	1.197524338737335e-05
	1.199753284132334e-05
	1.202061299441559e-05
	1.204443295287599e-05
	1.206129260147694e-05
	1.207254087496591e-05
	1.208739491459877e-05
	1.211074802068224e-05
	1.214025053909425e-05
	1.217409741316707e-05
	1.220705591595889e-05
	1.223667888365631e-05
	1.22547956316304e-05
	1.226156881779038e-05
	1.226422738702762e-05
	1.226649069635081e-05
	1.227540732381794e-05
	1.229223901088951e-05
	1.231653218430225e-05
	1.234331788988649e-05
	1.237036249286178e-05
	1.23930306719535e-05
	1.240319859270788e-05
	1.240590296539484e-05
	1.240411911254305e-05
	1.240105272966294e-05
	1.239764740230469e-05
	1.239155203792564e-05
	1.238870632252082e-05
	1.239004926943694e-05
	1.23957184745751e-05
	1.240653248415601e-05
	1.242713416908194e-05
	1.245635576322597e-05
	1.249182226027467e-05
	1.252992300242976e-05
	1.256831759671295e-05
	1.260809700479011e-05
	1.264447225855561e-05
	1.26769574805406e-05
	1.270749985742879e-05
	1.273197030042608e-05
	1.274327702875842e-05
	1.273459785769077e-05
	1.27114355280882e-05
	1.268000778109727e-05
	1.264554830472765e-05
	1.261325240156983e-05
	1.258759882685531e-05
	1.256539939093069e-05
	1.254140189992765e-05
	1.251489842912552e-05
	1.249540561674415e-05
	1.249208831417185e-05
	1.250575095707364e-05
	1.252901388845985e-05
	1.255463952647972e-05
	1.257362765868039e-05
	1.258197470989655e-05
	1.258158532351391e-05
	1.257786927167564e-05
	1.257839397071504e-05
	1.258547372092962e-05
	1.259566602470556e-05
	1.260008689081416e-05
	1.259515319795867e-05
	1.258469330688251e-05
	1.257105483777822e-05
	1.255505553061947e-05
	1.254213495020068e-05
	1.254076966078704e-05
	1.255352118920863e-05
	1.257608246739999e-05
	1.2603055493273e-05
	1.262872329681958e-05
	1.264548056992118e-05
	1.265328306535931e-05
	1.265871993620335e-05
	1.26695529047512e-05
	1.26876922895841e-05
	1.271258603603631e-05
	1.273888926436625e-05
	1.276000031512762e-05
	1.277481056179725e-05
	1.278579074921326e-05
	1.279550852147778e-05
	1.280242782650425e-05
	1.280626690958207e-05
	1.28043458485246e-05
	1.279398235346089e-05
	1.277556911984804e-05
	1.27541832449282e-05
	1.27324237635614e-05
	1.270804924790186e-05
	1.267895997531814e-05
	1.264814716080692e-05
	1.261779585982869e-05
	1.258742132419901e-05
	1.256990188167613e-05
	1.257225580100176e-05
	1.259015860356074e-05
	1.261220176461136e-05
	1.263084644927707e-05
	1.264408371333674e-05
	1.26532939902741e-05
	1.266340713778753e-05
	1.268012891011684e-05
	1.271165849047046e-05
	1.275266508550288e-05
	1.279860875453359e-05
	1.284345720625583e-05
	1.288315601302264e-05
	1.291241754116878e-05
	1.292747225670571e-05
	1.292643466220459e-05
	1.290433349065644e-05
	1.286788912929133e-05
	1.28266962003518e-05
	1.277881743767807e-05
	1.273132918956495e-05
	1.269281432600962e-05
	1.265986990699823e-05
	1.263659912940502e-05
	1.262054445265713e-05
	1.2614157928495e-05
	1.261404904834395e-05
	1.261888799699248e-05
	1.262758540778238e-05
	1.263591751983789e-05
	1.264623764650771e-05
	1.266326177080909e-05
	1.268551399566425e-05
	1.27093467457075e-05
	1.273260865296908e-05
	1.275820132108003e-05
	1.279340097482196e-05
	1.283738693934916e-05
	1.288710533937365e-05
	1.293987692783379e-05
	1.299498234099822e-05
	1.304807197694031e-05
	1.30998286613397e-05
	1.314887309745871e-05
	1.319384270343116e-05
	1.323860567302561e-05
	1.328088921576179e-05
	1.331878567263569e-05
	1.334727851505037e-05
	1.336271149249416e-05
	1.336683370900884e-05
	1.336281786472646e-05
	1.33529026413078e-05
	1.334137139518381e-05
	1.332837125930024e-05
	1.33127233237451e-05
	1.329157396700337e-05
	1.32629754925701e-05
	1.323188825363071e-05
	1.319793267441127e-05
	1.315775069613243e-05
	1.311214241179027e-05
	1.306518037708552e-05
	1.301885527400483e-05
	1.297736172447598e-05
	1.293636886812376e-05
	1.289220236154427e-05
	1.284965616763337e-05
	1.281647864286057e-05
	1.27911472591571e-05
	1.276825363014117e-05
	1.274759327772233e-05
	1.272977098782171e-05
	1.271712437166983e-05
	1.270946079504407e-05
	1.270294961682587e-05
	1.269650132370953e-05
	1.269743535005756e-05
	1.271363546542591e-05
	1.273658052715265e-05
	1.275324544689247e-05
	1.275921505605578e-05
	1.275540657512435e-05
	1.274398248373354e-05
	1.272865960596788e-05
	1.270835519433167e-05
	1.267734955505573e-05
	1.263077823926611e-05
	1.256964532234231e-05
	1.249939454865393e-05
	1.24314435263594e-05
	1.237123088232406e-05
	1.231884514763642e-05
	1.227441715870299e-05
	1.224590470359185e-05
	1.223935367157898e-05
	1.225404867958499e-05
	1.229154315453626e-05
	1.234427034676337e-05
	1.239401718133513e-05
	1.243560375190049e-05
	1.246629488013755e-05
	1.248757475675558e-05
	1.250125182645946e-05
	1.249915184694244e-05
	1.248125092624231e-05
	1.245176322454136e-05
	1.241399989361517e-05
	1.236798967538743e-05
	1.231630335538074e-05
	1.226942610274004e-05
	1.223597256297051e-05
	1.222525941450213e-05
	1.223250864986165e-05
	1.225166206683342e-05
	1.227402971215644e-05
	1.230327260201423e-05
	1.233695976487552e-05
	1.237408442753092e-05
	1.242502620451325e-05
	1.249956624566949e-05
	1.25907066244612e-05
	1.268520942728974e-05
	1.277309275435552e-05
	1.284335045410236e-05
	1.289489700324233e-05
	1.293182459498519e-05
	1.295539147071315e-05
