	0.01057021262713841
	0.01053196816179569
	0.01051482942154581
	0.01052104940664058
	0.01055555447213978
	0.01061927335138105
	0.01071203718826502
	0.01083014663396854
	0.01096378678827896
	0.01110069701727782
	0.01123099971022148
	0.01134711039331977
	0.01144367575393223
	0.01151318541743123
	0.01154809007342109
	0.01154092521111075
	0.01148827055394745
	0.0113951856059227
	0.01127002804054949
	0.01112724783777514
	0.01098435893297714
	0.01085500088945912
	0.01074728017881824
	0.01066433466252659
	0.01060951888675716
	0.01058645827576203
	0.0105908806582401
	0.01061907055321018
	0.01066275250271411
	0.01071408846568146
	0.01076660819654262
	0.01081630870465331
	0.01086020375701954
	0.01089439341134008
	0.01091283112716591
	0.01091324867729728
	0.01089750889860512
	0.010865702324299
	0.0108179057256514
	0.01075554457123617
	0.01068329970658038
	0.01060324228827254
	0.01051869710908942
	0.01042984940244697
	0.01033742137512164
	0.01024004787890859
	0.0101334949722174
	0.0100152969340072
	0.009884645762762994
	0.009747142974296538
	0.009613002154675235
	0.009489369718100224
	0.009380688591515151
	0.009290391089483752
	0.009216623308815361
	0.009155005252899752
	0.009104574045511252
	0.009068447832635407
	0.009046519960076913
	0.009033428814847994
	0.009020076526527053
	0.009000631540968942
	0.008971336548456058
	0.008931430290227941
	0.008885030838937082
	0.008840194025225203
	0.008807430558534874
	0.00879544334437669
	0.008807468706982636
	0.008844806350841972
	0.008903771097260652
	0.008975146306801317
	0.009046692025555894
	0.009108105838262045
	0.009150068272457833
	0.009169071520213033
	0.009165715477078723
	0.009135508267783931
	0.009082039509291462
	0.009008489407570739
	0.008919813587394803
	0.008828594972555127
	0.008744649354691381
	0.008672150047392668
	0.008612757973442266
	0.00856837899654264
	0.008544601136852263
	0.008545621248336948
	0.008573104829597531
	0.008623661558900951
	0.008691357107985158
	0.008771958544676483
	0.008865390278684267
	0.008971519474309478
	0.009088615073262819
	0.009213132208171671
	0.009336684489261194
	0.009447389019978374
	0.009536209187353864
	0.009602416709140081
	0.009645688791749778
	0.009672477683260718
	0.009689108204251508
	0.00969796282902817
	0.009698611152111965
	0.009689453538017298
	0.009670360773767572
	0.009648435230759233
	0.009629501148273465
	0.009609809993243072
	0.009586980311436608
	0.009565206815008467
	0.009547493189237906
	0.009534465238732671
	0.009532359921221246
	0.00954332552248453
	0.009565584310406699
	0.009598446324801852
	0.009642500341406344
	0.009697393571932045
	0.00976149221678909
	0.00983258131739523
	0.009904780679290631
	0.009964214842246549
	0.00999850674698617
	0.01000306653830493
	0.009979724450422405
	0.009931284467968449
	0.009863027901221375
	0.009777360885396442
	0.009681456948620434
	0.009581799528115945
	0.00948260532477745
	0.009389936946957863
	0.009309192580432961
	0.009243418244545413
	0.009191382664745342
	0.009152590956744925
	0.009124607930630314
	0.009104583836259164
	0.009094541805731547
	0.009099290602649827
	0.009120265570812032
	0.009153987674334599
	0.009198139222479404
	0.00925122954494813
	0.009306361939203671
	0.009356391860364925
	0.009393473797640016
	0.009409415881016384
	0.00939873772958307
	0.009362317584610822
	0.0093056869087789
	0.009237562463969022
	0.009168578782229432
	0.009111476890468692
	0.009072072967891557
	0.009050759423973716
	0.009044899917656331
	0.009051832323749221
	0.009071283224195014
	0.009101718095357841
	0.009142474801656081
	0.009193513782464089
	0.009253160628170056
	0.009317818482107275
	0.009383972825405639
	0.009450267970364912
	0.009523315634327739
	0.009609604158923538
	0.009711718806015322
	0.009833193461548746
	0.009970922306357922
	0.01011426568595533
	0.01024790519338022
	0.01036212988969571
	0.01044887194258238
	0.0105070603268865
	0.01053355610759078
	0.01052621135063849
	0.0104837917558565
	0.01040688342670669
	0.01029965012420746
	0.01017399452437594
	0.01004178119524733
	0.009911793331211975
	0.009790156688944176
	0.009682654597452066
	0.00959295481299449
	0.0095227731718202
	0.009470843063297606
	0.009438864783385615
	0.009426247164173215
	0.00942665692384943
	0.009434854674416083
	0.009446485399423053
	0.009456650211514678
	0.009462409704421996
	0.009458056513680844
	0.009437610338338166
	0.009396075580925074
	0.009339806310409152
	0.009274185756822765
	0.009205548948151926
	0.009136387409276329
	0.009069413625378919
	0.009009149292298712
	0.008958294549057
	0.00891659176175362
	0.008881608879404236
	0.008846731063273619
	0.008811501196881431
	0.008779406164898789
	0.008753872563030939
	0.008734628112883409
	0.008722748713760166
	0.008718353360990158
	0.008719796409915733
	0.008729960898017286
	0.008748725191742104
	0.008777158165529111
	0.008815717655602014
	0.008857983827309212
	0.008897173620037443
	0.008928078173270832
	0.008946481142085634
	0.00895205397229892
	0.008949672999840654
	0.008940600740352595
	0.008924808836602755
	0.008902624076562086
	0.008871003800659281
	0.008832068593914695
	0.00878754378429571
	0.008739211559515974
	0.008690946611977196
	0.008643552069367134
	0.008602838338423477
	0.008570532505187727
	0.008547592132861668
	0.0085349297492094
	0.008532889193429925
	0.008542670884358991
	0.008562923350446039
	0.008593942344615491
	0.008630074489707078
	0.008666669359234732
	0.008700927438619136
	0.008731923072338648
	0.008758365284554098
	0.008778286659361817
	0.008788545211308332
	0.008787285979240637
	0.008776413666343501
	0.008756794811949905
	0.008730454615783536
	0.008698783391022246
	0.008665164060688759
	0.008630400301852883
	0.008594347509385765
	0.008561525201847197
	0.008539572951809068
	0.008532359715760288
	0.008544081707154878
	0.008581201614026071
	0.008644829713175931
	0.008737202050822927
	0.008858561425384029
	0.009008281787900016
	0.009185398105399511
	0.009387356977875622
	0.009613485300995329
	0.009860862747072402
	0.01012403429814441
	0.01039413940908283
	0.01065719376274011
	0.01089571206749794
	0.01109291112413821
	0.01123349344737502
	0.01130910501683895
	0.01131367918440323
	0.01124785340992243
	0.01112034315150969
	0.0109432258575157
	0.01073351458923011
	0.01051665730011649
	0.01030835428881976
	0.010110663655357
	0.009927593114893647
	0.009769771670817357
	0.009644531480293681
	0.009554060770336437
	0.009503331672116861
	0.009495498048670123
	0.009533459902977723
	0.009613770304573811
	0.009727907380537491
	0.009866379395890888
	0.01001771691058288
	0.01016845270350717
	0.01030717968583889
	0.01042366158104039
	0.01050745849107659
	0.01055621236569563
	0.01057922751740001
	0.01058959100987014
	0.01059766053473021
	0.01061056847337378
	0.01063357876870714
	0.01067078016843844
	0.01072082210541819
	0.01078113328718528
	0.01084719993184159
	0.0109169984928135
	0.01098726870161177
	0.01105039442626134
	0.01109832110450166
	0.01112624086081051
	0.01113303028323152
	0.01112397648707458
	0.01110226993819739
	0.01107132116423974
	0.01103543750173554
	0.0109978310394309
	0.01096246931025404
	0.01092573857429967
	0.01088851602302996
	0.01084921548516127
	0.01080333829871137
	0.01074684815603533
	0.0106728818090873
	0.01057831915304371
	0.01046490975356222
	0.01033787036835287
	0.01020013798047655
	0.01005433032513567
	0.009905399369228681
	0.009761702177107142
	0.009633275683806243
	0.009527112371286362
	0.00945147776790115
	0.009408587210056824
	0.009400430375058747
	0.009424222303042672
	0.009478960452557691
	0.009560738428968816
	0.00966384353349091
	0.009783711085326224
	0.009916834161165285
	0.01005731014475812
	0.01019964355640784
	0.01033670651078154
	0.01045838587167133
	0.0105549706882294
	0.01061891052389586
	0.01064530046527856
	0.01063453374607879
	0.01058572383277268
	0.010503898065412
	0.01039401566694668
	0.01026699369544533
	0.01012735225350173
	0.009981292232413915
	0.009837611066123691
	0.009703584850492027
	0.009579791630955783
	0.009467075650388601
	0.00936604838057308
	0.009281466487682383
	0.009212281629617743
	0.009160821749966569
	0.009127935922453761
	0.009110816183812797
	0.009103070259301663
	0.009098078770922512
	0.009092240762251918
	0.009082562567180142
	0.009065986391447359
	0.009042361993330778
	0.009011134232673223
	0.008970709110466797
	0.008918718434558147
	0.008851858178015098
	0.008769813731935288
	0.008672319389673956
	0.00856392900980793
	0.008450744278939912
	0.008337163557305778
	0.008227644588271228
	0.008126214227887934
	0.008038032114014859
	0.007967259302057663
	0.00791671984349449
	0.00789012782347594
	0.007888251680116165
	0.007908562855101128
	0.007946771889242886
	0.007999375173330076
	0.008061656668429664
	0.008130917760309766
	0.008200432833346677
	0.00826259747676604
	0.008313988081486793
	0.008350139568129689
	0.008366480931589319
	0.008359736591723123
	0.008335012397057534
	0.008294509542816625
	0.008240694245482919
	0.008176792574065669
	0.008105957008751564
	0.008033405281045293
	0.007966475717678964
	0.007908003696785288
	0.007854669623187207
	0.007801607406583029
	0.007747310545863063
	0.007692250839349466
	0.007633796817359067
	0.007571358668689069
	0.007506994518628589
	0.007443106374737498
	0.007381085607103197
	0.007322913053870644
	0.007271693915197422
	0.007233735580050004
	0.00721009214771895
	0.007199701983710392
	0.007202513373598736
	0.007219101423759419
	0.007245059142087488
	0.007276829769320601
	0.007310093300674854
	0.007338743344578057
	0.007356537174161385
	0.007363078502729083
	0.007356672106384975
	0.007340428961845617
	0.007320396625995048
	0.007299892193769685
	0.007281661177333231
	0.007267223210536857
	0.007257253142726902
	0.007251956784676769
	0.00725109022409642
	0.007252212408603159
	0.007252666887118804
	0.007252931534841947
	0.007250055876987977
	0.007244409819671768
	0.007236251758596798
	0.00722719756821415
	0.007218745828413906
	0.007215197419596311
	0.007222959456876095
	0.007246609417541724
	0.0072865268605633
	0.00733779377765146
	0.007394633697487214
	0.007453615468577366
	0.007513767371326079
	0.007574258935093729
	0.007632942821002989
	0.007689115618881892
	0.007742577528669427
	0.007794023252316252
	0.007843222730082887
	0.007890924716223517
	0.007931380346223527
	0.00795958136959702
	0.007970510733156017
	0.00796099888864873
	0.007931796173063848
	0.007889487245418885
	0.00784041908410218
	0.007792233046242033
	0.007748849472215651
	0.007714164815907031
	0.007691816029913032
	0.007685329610556975
	0.007692509191875136
	0.007711431396296329
	0.007739889794278114
	0.007775033619222686
	0.007812544157610254
	0.007850824877011055
	0.007889152086788446
	0.007928529878386591
	0.007972354109110144
	0.008021235308774636
	0.008077039479660543
	0.008140128273237348
	0.008208076216059715
	0.008280344242952245
	0.008352982849946898
	0.008419124614298029
	0.008470651978907907
	0.008503914698140535
	0.008516722975146268
	0.008508848588116492
	0.008481543807924298
	0.008440379244086506
	0.00839226144692834
	0.008344150840948
	0.008303070096610844
	0.008268110260204749
	0.008238872071079616
	0.008214701271078496
	0.008197509986286402
	0.008191777305720406
	0.008197860326973783
	0.008214578744139341
	0.00823941251975386
	0.008262854236292258
	0.008275725363893448
	0.008274253029926078
	0.008257649274510583
	0.008224274095873412
	0.008176117623334853
	0.008118481102375789
	0.008055709147529521
	0.007989738707492791
	0.007923815448102821
	0.007860904147012153
	0.007803254020749717
	0.007753226293623876
	0.007712183764701883
	0.007679958683813423
	0.007655277671642798
	0.007638578796492361
	0.007630303004623975
	0.0076311476627368
	0.00764187253500083
	0.007662881379765534
	0.007697195973398368
	0.00774400066185708
	0.007800379461045258
	0.007862730374304842
	0.007929963470634648
	0.007996457322174775
	0.008058246944131936
	0.008112331906497879
	0.008156272129423232
	0.008194195040719087
	0.008231268184671171
	0.0082672214163089
	0.008299656679840076
	0.00832837215575374
	0.008352554423226221
	0.008373952042430903
	0.008398118269336799
	0.008432644494322992
	0.008482406043877658
	0.008549550877156533
	0.008636005778411598
	0.008738455131838418
	0.008852850890265562
	0.008975751586047041
	0.009105670754476302
	0.009241419087291237
	0.009378814487016182
	0.009510430667152119
	0.009625574620207911
	0.009718135016175522
	0.009788248639820148
	0.009846339288457538
	0.009903607743033414
	0.009967824039717355
	0.01003915008329305
	0.01010935561318874
	0.01017152803562433
	0.01021924324547082
	0.01025013209662447
	0.01026457938127791
	0.01026391135646084
	0.0102480820462509
	0.01022000519758775
	0.01018108160258168
	0.01013359363639989
	0.0100777366739152
	0.01001718065429482
	0.009957988242638037
	0.009907347356283621
	0.009869886793810128
	0.009847613675729561
	0.009844563434090929
	0.009860074346445698
	0.009893248395834378
	0.009937491485482751
	0.009985834573310899
	0.01003068615391703
	0.0100645418783651
	0.01008347635563863
	0.01008797635387269
	0.01008141073855869
	0.01006549657794057
	0.01003813932411139
	0.009997940018273395
	0.009944944616172227
	0.009883089045287919
	0.009814063370200366
	0.009741459063616119
	0.009666842871747528
	0.009591487737533414
	0.00951698347878115
	0.009445472461770578
	0.009375489609514735
	0.009308052302715813
	0.00924234815464706
	0.009181282665311676
	0.009130134229113289
	0.009087477809543892
	0.009047775692878008
	0.009007810712884612
	0.00896447663131205
	0.00891695537377718
	0.008867610239599593
	0.008818604008928574
	0.008775486438444254
	0.008742118559030008
	0.008721529872057725
	0.008717278615072557
	0.008733567005636477
	0.008771671338226596
	0.008831159213904604
	0.008913355256163404
	0.009016314749357567
	0.009136187869342177
	0.009261837133589858
	0.009386070563794554
	0.009505311364054659
	0.009616097052712026
	0.009712492332059263
	0.009788232655439853
	0.009840137689216211
	0.009871501582962244
	0.009882637738117967
	0.009873485958289022
	0.009844824682843093
	0.009798728106744854
	0.009739494898372421
	0.009674409983650621
	0.009608367233496064
	0.009545073275591785
	0.009487735920277029
	0.009444842283298272
	0.009425675376765759
	0.009432872923735661
	0.00946177260612149
	0.009506000911236445
	0.009558364731214682
	0.009618336999152401
	0.009685267309321096
	0.009760006630569203
	0.009839552538441508
	0.009923297043982086
	0.0100071788218269
	0.01008575748731051
	0.01015446334338268
	0.01020859686113375
	0.0102474254894391
	0.01027440759444949
	0.01029163581333287
	0.01030319092993617
	0.01031453988514387
	0.0103304327684304
	0.01034856673291709
	0.01036786836350707
	0.01038224094542538
	0.01039509193321571
	0.01040861691212711
	0.01042321702972036
	0.0104391812556585
	0.01045965260976592
	0.01048330917138653
	0.01051189556260792
	0.01054567239721312
	0.01058375308323168
	0.01062174613365721
	0.01065425139285192
	0.01067864999874177
	0.01068952379280961
	0.01068925317156389
	0.01067810764240841
	0.01065623452037028
	0.01062557770925156
	0.01058607845805994
	0.01053504852795424
	0.01047463234972565
	0.01041063162942285
	0.01034213627096523
	0.01026299509603022
	0.0101669965557467
	0.01005543538703573
	0.009925754431160332
	0.009778676754783522
	0.009614074649312618
	0.009429337086998925
	0.009226984139235153
	0.009016929331757578
	0.008811299928674618
	0.008611732050069727
	0.008424518311764001
	0.008253812312318155
	0.008105499259028169
	0.007981606034549804
	0.00788429487026052
	0.007816216208256848
	0.007773277975187651
	0.007749658082612932
	0.007738867608345108
	0.0077381241244627
	0.00774082354146936
	0.007741764053778577
	0.007736384403819727
	0.007720948946185363
	0.00769438516813538
	0.007659469156089446
	0.007616656105353761
	0.007569483513365503
	0.007523001172126675
	0.007481867344575809
	0.007447540132488942
	0.007422299031982102
	0.007406237457923388
	0.007400039119569133
	0.007403635887915131
	0.007415974701329219
	0.007431964864255097
	0.007444596428275548
	0.007447344753335569
	0.007435101272732982
	0.007409521046499569
	0.007378334835554894
	0.007345084457251359
	0.007311729802534912
	0.007280540126490392
	0.007255016175548014
	0.007238110395473001
	0.007236528550666316
	0.007256195051019053
	0.007297224006944106
	0.007355119346425798
	0.007424228019350062
	0.007499335711608531
	0.007574029875382668
	0.007642949857710971
	0.007700948779498188
	0.007748421911892676
	0.007786357012695637
	0.007817122405023269
	0.007843610443484396
	0.007866423216547468
	0.007883942867931792
	0.00789510330416477
	0.007900556590698325
	0.007902138943326342
	0.007902082924083113
	0.00790156898673571
	0.007902088543664599
	0.007903950234116974
	0.007907685462797758
	0.007906305756627159
	0.007895693872408804
	0.007876552967745871
	0.007851082509187712
	0.00782362910737771
	0.007798447466076408
	0.007775445717627929
	0.007756271051494667
	0.007740606550919853
	0.007727526392552773
	0.007717831842898833
	0.007715019677814503
	0.007718992964418872
	0.007726492961949064
	0.007733243044238012
	0.007737496255967299
	0.007738091127122136
	0.007731652209851994
	0.007717903189228066
	0.007696819893828905
	0.00766512954158015
	0.007621073220981879
	0.00756786455403885
	0.00751056284481284
	0.007455984206441234
	0.007406851443114894
	0.007367132891009269
	0.007342681655581928
	0.007337059087417215
	0.007352800735451137
	0.007391826255856227
	0.007455769652247311
	0.007545321671702771
	0.00765661558639053
	0.007778430800272018
	0.007903980632278545
	0.008029063077857598
	0.008149057535916571
	0.008260790147991668
	0.008360327070238267
	0.008441290377205883
	0.008496467171007991
	0.008524805863205594
	0.00852926412456404
	0.008516689137143901
	0.008495170495539835
	0.008473235187285606
	0.008460431169716277
	0.008460266984250397
	0.008477906185335449
	0.008515464187983804
	0.0085719626917096
	0.008645834273247844
	0.008731815250622945
	0.008828302542522343
	0.008935722855959281
	0.009058305808054112
	0.009196884721462918
	0.009350570798667841
	0.009507356572046377
	0.009653548011543478
	0.009781727186375763
	0.009889520017317823
	0.009976817027046891
	0.0100397512852212
	0.0100726453149252
	0.01007101182999099
	0.01003635080935076
	0.009973219660879561
	0.009887529397518878
	0.009785459144291181
	0.009669179273371933
	0.009541101848802042
	0.009403160161350434
	0.009257980603982113
	0.009115854327819852
	0.00898470410942499
	0.008864938984781237
	0.008755858310503104
	0.008661152117373528
	0.008581876464540261
	0.008516817731243291
	0.008462906055378465
	0.008419200542643515
	0.008382474870911521
	0.008350158961858183
	0.008322082184754668
	0.008299414666159789
	0.008281425720423062
	0.008267349526589286
	0.008257808904689799
	0.008251122394193129
	0.008245468902187553
	0.008237199985812091
	0.008221546038372128
	0.008198036790946132
	0.008168272067165411
	0.0081345066131136
	0.008100791724571631
	0.008069601906594601
	0.008042371354270231
	0.008021115334055029
	0.008004823991379155
	0.007994137294171153
	0.007992016076670813
	0.008000055902152185
	0.008017974226474718
	0.008047777327096418
	0.008092434937466411
	0.008152560097012181
	0.008224473818854879
	0.008306422753150624
	0.008397036438627624
	0.008494431810622358
	0.008597641669734254
	0.008709403018527004
	0.008829142365711581
	0.008953256221700564
	0.009078841379655605
	0.00920626093472984
	0.009333938929959058
	0.009461698732355759
	0.009587945652444358
	0.009708913777648608
	0.009820142641850358
	0.009921904003427944
	0.01001494463758387
	0.0101018866133871
	0.01018129359729441
	0.01025321966329259
	0.01031603518959642
	0.01036640909695652
	0.0103964915784504
	0.01040123247242117
	0.01038175668402526
	0.01034744746936437
	0.01030680086987962
	0.01026296687147346
	0.01021685920937602
	0.0101680418379715
	0.01011763171538834
	0.01006765262853365
	0.01001390259639421
	0.009958078099909692
	0.009901273498354722
	0.009849441109526777
	0.009805984584670168
	0.009772892712113379
	0.009750144899952646
	0.009738798338591847
	0.009734779396949127
	0.009732329289252476
	0.009730967870700297
	0.009732529140112831
	0.009736323549632228
	0.009742088793741385
	0.009750604101489636
	0.009764332755933561
	0.009785570572570635
	0.0098167547542254
	0.009854825816519867
	0.009896423549132609
	0.009938008890576616
	0.009975815584982563
	0.01000698092313612
	0.01003061566397333
	0.01004797674397013
	0.01006381374424978
	0.01007919650950425
	0.0100927814092701
	0.0101041001522965
	0.01010942686980293
	0.01010175903947609
	0.01007442686683547
	0.01001958702412001
	0.009935895291019755
	0.009826685277519672
	0.009702397879068878
	0.009571966707277651
	0.00944290028312947
	0.009320087052610936
	0.00920752407772747
	0.009104585548177276
	0.009013600740178604
	0.008936079995693
	0.008876781908945018
	0.008841019583694725
	0.008830470732533919
	0.008848234380138037
	0.008897432512138146
	0.008973925731457763
	0.009070842816708636
	0.009180263794944644
	0.009292495403472163
	0.009395140182330362
	0.009475361541938581
	0.009524139710220841
	0.009529349945117019
	0.009482483816367016
	0.009383496414074276
	0.009240760323566905
	0.009062943623069034
	0.008859635441215924
	0.008643226149967985
	0.008422873597547332
	0.008209724537380673
	0.008010364864560537
	0.007827707356154684
	0.007663317769198029
	0.007521898775377595
	0.007404655823953111
	0.007306569469893144
	0.007223714683208642
	0.007155685550885392
	0.007099845687457841
	0.007056880600857691
	0.007026311739641161
	0.007006650199865933
	0.006997011185315801
	0.006999718253865873
	0.007016742378968989
	0.007050070905497207
	0.007101835556398309
	0.007169786162614575
	0.007248632967624944
	0.007334217221120665
	0.007427829238937899
	0.007532704454557909
	0.007646626483529607
	0.007764681756373825
	0.007883166625906513
	0.007992540894497897
	0.008082373400460578
	0.00814814695581014
	0.008188592489669117
	0.008207784064354282
	0.008209419345458551
	0.008200761515886128
	0.008184513501906267
	0.008160821395513341
	0.008129845249294618
	0.0080971805427799
	0.008066218483856368
	0.008040877276326025
	0.00802337698194772
	0.008016505520060831
	0.008024245409834299
	0.008047112594275754
	0.008084747104760273
	0.008136307550235608
	0.00820198005825932
	0.008283064482985131
	0.008380962191697859
	0.008497996788689973
	0.00863353222909765
	0.008783118042266686
	0.00894405191191381
	0.009116070197175653
	0.009296521296771427
	0.009482943290459631
	0.009667125462800921
	0.009840890644198554
	0.009995946807899551
	0.01012727000897397
	0.01023315497419266
	0.01031267258841317
	0.01036863399961514
	0.01039877390967457
	0.01040016444171218
	0.01038171214224311
	0.01035119137611449
	0.01031459624802441
	0.01028336685292334
	0.01026943924300936
	0.0102837802889145
	0.01033464046886312
	0.01042306272689808
	0.01054874187962732
	0.01071534530075951
	0.01092242841935766
	0.0111661327265892
	0.01143952190875745
	0.01173495666693795
	0.01204233117845892
	0.01234451996809555
	0.01262318909663847
	0.01286068846625644
	0.01304228861845608
	0.01316357992920345
	0.01322972462910925
	0.01324819651023465
	0.01323300590884662
	0.01319433330021519
	0.01313968222450711
	0.01307590976464816
	0.01301060803538439
	0.01295185311546059
	0.01290361229431953
	0.01286877547050876
	0.01285173793336906
	0.01285220069786688
	0.01281767026339866
	0.01270720301510207
	0.01254148424862695
	0.01234801692301102
	0.01215128163944939
	0.01197091592030029
	0.01182309860653461
	0.01172297930238156
	0.01167934978889936
	0.01169472316306802
	0.01176583576070939
	0.01188880688043181
	0.01205681319595064
	0.01225330440979977
	0.01237748215538782
	0.012132300253888
	0.01180959215844957
	0.01148565184659066
	0.01118843258538903
	0.01093036830575988
	0.01071809428842204
	0.01055289504391562
	0.01043441715477449
	0.01036470244059764
	0.01034253239373956
	0.01036786502128684
	0.01043390469414034
	0.01052821732248497
	0.01063529368532143
	0.01074106489744061
	0.01083585215982388
	0.01091562284690465
	0.01097899923772743
	0.01102494779536885
	0.01105216909630922
	0.01105885752095938
	0.01103635517951176
	0.01097608874892447
	0.01087635117087646
	0.01073375629939936
	0.01055648112924268
	0.01035123822275763
	0.01012681625372011
	0.009892113258956975
	0.009655462200112779
	0.009422860517501254
	0.009203288583729746
	0.008999927047432625
	0.008813173737554763
	0.008645696748452855
	0.008502281557383104
	0.008385164272611963
	0.008294831133917359
	0.008229915079834706
	0.008189942007121675
	0.00816986232300866
	0.008162329619184207
	0.008161367881311155
	0.008163941085068094
	0.008167726053351455
	0.008170877706205552
	0.00817530577225342
	0.008187197621904382
	0.008208774686830334
	0.008247731350789596
	0.008307610936932573
	0.008389276671722788
	0.008495937847518878
	0.008627009869812413
	0.008781830022384647
	0.008961505057142818
	0.009167196284765786
	0.009390087912832416
	0.009620999455829692
	0.009851459312456092
	0.01007486978695995
	0.01028128397326336
	0.01046391678086322
	0.0106238876244234
	0.01076616183816438
	0.01088855928278899
	0.01098932348218844
	0.01106504586698018
	0.01111408565714094
	0.01114260468203888
	0.01115447609117362
	0.01114812289558832
	0.01112658677046757
	0.01109800710930319
	0.01107082992336837
	0.01105584162615965
	0.0110556150267235
	0.01106664446363624
	0.01108810894225235
	0.0111220262074971
	0.01116602594606884
	0.01121674914333937
	0.01126874619035037
	0.0113217662810366
	0.01136807526430804
	0.01140160550170481
	0.01141846912203347
	0.01141508963743125
	0.01138952236262941
	0.01133982939130163
	0.01126681950633968
	0.01117479074735567
	0.01107182659445093
	0.01096519262163673
	0.01086363937824922
	0.01076910822019181
	0.01067875228651132
	0.01059178872801364
	0.01050729874055999
	0.01042568237183229
	0.01035053010095459
	0.01028772407920783
	0.01024215536600311
	0.01021875000138742
	0.01021837195712315
	0.01023871019615105
	0.0102736873699334
	0.01031997678090459
	0.01037920926383844
	0.01045014085101207
	0.01052609824962859
	0.01060045186813286
	0.01066668047901521
	0.0107234361764337
	0.01077535912539944
	0.01082666560653744
	0.01087611790877979
	0.01092432597414097
	0.01097363058902105
	0.01102417004995001
	0.01107662359704375
	0.01113171718491935
	0.01118409156472176
	0.01122536412160796
	0.01125103516890233
	0.01126247322713731
	0.01126380296891804
	0.01126532211962888
	0.01128066236566389
	0.01131781971046053
	0.01138077311401311
	0.01146783188731211
	0.01157735385343432
	0.01170578003386827
	0.011848790424344
	0.01199465645038777
	0.01213609062969469
	0.0122663770571476
	0.01237599196081178
	0.01245805434807444
	0.01250418660836751
	0.01250837067928665
	0.01246697399840027
	0.01238692189019835
	0.01227385005911815
	0.01214214483272004
	0.01200119497617523
	0.01185186196795705
	0.01169997662152399
	0.01155111999549294
	0.01141089879885663
	0.01129159542137718
	0.01120510487913992
	0.0111554691678729
	0.01113775929770524
	0.01113964498584146
	0.01115034916415875
	0.01116104135881728
	0.01116635150454377
	0.0111602209679122
	0.01113266301829922
	0.01107864955359155
	0.01099565792928363
	0.01089064117835484
	0.01077089469649296
	0.01063777062809619
	0.01049622237106097
	0.01034882754020705
	0.01020023933312571
	0.01005625519110748
	0.009921303950370605
	0.00980087482778056
	0.009698395315581539
	0.009616476604994661
	0.009555346533890988
	0.009512201657917496
	0.0094877477965146
	0.009485274869198222
	0.009508051368408111
	0.009559309994281734
	0.009642759636828552
	0.00976116747537201
	0.009913414734461366
	0.01009556822950508
	0.01030165244880145
	0.01052101470401362
	0.0107503816221173
	0.01098469725611989
	0.01121421387046679
	0.01142939685832918
	0.0116192340292192
	0.01177678407311766
	0.01189860744851452
	0.01197791005874158
	0.01201511687870254
	0.01201714830504607
	0.01198797383840249
	0.0119365465309713
	0.01187106396430197
	0.01179732458358269
	0.01172520013734398
	0.01166960796917093
	0.01164407598832981
	0.01165090916312912
	0.01169220396946322
	0.01176340176596195
	0.01185281114589506
	0.01194889434398464
	0.01204296904618952
	0.01212413131961055
	0.01217993401146401
	0.01220208412024475
	0.01218823985300991
	0.01214173065714923
	0.01206821531474712
	0.01197161857685951
	0.01185333206402131
	0.01171403301461975
	0.01155836104006575
	0.01139460129271484
	0.01123216227774899
	0.01107010783702302
	0.01091208580586258
	0.01076275541719766
	0.01062436517378765
	0.01050231946634887
	0.01039954630986063
	0.01031108553681582
	0.01023386870226993
	0.01016416736883266
	0.01009560607480083
	0.01002134927591125
	0.009936165486582641
	0.009836597487791547
	0.009721738462104099
	0.009595770307491841
	0.009466061730630249
	0.009340769081754501
	0.009224354379540209
	0.009121926446284599
	0.009039027947827445
	0.008974797984125014
	0.00892446479015852
	0.008886313042168989
	0.008862726453874504
	0.00885247532817386
	0.00885025373006715
	0.008852218620271891
	0.008855658994736504
	0.008862808071722688
	0.008876550737871582
	0.008903456275636617
	0.008950614568304909
	0.009017252609829293
	0.009098737112748202
	0.009192715781232453
	0.009298913325844012
	0.009418321560741051
	0.009549983616726241
	0.009692866229764245
	0.009843619429876419
	0.009999944504441444
	0.01016097593784512
	0.01032694219081071
	0.0104921628248271
	0.01064591142751396
	0.01077274921358372
	0.01086521034307841
	0.01092031461056575
	0.01093398036326259
	0.0109027608527707
	0.01082598910024729
	0.0107117058973588
	0.01057030636887613
	0.01041605910731296
	0.010258067223364
	0.01010074289282814
	0.009946845204943213
	0.009795631445821688
	0.00964578754689586
	0.009494291492614501
	0.009342433482490002
	0.009194609092565359
	0.009053671359609012
	0.008922199253364035
	0.008802912093659068
	0.008702851894305828
	0.008631065898262659
	0.008591657499669831
	0.008587770329178263
	0.008617004737411327
	0.008671218162842177
	0.008743117637210477
	0.008827730650990675
	0.00891658623555177
	0.009003577406626277
	0.009080500283127277
	0.009143264915216727
	0.009192458447729784
	0.009230552808631326
	0.009265466197953345
	0.009307638776061399
	0.009362111959409657
	0.009431696041274629
	0.009517554238024627
	0.009621550854450307
	0.009743910598476038
	0.009881166653204468
	0.01002748992519346
	0.01018317088363009
	0.0103520132574156
	0.01053714458159808
	0.01073425713102467
	0.01093598242666513
	0.01113837636721882
	0.01133782464075693
	0.01152153265337899
	0.01167554878468858
	0.01178941586174736
	0.01185972533851079
	0.01188635066357902
	0.01187429992029032
	0.01182597284851548
	0.01173826887554921
	0.01161249805135006
	0.01145799626555455
	0.01128638159682194
	0.01111111913315238
	0.01094817309739644
	0.0108083118949955
	0.0106828258490344
	0.01056449466350032
	0.01045857858972776
	0.01036240948033264
	0.01027313487817353
	0.01019737729815388
	0.01013097236777953
	0.01007095829167657
	0.01002338621020988
	0.009990454861139166
	0.009977377349571251
	0.00998837307131
	0.01001945972022271
	0.01005898496041695
	0.01009440010499242
	0.01011942892512231
	0.01013263200367122
	0.01013436051004439
	0.01012773716392991
	0.01011403453706552
	0.01010087969258903
	0.01009379238433358
	0.01009948810205074
	0.01012081062401278
	0.01015791200247867
	0.01020167397280642
	0.01023385523772797
	0.01024308714448225
	0.01022288832364726
	0.0101783211223528
	0.01011980568242494
	0.010056558461594
	0.009994439298140196
	0.009940277783398947
	0.009896025822399445
	0.009863104593637399
	0.009838450499376435
	0.009823387759852751
	0.009813299113631867
	0.009806583411158771
	0.009803090051310932
	0.009800361781998734
	0.009797344765075119
	0.009795223512359941
	0.009797094717435796
	0.009807944476103498
	0.00983166455821948
	0.009862231207700842
	0.00989151274942744
	0.009913941566625412
	0.009924762138370178
	0.00991972286416409
	0.009901765104624424
	0.009876830921915701
	0.009848685469717337
	0.009823201926105595
	0.00980079041991712
	0.009779966213827859
	0.009758241796864912
	0.009733361124325756
	0.009702131008088352
	0.009659041435938622
	0.009599630788917858
	0.009524030407888054
	0.009434773494546564
	0.009336002207058526
	0.009231969769974617
	0.009125225994513011
	0.009019570401593707
	0.008921497147378065
	0.00883706882688964
	0.008766885489148269
	0.008710964545434156
	0.008668352439918356
	0.008637627207255158
	0.008618771565640488
	0.008609850797433139
	0.008608515246032478
	0.008611469287918444
	0.00861839347759343
	0.008627431742923602
	0.008634025303957222
	0.0086341406607047
	0.008627105939332745
	0.008613562628150677
	0.008595643391819995
	0.008575427661942215
	0.008560039754182644
	0.008558718411747547
	0.008575886239115267
	0.008611495987159287
	0.008665831030554108
	0.008738391474523486
	0.008828865264552992
	0.008936466547952918
	0.009055760221883176
	0.009180333749915654
	0.009306643879755997
	0.009429384822674844
	0.009540192086964355
	0.009634414981268862
	0.009710955714117089
	0.009768403936591813
	0.009807634290196281
	0.009828723139872077
	0.009828830144756545
	0.009806891952344654
	0.009764404195809376
	0.009705599382832148
	0.009634672263612906
	0.009555809594722959
	0.009474409845694859
	0.009395521040964321
	0.009319454648264123
	0.00924668476756735
	0.009179297827470003
	0.009121318103745737
	0.009078603108506564
	0.009053602179766904
	0.009045597490505429
	0.009051664932853276
	0.009075140701105754
	0.009117776955229195
	0.009170601678810028
	0.009227431791338243
	0.009285152133456123
	0.009340938976311436
	0.009396025117241745
	0.009454560186202887
	0.009515255288747944
	0.009573872201697187
	0.009624725727814806
	0.009658992689828921
	0.00967924319409855
	0.00968843025511615
	0.009682614485553048
	0.009656809788496134
	0.009612670924686236
	0.009554763826986699
	0.009486405401070585
	0.009408422511819134
	0.009323735979386991
	0.009242066435604285
	0.009166860950267034
	0.009099971881410927
	0.009044419013118858
	0.009006951621996398
	0.008991038040754063
	0.009000649912195222
	0.009034752663841716
	0.009085820574140967
	0.009154011063263419
	0.009243004539721393
	0.009350445276656686
	0.009474153648926372
	0.009614131729728368
	0.00977051915492705
	0.0099405547357226
	0.01011507918076451
	0.0102829355375518
	0.01043708930434272
	0.01056945758259175
	0.01067544718806135
	0.01075210667865277
	0.01079312269965601
	0.01079394099429464
	0.01075208101287309
	0.01066848589168205
	0.01054801094980489
	0.01040341486669351
	0.01024992671502224
	0.01010115694640057
	0.009970391292019896
	0.009865304463410012
	0.00978532495202928
	0.009727843296001622
	0.009686391246970039
	0.009655372209507972
	0.00963059557763348
	0.009607810961583177
	0.009586382234004352
	0.009568015235877919
	0.009549022121718565
	0.009522449792149265
	0.009483023108321347
	0.009429757437976204
	0.009366452247204263
	0.009297650333856643
	0.009225481796050464
	0.009153974192276846
	0.009086810585701353
	0.009026163751071797
	0.008974034068825548
	0.008927005591215564
	0.008882402109662981
	0.008836629262183709
	0.0087869168323065
	0.008734805641080314
	0.008684589326421865
	0.008643339600016035
	0.008616271562196657
	0.008607395390198478
	0.008609844409345193
	0.008617128755310788
	0.008624135415995448
	0.008626615602702774
	0.008623025597285689
	0.00861486565943243
	0.008604004641562163
	0.008590694644531818
	0.008574445413575792
	0.008558101176499269
	0.008542962031649139
	0.008529200169525358
	0.008515504207725245
	0.008505277815883363
	0.008501398121848688
	0.008506731418076844
	0.008527641147784426
	0.008569630556219463
	0.00863361853667702
	0.008717595951925306
	0.008817445454325074
	0.00893856946512415
	0.009088277655358197
	0.009262160510213745
	0.009447255793483121
	0.009632119929848987
	0.009808219925561584
	0.009973505124108795
	0.01012579521006771
	0.01026182559905187
	0.01037400499422253
	0.01045171695161913
	0.01048500293287456
	0.01047849288934989
	0.01042935563410908
	0.01033780430197802
	0.01020504213117243
	0.01004276789558863
	0.009868991974731968
	0.009701620772734695
	0.009552920076831317
	0.009432528926736457
	0.009343038925020605
	0.009281028023225094
	0.009244462829196168
	0.009229199066426091
	0.009228940981425281
	0.009240011743902895
	0.009257456101093997
	0.009277357357991886
	0.009293275745179574
	0.009299673579031749
	0.009294110021607087
	0.009275495696644428
	0.009241376924518969
	0.009187067048598603
	0.00910775344177496
	0.00899937759460628
	0.008863580813260413
	0.008708231834631248
	0.008548574789906251
	0.008398817068925042
	0.008263083862620544
	0.008147419006154538
	0.008059444258515949
	0.008000995419173047
	0.007970617304318204
	0.007966485377387164
	0.007988222942958034
	0.008033278225971878
	0.008096428871191488
	0.008172626558683047
	0.008255703987719297
	0.008337072341780782
	0.008411596170596392
	0.008473853557660838
	0.008520913433057633
	0.008546257041851718
	0.008548945471180397
	0.008539654639931928
	0.008528447940311051
	0.008517580792717661
	0.008507543421964808
	0.008501339336831091
	0.008501652350894342
	0.008508553517405499
	0.008521608285532807
	0.008539102836381342
	0.008557052348884335
	0.008570406644662363
	0.008573729168550677
	0.008561620318056497
	0.008531795332139089
	0.008484084110419021
	0.008421782683623109
	0.008349111548772218
	0.008269242653612157
	0.008184014703689183
	0.008093934325965757
	0.00800021673450871
	0.007903909237311383
	0.007804630938845323
	0.007699379746702407
	0.007588797605092332
	0.007475921694976491
	0.007367922720791351
	0.007269915933975491
	0.007185364307028926
	0.007118281284520594
	0.007066687493260879
	0.007025332759651881
	0.006990510186764221
	0.006959270214876503
	0.006928202995797919
	0.006895996259128042
	0.006861147891188078
	0.006821240323511216
	0.006778550929058715
	0.006735555029548023
	0.00669240925364103
	0.006652198238483419
	0.006618204340608143
	0.006594689684510541
	0.006583330973916804
	0.006585157639704798
	0.006601105920190704
	0.006630538261369049
	0.006670241709788732
	0.006714868804033724
	0.006763699098383349
	0.006813402811414696
	0.006861169168946484
	0.006905572321937403
	0.006945727294630485
	0.006979948687724614
	0.007005707266250908
	0.007021924630554326
	0.007031221394667756
	0.007036878867720318
	0.007041065888856842
	0.007045504063506475
	0.007051121313564027
	0.007060457591203734
	0.007077921954384583
	0.0071065998505482
	0.007146282889178554
	0.007193947301695407
	0.007248834302484186
	0.007311275617528582
	0.007384378446026817
	0.007468051696557594
	0.00756440112407716
	0.007673478525502043
	0.007792928869586694
	0.007918403562823294
	0.008045138415781035
	0.008165836219793323
	0.008273710017817402
	0.008363099197069053
	0.008427437929270925
	0.008464918317958366
	0.008478435339155899
	0.008467475240547959
	0.008431139796625502
	0.008371564013917006
	0.008291315126350602
	0.008192023987514171
	0.008081049601584242
	0.007971684589138398
	0.007878167047439271
	0.007810408658108329
	0.007775958680106403
	0.007777238295514815
	0.007814138314896977
	0.007882407548742277
	0.007977657535522785
	0.008092505885387753
	0.008222711286256125
	0.008365220197091639
	0.008517568891589385
	0.008675341101235363
	0.008830131754675848
	0.008971504910635137
	0.009095605122686538
	0.009212233229562453
	0.009319446477214489
	0.009419145439050454
	0.00951122973169943
	0.009594232811042823
	0.009668124191028929
	0.009732838502193222
	0.009789912454851155
	0.009845116948058249
	0.009904525212647912
	0.009966608109319135
	0.01002443936249161
	0.01007152272114399
	0.01010421130557503
	0.01012175631234279
	0.01012269256645934
	0.01011080783068865
	0.01009567755083732
	0.0100892588121005
	0.01010026452056266
	0.01013236576976282
	0.01018282111790575
	0.01024307718282763
	0.01030130371685325
	0.01034506787787796
	0.01036727122578398
	0.01036321728441633
	0.01032707865367307
	0.0102561330927443
	0.01015321604365711
	0.01002375230643739
	0.009873782751574958
	0.009714363657622693
	0.009558422881727169
	0.009414010349339462
	0.009288705401764711
	0.009187006721948001
	0.009111039517204702
	0.009059095898586009
	0.009027680296090057
	0.009011553271660543
	0.009009688500751649
	0.009022283032375752
	0.009048325779132605
	0.009084242443833428
	0.009121444888857456
	0.009157084076546753
	0.009189409682310565
	0.009220856394970674
	0.00924857940953893
	0.009270555731054496
	0.00928605289945517
	0.009295616678215554
	0.009300639262906115
	0.009302984331391291
	0.009306460066303651
	0.009314493613894094
	0.009324535312316256
	0.009334812094548008
	0.009346426753224578
	0.009359971894725226
	0.009377403252833271
	0.00940256173956952
	0.009436051271228948
	0.009477283765148743
	0.009524031174031276
	0.009571663056641384
	0.00961764311491181
	0.009662059054247333
	0.009704382960927696
	0.009740210432760452
	0.009762100589215124
	0.00975831975530325
	0.009724186690580436
	0.009660738134761667
	0.009568966928002973
	0.009454378001865719
	0.009327313015699272
	0.009198780288089563
	0.009076270074450396
	0.00896169780416701
	0.008861128405263837
	0.008780754937222614
	0.0087221116440149
	0.008689154206811312
	0.008683537487578032
	0.008703224433582563
	0.00874513594146274
	0.008805822625382624
	0.008875165324739816
	0.008947185876696908
	0.0090257729100847
	0.009112316526685522
	0.009203949408450249
	0.009296722576747105
	0.009381260639490702
	0.009453715705341851
	0.009507881468897307
	0.009538170672872553
	0.009546007537188912
	0.009536711462427891
	0.009516933958618136
	0.009489709651360765
	0.009458655153619622
	0.009426825911366765
	0.009396004597556335
	0.009366322900985742
	0.009339109124774404
	0.009317361273700798
	0.009301328482378832
	0.009291016287317395
	0.009285318157286381
	0.00928414709948913
	0.009291052723861288
	0.009306818383667792
	0.009333738492038659
	0.009372298839678541
	0.009421067813287895
	0.009478902018094483
	0.009546354702968921
	0.009622871777357741
	0.009706608769058463
	0.009795261699858617
	0.009887061045126716
	0.009972944614012009
	0.0100461179074308
	0.01010231197851574
	0.01014014087905785
	0.01015473564865255
	0.01014398801679781
	0.01010807246053964
	0.01005293485575224
	0.009988184338967211
	0.009920780556852875
	0.00985278130836878
	0.009785804045360641
	0.009720695824436491
	0.009658847931589378
	0.009601151990075956
	0.009549732236411888
	0.009504980488365948
	0.009461121301021724
	0.009410432422854487
	0.009349204530720141
	0.009276524787050275
	0.009195774503565457
	0.009111886361885195
	0.009032314838598966
	0.008963305050516427
	0.008909054516400063
	0.008870955696748981
	0.008850566907963915
	0.008846293635038588
	0.008858629353229858
	0.008883770437964521
	0.00892381321596007
	0.008979407661718168
	0.009051753401063817
	0.009139045433983887
	0.009236974974596062
	0.009333354087269012
	0.00941350249801569
	0.009464951382221204
	0.009478876552787655
	0.009452439905555783
	0.009387066738915475
	0.009284822293495571
	0.009155962309128613
	0.009015869001965261
	0.008881979892846397
	0.008764168198018271
	0.008670811803912581
	0.008604930553567432
	0.008570064343873359
	0.008568021416770882
	0.008598571179242037
	0.008655528817857482
	0.008729278183294076
	0.008808994100000307
	0.008890396289690289
	0.008966388271700232
	0.009031487832238493
	0.009077346564519851
	0.009101887482390016
	0.009099715890678893
	0.009066797222601793
	0.008999075271716582
	0.008897934280151282
	0.008767874206269878
	0.008618811356654902
	0.008461039846240023
	0.008306845385241466
	0.00816497192350805
	0.008041111576101179
	0.007941278977785569
	0.007869122199252114
	0.007825449157163884
	0.007808622603374835
	0.007811713593577349
	0.00782574464352339
	0.007845667086783322
	0.007869758053852311
	0.007898036517847606
	0.007931861514499637
	0.007971548620414682
	0.008020380234539751
