	0.0006547681445537792
	0.0006524020078683964
	0.0006514196102515934
	0.0006520122039094834
	0.0006547647330261042
	0.0006595646319788676
	0.0006663288765684287
	0.0006751281919293816
	0.0006852478677440885
	0.0006959113560918103
	0.0007061242893657907
	0.0007146244626713967
	0.0007203583187675886
	0.0007234884261621435
	0.0007243000647196327
	0.0007225185210863725
	0.0007184501627194472
	0.0007128096047919763
	0.0007058996088620003
	0.0006976373596127264
	0.00068830065410335
	0.0006787085058126452
	0.0006701753838535956
	0.0006635182581593736
	0.0006589256942318245
	0.0006566096694338125
	0.0006564811293224156
	0.0006582376057180892
	0.0006615646470206064
	0.0006660201421753174
	0.0006713109139723171
	0.0006771336646560419
	0.0006825375849002825
	0.0006864889197630567
	0.0006884805791765967
	0.0006889185602668656
	0.0006882342318353544
	0.0006864316394409329
	0.0006836075437653875
	0.0006796011467140298
	0.0006743759267134863
	0.0006683533671171801
	0.0006622130082373859
	0.0006566249789859243
	0.000651886432120557
	0.0006474515589445991
	0.0006423015237448503
	0.0006354750515777914
	0.0006266154037902034
	0.0006164415788971412
	0.0006065231200290996
	0.0005977262840274819
	0.0005901041917607007
	0.000583536703583927
	0.0005774589725870669
	0.000571732419888884
	0.0005667134875757808
	0.0005626916870809216
	0.0005596709561625988
	0.0005569729532299406
	0.0005538920704176896
	0.000549984331776106
	0.0005455979560704229
	0.0005413036585449756
	0.0005375237371151999
	0.0005348274526205119
	0.0005334079150748183
	0.0005335006639745841
	0.0005352613772088764
	0.0005385941503171315
	0.0005428606920209629
	0.0005472867965598067
	0.0005514703505048555
	0.0005553208088527398
	0.000558238765409634
	0.0005598154245703476
	0.000559658315586086
	0.0005576332508057842
	0.0005539246580168558
	0.0005490360511690351
	0.0005434153182009821
	0.0005376200491681309
	0.0005323486375849361
	0.0005278605308910401
	0.0005240941681301232
	0.0005210897705843217
	0.0005193852483281385
	0.0005196426445129741
	0.000521854835469662
	0.0005253293647209331
	0.0005295704516771207
	0.0005344595238197317
	0.0005396501295729495
	0.0005449991015535412
	0.0005506606858528358
	0.0005570500373495941
	0.00056418380446069
	0.0005715241283240806
	0.0005781447203517332
	0.000583478115486814
	0.0005869769799701296
	0.0005889523852939787
	0.0005896998462887326
	0.0005893207153871786
	0.0005880306473512113
	0.0005859856212071455
	0.0005836047025855856
	0.0005813518651778488
	0.0005794480291571087
	0.000577918244621716
	0.0005767155249540837
	0.0005756811655566481
	0.0005746272466960813
	0.0005734429359294121
	0.0005726721570835002
	0.000572739329112573
	0.0005739835380854243
	0.000576420318181462
	0.0005797148987721168
	0.0005836685406046049
	0.0005879538703292782
	0.0005923432433494244
	0.0005965131796216711
	0.0005999401728376732
	0.0006020073089271907
	0.000602331369997196
	0.0006012999693018057
	0.0005996072459799261
	0.0005975364688181813
	0.0005948983686977512
	0.0005918561174265193
	0.0005886119614745845
	0.0005851883664813507
	0.0005815173788377699
	0.0005777434145270204
	0.000573719079814038
	0.0005698636033528562
	0.0005666578614095453
	0.000564453051757037
	0.0005632765581427576
	0.0005631605827186606
	0.0005638234218601969
	0.0005651550355757869
	0.000567070792218708
	0.0005697441810555293
	0.0005734600159054545
	0.0005773819183406164
	0.0005810305058185565
	0.0005834740037373705
	0.0005839212086004075
	0.0005815902083576802
	0.0005765413075716295
	0.0005699285719588207
	0.0005632831923178829
	0.0005577412746305036
	0.0005536645149052413
	0.0005508693207131207
	0.0005489399430427555
	0.0005475300236427548
	0.0005465406070705445
	0.0005465278966876484
	0.0005478883538014586
	0.0005503864584871028
	0.0005543787711043579
	0.0005590436912666331
	0.0005633833400273912
	0.0005670559025371286
	0.0005704936967678444
	0.0005744079443211595
	0.0005795304728776128
	0.0005859318586207219
	0.000593573998339883
	0.000601869901033747
	0.0006096576636190643
	0.0006158098128332297
	0.0006199445504227695
	0.0006222369664857825
	0.0006239385354718588
	0.0006254380502448444
	0.0006258399947376992
	0.0006240562100420678
	0.0006194327890735936
	0.0006122244146609018
	0.0006038377546139822
	0.0005954296268758895
	0.000587976828443523
	0.0005816228756846595
	0.0005759455533827486
	0.0005711118953627753
	0.000567614962907795
	0.0005654136648568889
	0.0005642881508572512
	0.0005639786692064266
	0.000563739879449558
	0.0005634049741218609
	0.0005629831837192557
	0.0005619733651777397
	0.0005604492406859537
	0.0005582531407474447
	0.000554875301458733
	0.000549900356687669
	0.0005434120537113561
	0.0005361284808622698
	0.0005291757704389407
	0.0005234500151096336
	0.00051862460828126
	0.0005144492907361744
	0.000510967192983954
	0.0005082157891203726
	0.0005061761648381301
	0.0005041751929444839
	0.0005021336188162767
	0.0005004295022993219
	0.0004993024749238658
	0.0004987633457746024
	0.0004989316438622797
	0.0004995694987683018
	0.0005004875894527743
	0.0005021640473073042
	0.0005045867071024649
	0.0005076668490568688
	0.0005108274622481249
	0.0005134888773821772
	0.0005152622310645641
	0.0005159701755045097
	0.0005156976964352403
	0.0005148552764079744
	0.0005142912221893751
	0.0005136508232950724
	0.0005123518219376698
	0.0005101715529055867
	0.0005072289452952576
	0.0005043454058199383
	0.0005018991106983732
	0.0004997754823311718
	0.0004975479932967465
	0.0004950003680059104
	0.0004926955542247093
	0.0004909962914564901
	0.0004901134445820642
	0.0004902453708286867
	0.0004913134380315507
	0.0004933560756668467
	0.000495818160291526
	0.0004982547604050437
	0.0005002708879799871
	0.0005016935272572333
	0.000502799549768379
	0.0005038599295916619
	0.0005048056798625177
	0.000505354039823888
	0.0005055832963231435
	0.0005056456153326713
	0.0005057461124523854
	0.0005060889457514935
	0.0005064857359843679
	0.0005063743869775957
	0.0005054086453531815
	0.0005036383391170473
	0.0005012845216362561
	0.0004988292595082347
	0.0004969523372515686
	0.0004960471600671714
	0.0004967769725514614
	0.0004994662065886603
	0.0005039100411597776
	0.0005097636862702344
	0.0005170054577662917
	0.0005257709693193201
	0.0005361404929353619
	0.00054798271583886
	0.000561291593268875
	0.0005756663200582781
	0.0005905035069225555
	0.0006052902150603884
	0.0006194017465334513
	0.0006319356451897888
	0.0006423635426581851
	0.0006501349990819645
	0.0006545739143402389
	0.0006549847089292383
	0.0006510548964421098
	0.0006435247653831706
	0.0006332472367202047
	0.0006219042305666521
	0.0006109363615461177
	0.0006009163274186557
	0.0005915280510868415
	0.0005830291029507538
	0.0005761214121945705
	0.0005710344224823723
	0.0005679528337902141
	0.0005669666593157564
	0.0005679630831770771
	0.0005711670304477354
	0.0005760192260365378
	0.0005819995049918622
	0.0005889200417362265
	0.0005965644327670672
	0.000604588987540296
	0.0006123948989137322
	0.0006192545537714292
	0.0006247169956910439
	0.0006286774585120086
	0.0006313620547420335
	0.0006329788817696702
	0.000633848856234594
	0.0006339125375192101
	0.0006337382716987181
	0.0006344901818287291
	0.0006365466901389071
	0.0006399368343217724
	0.0006447724322023428
	0.0006503536760608285
	0.0006560097885234818
	0.0006614071426950978
	0.0006657275553745624
	0.0006684418979870519
	0.0006696308817219406
	0.0006694285348356802
	0.0006680768492654954
	0.000665958691680023
	0.0006626067278539323
	0.0006581034452136822
	0.0006531741936654604
	0.0006481827470887886
	0.0006438876746918428
	0.0006405153502268254
	0.0006375084502486587
	0.00063413168125612
	0.0006303639712484202
	0.0006255686292055858
	0.0006196951784738313
	0.0006127504180000468
	0.0006049242461829075
	0.0005967420142345073
	0.0005893706115489098
	0.0005834649047220183
	0.000578715415339623
	0.0005750455087899191
	0.0005727529546589724
	0.0005719200416641449
	0.0005724769860896385
	0.0005742522597835462
	0.0005772958721949342
	0.0005819746611434612
	0.0005881413707165472
	0.0005954558841422888
	0.0006033388957069497
	0.0006111984640280661
	0.0006187879455748545
	0.0006261612472826548
	0.0006328032984125624
	0.0006376783448567699
	0.0006401837645016636
	0.0006401539723184337
	0.0006375442848598852
	0.0006320917532746756
	0.0006241256341754813
	0.0006148819155761989
	0.0006055730186328295
	0.0005965227793959529
	0.0005878570774761355
	0.0005797495388393188
	0.0005719534837377783
	0.0005644460199506794
	0.0005576927449415289
	0.0005516193417797337
	0.0005463451422443977
	0.0005418072682075905
	0.0005380833076390727
	0.0005359767649361051
	0.000535287897529591
	0.0005353339634198511
	0.0005353409325615783
	0.0005347945977948917
	0.0005335952051543507
	0.0005322110695866392
	0.000530994922429074
	0.0005297760269281747
	0.0005279707794135493
	0.0005251910966472738
	0.0005213962613970053
	0.00051656509989844
	0.0005107198580829761
	0.0005041821241105984
	0.0004973666749507004
	0.0004907910807675227
	0.0004846955923155121
	0.0004788623152525114
	0.0004732806762828495
	0.0004684115006734586
	0.0004647137124664069
	0.0004626403239518545
	0.0004623343943990923
	0.0004635552573502693
	0.0004662709735859941
	0.0004704556631743002
	0.0004757354813254576
	0.0004813948258278615
	0.0004868464488413544
	0.0004918778184073414
	0.0004965205360060671
	0.0005007449070906745
	0.000503866286046125
	0.0005051231493908698
	0.0005046847187958758
	0.0005027854949463837
	0.0004996961552993077
	0.0004959573993163641
	0.0004920089870102405
	0.0004881001873424036
	0.0004841316529994758
	0.0004800850773809665
	0.0004759717568069558
	0.000471865555601983
	0.0004676008107400025
	0.0004633526021815388
	0.0004591255380888491
	0.0004546726108251426
	0.0004499455538838394
	0.0004450414788667834
	0.0004401950908082424
	0.0004356909838714085
	0.0004320280717126512
	0.0004294129934156784
	0.000427833491319209
	0.0004267741029701043
	0.0004264001026028418
	0.0004271364598143127
	0.0004286297746482068
	0.0004305916253126066
	0.000432674534515285
	0.0004345642739635555
	0.0004359139858227893
	0.0004367059422957739
	0.0004367570398428464
	0.0004363422595358482
	0.0004359464782378988
	0.0004357618146408945
	0.0004355449660686298
	0.000435271183967194
	0.0004348007695470517
	0.0004341044455819983
	0.0004337871298384041
	0.00043359547155231
	0.0004330472078472559
	0.0004322848043448136
	0.0004315111692123845
	0.0004306446183469633
	0.0004298050881897123
	0.0004290352070227198
	0.0004281645226490641
	0.0004271587576702578
	0.0004263019917597842
	0.0004262310111452267
	0.0004274305794952265
	0.0004299705233083704
	0.0004334266803826764
	0.0004374731365744667
	0.0004415723285487665
	0.0004455403876209306
	0.0004493088205243406
	0.0004527552154675279
	0.0004557775619686539
	0.0004587180965152802
	0.0004617747625754351
	0.0004651019475635029
	0.0004680733753431209
	0.0004700507750788201
	0.0004707459465750527
	0.0004700852949858744
	0.0004684691739198324
	0.0004662786798155608
	0.0004640888779163389
	0.0004622893419402271
	0.0004610752261223765
	0.0004607566598973801
	0.0004613575751550748
	0.0004626942420428588
	0.0004643639922171646
	0.0004661857594419471
	0.0004683214629433284
	0.0004708376065364424
	0.0004732892943019782
	0.0004755060390524057
	0.0004773375073269594
	0.0004788809000389772
	0.0004803192687194479
	0.000481973554888296
	0.0004840491800607941
	0.0004865850586159564
	0.0004895912258981432
	0.0004930195147623671
	0.000496787613917537
	0.0005006448181855829
	0.0005038012569806694
	0.0005056640959392079
	0.0005061271191190561
	0.000505394009436279
	0.0005037132445481671
	0.0005014219770331574
	0.0004985967307309018
	0.0004958270478641172
	0.0004937035375983935
	0.0004921205500036072
	0.0004909220322719044
	0.0004900340783360469
	0.0004896475990705754
	0.0004899390403382171
	0.0004908291139256975
	0.000492411910601811
	0.0004944597533991252
	0.0004962808584750623
	0.0004973595529095168
	0.0004974322912975669
	0.0004966381948565614
	0.0004951837694754582
	0.0004932150100835997
	0.0004910457451238246
	0.0004886641118758555
	0.0004857619093149446
	0.0004823709081220758
	0.0004786814792213431
	0.0004752295041144764
	0.0004725544090460421
	0.0004707282409298654
	0.0004693572913888896
	0.0004682695047204426
	0.0004675164258944681
	0.00046692662554732
	0.0004666068861603822
	0.0004664904865088267
	0.0004665888786981989
	0.0004673653664342407
	0.0004689739394252235
	0.0004712806613879117
	0.0004741562614850604
	0.000477615864203181
	0.0004812474882524767
	0.0004846843075085175
	0.0004879385081184378
	0.0004910037984441257
	0.0004939530475107438
	0.00049700479624298
	0.0004999606099534761
	0.0005023702247806509
	0.0005042173069927523
	0.0005056145036259022
	0.0005070915758011558
	0.0005090635917073952
	0.0005119309480715686
	0.0005156626232517914
	0.0005205301775911457
	0.0005262097541894322
	0.0005322327023108606
	0.0005384768932281021
	0.0005450908413283674
	0.0005521790884730526
	0.00055995143913375
	0.0005684118619034589
	0.0005767752529974744
	0.0005839872808377843
	0.0005894236942800043
	0.0005930308240791062
	0.0005956456796509961
	0.0005982293901400131
	0.0006014345249960606
	0.0006053254833125997
	0.0006091998049078486
	0.0006126026400068942
	0.0006155253722292461
	0.0006179059443179716
	0.000620337212590491
	0.0006230356337736365
	0.000625148074686174
	0.0006259541496930468
	0.0006250052231276831
	0.0006223099041465273
	0.0006181727405674905
	0.0006132321910568161
	0.0006079225358200487
	0.0006028415553520348
	0.0005987495944260976
	0.0005963555928891993
	0.0005959191673031337
	0.0005974303994949419
	0.0006003003802432492
	0.0006040613289927401
	0.0006083089407542084
	0.0006126531995820518
	0.0006168916370578157
	0.0006210888466656944
	0.0006249294519081481
	0.0006283258407976949
	0.0006306460407976744
	0.0006310322497618059
	0.0006291641016697786
	0.0006257149964701724
	0.0006218091615326507
	0.0006182965555421175
	0.0006154250593158898
	0.0006128503871622277
	0.0006098171588460607
	0.0006058482760292366
	0.0006007413933009736
	0.0005948167794947265
	0.0005886926322780734
	0.0005830295249286296
	0.000578506826404424
	0.0005753360307388033
	0.0005731672639270488
	0.0005710268370425137
	0.0005684438759247746
	0.0005654482832566504
	0.0005622521169678881
	0.0005593075840373725
	0.000556465751038283
	0.0005537429723234374
	0.0005514856103739177
	0.0005503328258093773
	0.0005505774361246859
	0.0005521890588962944
	0.000555008976974888
	0.000558956094401383
	0.0005639202155456067
	0.0005699681108689845
	0.0005768864785376785
	0.0005840542973717294
	0.000591020529626463
	0.0005978929272451153
	0.0006045170858309202
	0.0006103884685978939
	0.0006149816218607346
	0.0006175776264167225
	0.0006182303388817488
	0.0006175228040657681
	0.0006156959095129984
	0.0006131020476893832
	0.0006100116142735615
	0.0006064424850504138
	0.0006027136772947866
	0.0005990317668853759
	0.0005956809729720097
	0.000592952288782296
	0.0005911146408952908
	0.0005905197670987806
	0.0005913506547371597
	0.0005933482000484047
	0.0005960957496832273
	0.0005988000729333235
	0.000601269412580792
	0.0006038384912683384
	0.0006068105735117193
	0.0006099456549602927
	0.0006132343394762804
	0.0006169305399793082
	0.0006210577697494874
	0.0006253900219666251
	0.0006294244410474772
	0.0006326165949176254
	0.0006352115944428504
	0.000637522264853719
	0.0006398652934321184
	0.0006424107432575402
	0.0006454293460543691
	0.000648572627837289
	0.0006514687428661468
	0.0006536372669271552
	0.0006554883828110684
	0.0006572470243615887
	0.0006591211908669679
	0.0006614577915682037
	0.0006642659221484268
	0.0006672120209985725
	0.0006704193008463585
	0.0006736089026935429
	0.0006768133737530833
	0.0006800383098885984
	0.0006827019897235993
	0.0006848099322288162
	0.0006865230113335108
	0.0006882000482431116
	0.0006893805097329916
	0.0006892248664894478
	0.0006874752682997186
	0.0006845786156843418
	0.0006808635429928093
	0.0006771786674510553
	0.0006733431923482561
	0.0006691816543875505
	0.0006638220765413399
	0.0006569088657413147
	0.0006489721431469825
	0.0006400204515801317
	0.0006299600991250616
	0.0006184846455704332
	0.0006052442667949012
	0.0005905621038170131
	0.0005755938046412211
	0.0005611724520967024
	0.0005475603683404561
	0.0005350406245466915
	0.000523619867043268
	0.0005132782734245303
	0.0005040429339926589
	0.0004962095987996063
	0.0004902092909020065
	0.0004859842571193176
	0.0004832203329498768
	0.0004816808681853858
	0.0004807429849937458
	0.0004799452867736909
	0.0004790202576581269
	0.000477754023983646
	0.0004760422016910657
	0.0004740798841072193
	0.0004719549971119859
	0.000469307951035049
	0.0004660234856578907
	0.0004624247446368037
	0.0004590968218103922
	0.0004561650455540498
	0.000454078947938439
	0.0004528953585845182
	0.0004523998480632029
	0.0004525712403705324
	0.0004531292850719609
	0.0004534487097852698
	0.0004532182679215383
	0.0004522240302124687
	0.0004505302978249675
	0.0004483440763940754
	0.0004460174222629418
	0.000443287555145992
	0.0004402741081236787
	0.0004373754497891386
	0.0004347404725406265
	0.0004326900372216802
	0.0004314006226310852
	0.0004312425965288562
	0.0004324632639579231
	0.0004349185536798267
	0.0004383796448981679
	0.0004421590075182574
	0.0004461176272240151
	0.0004502054812990136
	0.0004538758002314531
	0.0004568510277052623
	0.0004591505101274281
	0.0004610618789198582
	0.0004626458459037306
	0.0004636833681009364
	0.0004639644481315321
	0.0004637103176398285
	0.0004631837933916585
	0.0004624310844531219
	0.0004616566539300403
	0.0004612600449208197
	0.0004613664468008197
	0.0004617401224719348
	0.0004620807517063022
	0.0004617460068834106
	0.0004603438835738017
	0.0004580945172012779
	0.0004554079326833402
	0.0004527907953463714
	0.0004509519165888689
	0.0004497911388854338
	0.0004491697786574625
	0.0004488689721744926
	0.0004488571371144737
	0.0004491061554879021
	0.0004498637863932239
	0.0004511455520779054
	0.0004525827592778605
	0.0004537835851158967
	0.0004546959491635468
	0.000455316977590292
	0.0004555491756268028
	0.0004554452592451799
	0.0004547235574495289
	0.0004528989760834967
	0.0004497540208224299
	0.0004456428376173342
	0.0004412982464758094
	0.0004374870472837827
	0.0004345190828449272
	0.0004325088415762547
	0.0004313737090883733
	0.0004311990222950714
	0.0004323174987140247
	0.0004350494971511197
	0.0004393857728944192
	0.0004453818619090259
	0.0004526318560802902
	0.000460214260741319
	0.0004675454744699641
	0.0004744936011793536
	0.000481278766800713
	0.0004877132233808088
	0.0004935893473003887
	0.0004987036146736813
	0.0005025691694235383
	0.0005047758653574667
	0.0005052612410007016
	0.0005048544151342818
	0.0005046055205658757
	0.0005049013958118979
	0.0005057400530458962
	0.0005068019847517062
	0.0005080726504812189
	0.0005096772633553228
	0.0005120468004335254
	0.0005153516734996484
	0.0005195354032341262
	0.0005245122688879185
	0.0005304703957775432
	0.0005374497624296379
	0.0005448608925903806
	0.0005524006117425787
	0.0005595731238508003
	0.000565841243412529
	0.0005715285594823372
	0.0005767424858755223
	0.0005808992090581447
	0.0005833945763186133
	0.0005835912341834209
	0.0005818025755693432
	0.0005788085784649037
	0.0005752034811592541
	0.0005713201171347271
	0.000567088482947679
	0.0005623407517372582
	0.0005571799846172112
	0.0005518613410843136
	0.0005459656968123544
	0.0005396889667623986
	0.0005336710108040623
	0.0005283910369746398
	0.0005242911018891764
	0.0005216318127745843
	0.0005199717741839543
	0.0005188513018469745
	0.0005177717386040119
	0.0005165450275955261
	0.0005151369377641378
	0.0005137354729194105
	0.0005124022697626014
	0.0005112143098017576
	0.0005102866740707933
	0.0005096197597638524
	0.0005092321867827972
	0.0005089205231312236
	0.00050841415582298
	0.000507305433628658
	0.000505441346455393
	0.0005029987838758167
	0.0005001897222918929
	0.0004973339894191581
	0.0004948678443923619
	0.0004930129433317424
	0.0004918148617960431
	0.0004910357013138242
	0.0004902333463948069
	0.0004892746923364396
	0.0004882079774355511
	0.0004872706360966226
	0.0004867587136813972
	0.0004870624908598538
	0.0004884725424343638
	0.0004909804524576233
	0.0004942345962871601
	0.0004980753356031379
	0.0005023055900169435
	0.0005069310041962599
	0.0005121757203179908
	0.000518208009674107
	0.0005252449066121648
	0.0005330647774782468
	0.0005414112026619152
	0.0005498535566802805
	0.0005578379541418278
	0.0005652422258291594
	0.0005720713444462861
	0.0005784767001870801
	0.0005844831536986939
	0.0005900207980924161
	0.0005951997634038196
	0.0006003445664030341
	0.0006056582562654595
	0.0006111654482301609
	0.0006166108142838001
	0.0006212757256550266
	0.0006241283661960619
	0.0006244951519465671
	0.0006225164962556543
	0.0006191149278773669
	0.0006152230220802978
	0.000611785186795871
	0.0006090716590353258
	0.0006067977785503627
	0.0006045804487800205
	0.0006022438335619762
	0.0005992882461669066
	0.0005959457041873068
	0.0005921252182161793
	0.0005881702268705405
	0.0005845173873908761
	0.0005815006958226417
	0.000579298069301856
	0.0005779369117580439
	0.0005772787641500991
	0.0005770966229736218
	0.0005776018563192364
	0.0005787997771547059
	0.0005803358873994741
	0.0005819525385572587
	0.000583616752695488
	0.0005854245224693696
	0.0005878064835217697
	0.0005908860702906616
	0.0005941990386157856
	0.0005974651950252256
	0.0006003673825625146
	0.0006023199581021954
	0.0006031051757145198
	0.0006027709631547321
	0.00060159606807725
	0.0006003510281728904
	0.000599839758652667
	0.000600312781344122
	0.0006015441085873497
	0.0006027799392329888
	0.0006033727056985094
	0.00060267102874498
	0.0006000836219255972
	0.0005954412504143115
	0.00058928444445067
	0.0005824861268183516
	0.0005759320779511807
	0.0005700481356959904
	0.0005648334312189443
	0.0005597999539282817
	0.0005548012632272633
	0.0005503063579999624
	0.0005471941292511287
	0.0005455762227914079
	0.000544787426846849
	0.0005449591430792337
	0.0005463425913001434
	0.0005491202973528494
	0.0005530558037060586
	0.0005578824186750354
	0.0005635664970796364
	0.0005699004540777551
	0.0005763344055937547
	0.0005818648644593874
	0.0005855081772694028
	0.0005861864484312945
	0.0005832044878368059
	0.0005767174714199621
	0.0005673740832320586
	0.0005555817433388994
	0.0005421537897725356
	0.0005281433143434502
	0.0005142974830283113
	0.000501067647740046
	0.0004888149866342154
	0.0004776645900432052
	0.0004678829059272034
	0.0004599118451541698
	0.0004537950824905616
	0.0004488873676885951
	0.000444658523715681
	0.0004408358235229944
	0.0004376661965864832
	0.0004355719270922702
	0.0004339824163758842
	0.0004325214554886013
	0.0004309211160354801
	0.0004294108419037393
	0.0004285242446542364
	0.0004291396237676852
	0.0004315173679787229
	0.0004350033671775877
	0.0004387230722054191
	0.000442350094260211
	0.0004461581894472231
	0.0004510152711976309
	0.00045725130959937
	0.000464447358684764
	0.0004720790052345352
	0.0004793487746039854
	0.0004856460454525895
	0.0004906692089948657
	0.0004942891497444664
	0.0004963564701346154
	0.0004967882734610152
	0.0004961874474820354
	0.0004947131846015448
	0.0004927259164232956
	0.0004906665043725347
	0.000488760416431005
	0.0004868601455878359
	0.0004854264773218022
	0.000484784316968664
	0.0004852164191543285
	0.0004865780605930848
	0.0004882794849471244
	0.0004902360945604649
	0.0004925205821300439
	0.0004954576227713108
	0.0004995904633574621
	0.0005051616684147355
	0.0005124207291918745
	0.0005213051839089838
	0.0005312851401351283
	0.0005421749983768375
	0.0005537305743280213
	0.0005658529341068632
	0.00057810190848565
	0.0005895689908290167
	0.0005999546255556559
	0.0006090310587291001
	0.0006166916328616273
	0.000623052357830383
	0.0006281962993562221
	0.0006321562020720067
	0.0006345136759072734
	0.0006350264134047263
	0.0006338595581002251
	0.0006312511042315482
	0.0006277034550464829
	0.0006242951555045214
	0.0006222176887770606
	0.0006226342864538118
	0.0006262006881773516
	0.00063320138932497
	0.000643029228088099
	0.0006551972203254354
	0.0006694602624185828
	0.0006855768647287274
	0.000703215525079654
	0.0007223337184059404
	0.0007427060360040531
	0.0007631539051522953
	0.0007825268131752937
	0.0007996448835771158
	0.0008132987152786986
	0.000822946141351994
	0.000828942130289417
	0.0008316902020445847
	0.0008319365894573999
	0.0008300545488985418
	0.0008274004067711746
	0.0008239562628881543
	0.0008206787386595293
	0.0008184856824945339
	0.000817676671561066
	0.0008179234792698863
	0.0008190804010422878
	0.0008213641562660214
	0.0008216130163276946
	0.0008166969879126819
	0.0008073617173267743
	0.0007950068407227221
	0.0007814712024489279
	0.0007685475520124784
	0.000757645911996098
	0.0007499525049458536
	0.0007461392095792084
	0.0007460042740819157
	0.0007492567856440268
	0.0007554636562031651
	0.0007640640349189568
	0.0007743565502669282
	0.0007803235562334793
	0.0007634516098644612
	0.0007418092163860576
	0.0007196332556122537
	0.0006989201781567307
	0.0006809742122010846
	0.0006663840743484034
	0.0006548005777558106
	0.0006462341313346997
	0.0006405420733726815
	0.0006374200137212936
	0.0006368770013907316
	0.0006391236123572918
	0.0006434576699697524
	0.0006484294247664223
	0.0006533712860732764
	0.0006576434903216879
	0.0006611972836932249
	0.0006645300731571123
	0.0006679456591309569
	0.0006710847013738851
	0.0006731676428925507
	0.000673188003311564
	0.0006703506436979067
	0.0006641513282370522
	0.0006546775142777518
	0.0006423552910508707
	0.0006279133706912016
	0.0006126484696855756
	0.0005975240982433694
	0.0005829947833819559
	0.0005689151515989935
	0.0005554354004301541
	0.0005425193295880186
	0.0005305981881802864
	0.0005199964167181053
	0.0005106669499711379
	0.0005026799187925798
	0.0004961632138467789
	0.0004908661377588715
	0.0004867040806039509
	0.000483491619566011
	0.0004808598986788371
	0.0004788683361815375
	0.0004776900552710938
	0.0004771719713562411
	0.0004768178672531266
	0.0004763034436981476
	0.0004757665523687924
	0.0004753588268712055
	0.0004756822632182693
	0.000477400258162195
	0.0004808167327420047
	0.0004863866166485124
	0.0004944549570564443
	0.0005043269562585146
	0.0005155545532205931
	0.0005281292233028922
	0.0005420453911431757
	0.0005569385785773557
	0.0005717501850195722
	0.0005857414372582519
	0.000598901462433577
	0.0006109922781646135
	0.0006218117219882859
	0.0006313930626372164
	0.0006400097029482096
	0.0006478366935070195
	0.0006548300375166437
	0.0006608115595493646
	0.0006657764175004388
	0.0006693241829814976
	0.0006704586133222265
	0.0006697105085355976
	0.0006678842113138211
	0.0006664414103557168
	0.0006669162782073638
	0.0006692949813960513
	0.0006720759946267129
	0.0006744689742657724
	0.0006762425583115726
	0.0006774514719554622
	0.0006791607456973296
	0.0006818823041049383
	0.0006853936061164961
	0.000688810543218385
	0.0006915481886054581
	0.0006930105250161103
	0.0006925564350138559
	0.0006899033502261368
	0.0006853637770387452
	0.0006794289972422321
	0.0006726266439358843
	0.0006654518030114908
	0.0006583144371976775
	0.0006515840523883516
	0.0006457298646030024
	0.0006408748055407898
	0.0006369857711176135
	0.0006336437467594942
	0.0006304784106861981
	0.0006271453237931531
	0.000623989843790911
	0.0006217363525011081
	0.0006208905622067539
	0.0006216300814114498
	0.0006237400430439609
	0.0006269032566438386
	0.0006308228702598861
	0.0006354621546946428
	0.0006405998065891872
	0.0006458335812153091
	0.0006509075516777764
	0.000655674107095614
	0.0006604008858946802
	0.0006651436955681071
	0.0006697505796764644
	0.0006739040326983758
	0.0006778214312816887
	0.0006818327683566226
	0.0006861155122064738
	0.0006908304870170619
	0.0006955264285071787
	0.0006996106557658083
	0.0007032105370574327
	0.0007064370244162585
	0.000709019289219069
	0.000710814574482495
	0.0007118850107081925
	0.0007129380477571251
	0.0007150444372757454
	0.0007186492696521183
	0.0007238758257914978
	0.0007304722045902242
	0.000738264645246757
	0.0007468596771869033
	0.0007554531754382188
	0.0007632504500539404
	0.0007701367952827568
	0.0007755253828834528
	0.0007792798292350154
	0.0007812051163369639
	0.0007804330185916105
	0.0007765139544240717
	0.0007698501297562298
	0.0007608937675286159
	0.0007504537757194468
	0.0007392469216000066
	0.0007279916786274092
	0.0007169944177573327
	0.0007064067079771901
	0.0006966717635114041
	0.0006887550938771061
	0.0006835187163078574
	0.0006811203024083709
	0.0006809892343732002
	0.00068190390249366
	0.0006827732663842969
	0.0006830351326017441
	0.0006824497287434172
	0.0006807775890849476
	0.0006777467636024516
	0.0006732071555895034
	0.0006672282654679079
	0.0006604796503905181
	0.0006533079167282243
	0.000645734124881457
	0.0006377779838067649
	0.0006294092044509973
	0.0006209838348209292
	0.000612812615342517
	0.0006054684640308961
	0.0005995400317269686
	0.0005951152977721762
	0.000592341385208606
	0.0005909757054794606
	0.0005904175020916904
	0.0005903708968283204
	0.0005913239386109445
	0.0005940493960391501
	0.0005987924208088092
	0.0006056781192336648
	0.0006146308526301724
	0.0006253926891061415
	0.0006377560873269088
	0.0006512963489945017
	0.000665269088686133
	0.0006792182420334518
	0.0006929553473459123
	0.000706655808081803
	0.000720444889985581
	0.0007332713544622798
	0.0007442153789803281
	0.0007528632781456235
	0.0007588833072231909
	0.0007622961474682998
	0.0007630794435092066
	0.0007611609471169659
	0.0007572330781988243
	0.000752255251476142
	0.0007468704311052825
	0.0007414469158267736
	0.0007362083692665848
	0.0007322984709405991
	0.0007304269744366477
	0.0007307478741907623
	0.0007336412817531932
	0.0007381994375898547
	0.00074304720988317
	0.0007471778667963214
	0.0007501070744093825
	0.0007514102698024941
	0.0007512770563490911
	0.0007495282722554961
	0.0007461353197512487
	0.000741689577468278
	0.0007362790153970331
	0.0007294825668741254
	0.0007208171618430686
	0.0007109814243363215
	0.0007007965946742585
	0.0006910178071379125
	0.0006815308586307738
	0.0006722508869255033
	0.000663009719506653
	0.0006539150103973018
	0.000646020753330434
	0.0006395309636113032
	0.0006340298771105033
	0.0006291651256448465
	0.000624447373748621
	0.000619613690496629
	0.0006141397778735082
	0.0006077652333077909
	0.0006004563374471443
	0.0005922096186669732
	0.0005833573992095854
	0.0005745895967582125
	0.0005667714978010663
	0.0005608938939558821
	0.0005567936934507808
	0.0005542655179591653
	0.0005528730209715017
	0.0005521052144276021
	0.0005514915090456799
	0.000551397152408196
	0.0005520609722292065
	0.0005542823559126067
	0.0005566683633812763
	0.0005579745117149991
	0.0005581180122206724
	0.0005573736964347301
	0.0005564404711129342
	0.0005563198015272366
	0.0005573216899224653
	0.0005596362734394587
	0.0005634069158638653
	0.000568551166072113
	0.0005748269213737469
	0.0005821393153650468
	0.0005900907148151461
	0.0005977842562373023
	0.0006045214808819686
	0.0006105880433846997
	0.0006169105063401315
	0.0006240608314016317
	0.0006315011200859664
	0.0006379146654655315
	0.0006421181006999233
	0.0006438190504830289
	0.0006433384620315643
	0.0006403618626904808
	0.0006349944725617785
	0.0006276217808554625
	0.0006188146178831165
	0.0006095065429274332
	0.0006002855012599913
	0.0005913529249492063
	0.000582877470074958
	0.0005746346783874702
	0.000566307025225732
	0.0005576695436475325
	0.0005488937344805375
	0.0005401008480345658
	0.0005312125577561488
	0.0005223959627256887
	0.0005142360709399678
	0.0005075773611986578
	0.0005031360920387873
	0.0005012266950233961
	0.0005017079763447797
	0.0005040668413892964
	0.0005075645621753585
	0.0005119334538817878
	0.0005169771449191305
	0.0005222251578174365
	0.0005271937913071005
	0.0005316957283124605
	0.0005355497177680915
	0.0005387014757978973
	0.000540937912523917
	0.0005427023426689109
	0.0005446385266968579
	0.0005469708613679067
	0.0005500406771270581
	0.0005544466497372276
	0.0005602875556895522
	0.0005675955379849222
	0.0005762736022409593
	0.0005855570544720485
	0.0005945859757646552
	0.0006029554984654854
	0.0006109953809118391
	0.0006191126899309095
	0.0006276333875536959
	0.0006371010386534558
	0.0006478440168996364
	0.0006585490362725227
	0.0006672727693713906
	0.0006731034351725753
	0.0006762601898234489
	0.0006779293843462942
	0.0006786248940646297
	0.000677777843136864
	0.0006745564060938696
	0.0006686344960097519
	0.0006606745725434578
	0.0006516563214654014
	0.0006426109596695551
	0.0006344272667991442
	0.000627452107919164
	0.0006212723585274276
	0.0006156677258771753
	0.0006109594247097581
	0.0006071797704842796
	0.0006041964058162318
	0.0006022744206940244
	0.0006011121400604404
	0.000600816555941805
	0.000600905502964609
	0.0006011730488280797
	0.0006026076041027282
	0.0006065564330164214
	0.0006114273314142196
	0.0006158568841534536
	0.000619044329785839
	0.0006208553464631895
	0.0006214480201187706
	0.0006212243019663396
	0.000620188578409183
	0.0006181101488512494
	0.0006160395792971878
	0.0006149060258588227
	0.0006149507614711729
	0.000615614308374178
	0.0006166450608308416
	0.0006181305314074525
	0.0006194616123418577
	0.0006197464845151887
	0.0006185685669579445
	0.0006159826038264123
	0.0006124499508276825
	0.0006084043050545471
	0.0006041386866241231
	0.0005994804593707641
	0.0005943891119220868
	0.0005894036096119307
	0.0005850638316640781
	0.0005818170562003459
	0.0005796561991942256
	0.0005787502957449663
	0.0005790143191979698
	0.0005797600476456069
	0.0005804224076652922
	0.000580621280716811
	0.0005801951110985606
	0.0005797570415768654
	0.0005800374670104252
	0.0005813484459982004
	0.0005834239166388531
	0.0005858770910115986
	0.0005879115028922862
	0.0005889278524872273
	0.0005891044242807507
	0.0005886774353169628
	0.0005875450900747255
	0.0005859426288626452
	0.0005841540365963621
	0.0005826075516478592
	0.0005817307566719871
	0.0005815482963584239
	0.0005816900595286705
	0.000581535847555354
	0.0005805487148001129
	0.0005781369002598701
	0.0005742599371067834
	0.0005691091270307337
	0.0005630729432300584
	0.0005566719137678707
	0.0005502143467856367
	0.0005440902424767625
	0.0005389591673216379
	0.0005345857760241568
	0.0005307138240702816
	0.0005273291744535855
	0.0005243154399195997
	0.0005219605912355103
	0.0005204774453905464
	0.0005197695251734604
	0.0005193656622071946
	0.0005191557733155139
	0.0005189459666291578
	0.0005185579080188553
	0.0005179602731129139
	0.0005173169712857117
	0.0005168451914377394
	0.0005164543390672333
	0.0005158244888442254
	0.0005152091870403635
	0.0005155827958718478
	0.000517498810224902
	0.0005207220794717847
	0.0005250365359436458
	0.0005302930364588506
	0.0005368085170074491
	0.0005446119243543026
	0.0005533792581284164
	0.0005625512879933117
	0.0005717776527376054
	0.0005806385111465437
	0.000588739153965919
	0.0005957376958481913
	0.0006014497359353557
	0.0006058347418469023
	0.0006087282480089968
	0.0006100862123909925
	0.000610146654964069
	0.0006091701195363309
	0.0006075274548759424
	0.0006052116836769909
	0.0006017816860392405
	0.0005970060712541571
	0.0005912362772787539
	0.0005850167919700565
	0.0005790707252783796
	0.0005737221417645114
	0.0005689243327501784
	0.0005647461892705072
	0.0005611384594584024
	0.0005585110476458273
	0.0005568618124476555
	0.00055595553892752
	0.0005563377772570511
	0.000558129948581701
	0.0005607810357804042
	0.0005639339116846517
	0.0005672962788300667
	0.0005709220241659299
	0.0005750501263690051
	0.0005796418796865566
	0.0005843296366507605
	0.0005884931467882491
	0.0005917244284774117
	0.0005935258437284383
	0.0005945792143718689
	0.0005951973560872491
	0.0005947531280006093
	0.0005928394595803004
	0.0005895304750896776
	0.0005851972594434916
	0.0005803980654789172
	0.0005755743128346266
	0.0005707569042704511
	0.0005661055727670732
	0.0005617464032927735
	0.0005579256190835772
	0.0005550095870933392
	0.0005535260620268915
	0.0005536098214385388
	0.0005554876865722286
	0.0005589360026634388
	0.0005634065639572917
	0.000568966066093699
	0.0005756787193274956
	0.0005832436685675945
	0.0005915049417300769
	0.0006003811076050402
	0.0006094785054358403
	0.0006185633879476061
	0.0006277336135788514
	0.0006369106052265889
	0.0006457070935692882
	0.000653544268810846
	0.0006598465106782528
	0.0006642855946125172
	0.000666617211181277
	0.0006664002167714148
	0.000663646126864941
	0.0006584552946095281
	0.0006512299441279435
	0.0006425663264652937
	0.0006332254499900782
	0.0006240712899447188
	0.0006161503949505885
	0.0006097620961098005
	0.0006048365248992817
	0.0006011794250176305
	0.0005983550890331566
	0.0005961846339607246
	0.0005946132595162862
	0.0005935285027809748
	0.0005926659309685382
	0.0005925462080590727
	0.0005931182957340402
	0.0005935207343105525
	0.0005928955342533972
	0.0005906042267538981
	0.0005868170861040292
	0.0005821150881807942
	0.0005770052092317614
	0.0005720155183649644
	0.0005675964103824295
	0.0005639025930227737
	0.0005610562372842388
	0.0005587601338401155
	0.0005564857290210832
	0.0005539622548193439
	0.0005511061825137803
	0.0005481714274310724
	0.0005453497033709113
	0.000542783680560839
	0.0005406068004435835
	0.0005390738376629388
	0.0005379119631494612
	0.0005367987696075726
	0.0005355054248956726
	0.0005338738937450255
	0.0005317951329460852
	0.0005296968212612729
	0.0005279886614437694
	0.0005266771513481366
	0.0005253674971214953
	0.0005241717378211657
	0.000523226251138384
	0.0005226045483340979
	0.0005223888702157116
	0.0005226632430556923
	0.0005234944641603383
	0.0005249552110625747
	0.0005273664809553643
	0.0005306886781568344
	0.0005345130503819072
	0.0005387931152315156
	0.0005440110549499389
	0.0005509213738088024
	0.0005599135469370199
	0.000570304004261066
	0.0005810329153435191
	0.0005913514101490931
	0.0006006309936298708
	0.0006088274031388728
	0.0006162793278058974
	0.000622985218759206
	0.0006283461797335029
	0.0006317722913164755
	0.0006325292149114143
	0.0006309134633984957
	0.0006270558456156197
	0.000621249705709501
	0.0006133827599128021
	0.0006038036781754437
	0.0005935483193450792
	0.0005841327099450835
	0.0005765870131967933
	0.0005707315822707217
	0.0005662629523722979
	0.0005627827431728158
	0.000560374077654204
	0.0005594681002971077
	0.0005597330815201107
	0.000560351255447821
	0.0005603906347201006
	0.000559675463719962
	0.0005583436720179919
	0.0005567092474530055
	0.000555009277581083
	0.0005527473020562586
	0.0005496329467221525
	0.0005453968364448733
	0.0005394706185826095
	0.0005317081309678683
	0.0005223529819566486
	0.0005121613522754532
	0.0005019904463735269
	0.0004925692246910613
	0.0004844741459877332
	0.0004779600421218352
	0.000472917615393978
	0.0004691148490683509
	0.0004666063359383003
	0.0004654507478791583
	0.0004661429863336856
	0.0004687681029751903
	0.0004724659433724851
	0.0004768576880219106
	0.000481652664914111
	0.0004864517746205882
	0.0004906566222095584
	0.0004941722366236624
	0.000496895789887461
	0.0004984918152229485
	0.000499026382102552
	0.0004989953820116453
	0.0004989466841407197
	0.0004988373300192854
	0.0004988385811314464
	0.000499141745389486
	0.0004998528105383036
	0.0005011889631298059
	0.0005029956548272773
	0.0005046500493504546
	0.0005057158542311494
	0.0005061610238593012
	0.0005059984313011862
	0.0005053807778773529
	0.0005046630011981245
	0.0005033516611855261
	0.0005009245021823902
	0.0004973748438589805
	0.000492805530201016
	0.0004872639682723138
	0.0004809476083720041
	0.0004743864714684286
	0.000467822189887103
	0.0004613634734944175
	0.0004549638446225578
	0.0004485007381813693
	0.0004420311303806267
	0.0004361464342158585
	0.000431255571035335
	0.0004272736752824687
	0.0004239614625354744
	0.0004210299752325061
	0.0004179572671875842
	0.0004148580311806733
	0.0004121515789884229
	0.0004098470836226339
	0.0004079954576513964
	0.0004064443354024433
	0.0004048133459448149
	0.0004029312361903605
	0.000400578691814338
	0.0003980033065345545
	0.0003956834790734676
	0.0003938902038682306
	0.0003927382100320157
	0.0003923002581512667
	0.0003924354559324128
	0.0003930804731036113
	0.0003943275299402186
	0.0003964595304159606
	0.0003995665739968194
	0.0004033126459572299
	0.0004070454613338161
	0.0004102863973514977
	0.0004131367275862677
	0.0004157186915534694
	0.000418060938770878
	0.0004200586489128049
	0.0004212892704029719
	0.0004219042403756378
	0.0004220336749244122
	0.0004218684947641445
	0.0004216598244788108
	0.0004215209428313885
	0.0004217177726181552
	0.0004227559292521691
	0.0004248952982278892
	0.0004277385586787487
	0.0004305408592894995
	0.0004331710745908542
	0.0004360462624168339
	0.0004393533466535163
	0.0004433037160002871
	0.0004481900218543382
	0.0004541757698993507
	0.0004611157759377606
	0.000468527186001231
	0.0004758479208186752
	0.0004827531182046875
	0.0004887620496638047
	0.0004932540499345622
	0.0004959111314663803
	0.0004968039565607611
	0.0004962914385299775
	0.0004947795699737316
	0.0004928936924582559
	0.0004908207417899976
	0.0004881252130451882
	0.0004843906280530451
	0.0004797210574647205
	0.0004747639751011999
	0.0004706524698541584
	0.0004682253493581996
	0.0004680235108225122
	0.0004696166258185817
	0.0004729915804760774
	0.0004780447780722337
	0.0004841492071165098
	0.0004910997931727016
	0.0004991690037139181
	0.0005085574296202447
	0.0005190282237801321
	0.00053029837626742
	0.0005415431706411172
	0.0005519604833878706
	0.0005609054165182972
	0.0005685741455306281
	0.0005749372031515708
	0.0005801794621200825
	0.000584804315506037
	0.0005890321728387005
	0.000592759417159851
	0.0005959040900300992
	0.0005988162745219008
	0.0006022557931268324
	0.000607008011645422
	0.0006128567899238966
	0.0006185216347068885
	0.0006227934601916302
	0.0006253630241482473
	0.0006265201030733983
	0.0006266308448491869
	0.0006261575847613089
	0.0006254389807170804
	0.0006250745383310358
	0.0006255275777868624
	0.0006270281554121932
	0.0006296628169558149
	0.0006326804137325114
	0.0006350329322099745
	0.0006361567982554322
	0.0006356932018978083
	0.0006332950511794791
	0.0006287810626907299
	0.0006222572423191474
	0.0006141175756073189
	0.0006046862505714471
	0.000594482393464082
	0.0005840595622116924
	0.0005740247016157372
	0.0005647789567819119
	0.0005567904456156193
	0.0005502535780177145
	0.0005454135013879494
	0.0005423022664488072
	0.0005409118222636612
	0.0005408728300654188
	0.0005419882215280579
	0.000544051570349026
	0.0005468351835968265
	0.0005501706006983112
	0.0005538155144894168
	0.0005571431359035526
	0.0005597830427079959
	0.0005617788223463982
	0.0005630665058594193
	0.0005639542513583655
	0.00056440330628922
	0.0005644664883073571
	0.0005645920357065618
	0.0005651309966525857
	0.0005660392012781559
	0.0005670175543619402
	0.0005675211645311934
	0.0005673994054693079
	0.0005666897847197529
	0.0005659416481701488
	0.0005657436268576547
	0.0005666482581523452
	0.0005688990631829209
	0.000572127461103437
	0.0005756157841281519
	0.0005786434424163642
	0.0005813822334706539
	0.0005841820274664026
	0.0005871443283714743
	0.0005901670336749787
	0.0005925912872820149
	0.0005934946788596934
	0.0005923866745369016
	0.0005892058468029722
	0.0005843552777102832
	0.0005787086759928309
	0.0005731349061039254
	0.0005677950792708711
	0.0005628578360623667
	0.0005581382120818791
	0.0005533278004211217
	0.000548542879481356
	0.0005444528727305096
	0.0005417696047003682
	0.0005410149311079467
	0.0005423761828444939
	0.0005456988564027762
	0.0005508759331758483
	0.0005572030773185108
	0.0005638540670579368
	0.000570633196751232
	0.0005772697289483957
	0.0005832429211931165
	0.0005883210454451585
	0.0005922330538168824
	0.0005947545632701641
	0.0005957780323085462
	0.0005954042439357417
	0.0005940379754345918
	0.0005922169687702775
	0.0005905443827076222
	0.0005888034639331346
	0.000586845767425085
	0.0005848450030333944
	0.0005826198350462574
	0.0005803604649729969
	0.0005787412920602403
	0.0005781629326766116
	0.000578456844284488
	0.0005795020036137637
	0.0005809912256054547
	0.0005828574005736605
	0.0005850092435493962
	0.0005877333400440702
	0.0005912406914738306
	0.0005951485189845775
	0.0005992599075215164
	0.0006038890416383788
	0.0006089883256843763
	0.0006146622810004091
	0.000620707779059687
	0.0006267093273287619
	0.0006322333633224003
	0.0006370658089033173
	0.0006407472065363176
	0.0006426375580351321
	0.0006428628624680691
	0.0006413582153834657
	0.0006383793705715142
	0.0006341141554412234
	0.0006291969521951531
	0.0006242735494825523
	0.0006196675423625963
	0.0006154159637791367
	0.0006114895264028534
	0.0006076743172020259
	0.000603585741328317
	0.000599204797548342
	0.0005948789830129189
	0.000591090267252645
	0.0005876651069365001
	0.0005845239976541265
	0.0005815274008782578
	0.0005783890530204532
	0.0005749530986212916
	0.0005710411399984927
	0.0005668352952398687
	0.0005625541582930328
	0.0005584849840791261
	0.0005551494504297227
	0.0005528577888230536
	0.0005517842715492852
	0.0005520056495628566
	0.0005532038202975886
	0.0005555981264825258
	0.0005592805004410569
	0.0005639889085694254
	0.0005695340428448762
	0.0005757658558011655
	0.0005820216326219886
	0.0005870672945516518
	0.0005897029696918941
	0.0005897298724428275
	0.000587468130765185
	0.0005833912085789926
	0.0005775695926258049
	0.0005703245481227886
	0.0005619651049052119
	0.0005532186820782207
	0.000544616515031227
	0.0005368283466846422
	0.0005308377340964757
	0.0005273131598366523
	0.000526512701414919
	0.0005279573633972269
	0.0005309449283099115
	0.0005349399015951202
	0.0005395066967537212
	0.0005443212100768319
	0.0005491150880136167
	0.0005532141964507012
	0.0005557071663493042
	0.0005563126789538823
	0.0005550222507276222
	0.0005519495999768337
	0.0005470099277946603
	0.0005405943896631703
	0.0005329234610801585
	0.000524646490616167
	0.0005159944553190267
	0.0005072911068744004
	0.0004988986783044999
	0.000491381944732314
	0.0004856068021581972
	0.0004818738478988464
	0.0004801653526980504
	0.0004802080425421917
	0.0004815461194677414
	0.0004836406398072288
	0.0004860197160332823
	0.0004884209668364456
	0.0004909330963394557
	0.0004938348357380134
	0.000497223250829178
	0.0005007977031304161
