	0.002432490742605261
	0.002437748854454479
	0.002444738790656274
	0.002452365885971609
	0.002459961170742128
	0.002467219043535094
	0.002473782773811135
	0.002479570524422459
	0.002484893563750469
	0.002490398208307058
	0.00249668245706301
	0.002504167215421324
	0.002512966250307132
	0.002522637375822697
	0.00253297271084267
	0.00254373452235803
	0.002554230014578028
	0.002563259183465757
	0.002570187529451447
	0.002574627111256786
	0.002576232454734524
	0.002574946360805277
	0.002570799378220284
	0.002564087948007482
	0.002555366661872735
	0.002545248174340407
	0.002533936082337658
	0.002522581864617758
	0.00251234082148275
	0.002504335648680453
	0.002499154921004376
	0.002496229958852091
	0.00249427266713396
	0.002493478494071952
	0.00249343875959414
	0.00249339169171927
	0.002492624139589752
	0.002490609584146623
	0.002487399507230724
	0.002482862950097542
	0.002477031771409855
	0.00247048404805988
	0.002464207743895722
	0.002458627497530811
	0.002454067013621761
	0.002449943786562114
	0.002445534182446934
	0.002441151147004375
	0.002436624662440097
	0.002432096578398261
	0.002427317292812908
	0.002421353448960889
	0.002413758403021809
	0.002404881292859724
	0.002395337188678643
	0.002385904681416289
	0.002377492899551375
	0.002370964863304309
	0.002366588106695047
	0.002364415909051538
	0.002364854737787281
	0.002367784695962115
	0.002372828255473905
	0.00237936022565412
	0.002386655289619962
	0.002393793632936904
	0.0024005016444327
	0.002407203898514248
	0.002414465974907798
	0.002422681364256414
	0.002432047102466988
	0.00244207972901466
	0.00245243055804195
	0.002463598019720406
	0.002476901334414057
	0.002493479407758332
	0.002513189578283177
	0.002534972523986961
	0.002557519948862508
	0.002578384456956552
	0.002596170405054697
	0.002611341676974466
	0.002624223735827929
	0.002635272193848779
	0.002645597294779925
	0.00265464929911405
	0.002661627178101424
	0.002666449060669273
	0.002668693982894537
	0.002669492281870476
	0.002670313598397528
	0.002673311975339313
	0.002679018162530437
	0.002687513406066816
	0.002697805922502572
	0.002709109631995865
	0.002721418283899834
	0.002734190384077848
	0.002745627822968018
	0.002755650816943053
	0.002764981646688681
	0.00277404131490809
	0.002783589038496465
	0.002793995386511335
	0.00280557097007904
	0.002818303575626504
	0.002832063280483732
	0.002845623082438704
	0.002858250449706985
	0.002869296925848122
	0.002878571089238178
	0.002884991174656027
	0.002888217708561654
	0.002888306982528822
	0.002886339523287391
	0.002883272394313121
	0.002879414194826769
	0.002875000756281943
	0.002869696269374736
	0.002864684500462259
	0.002860302995151748
	0.002857384838293086
	0.002856646917755446
	0.00285758829006232
	0.002859799475542362
	0.002862968611980105
	0.002867392189403659
	0.002872110698381269
	0.002875897136605928
	0.002876877913459883
	0.002874900839224008
	0.002870342402438047
	0.002863787039588623
	0.002855830322663467
	0.002846227154190429
	0.002834709933642443
	0.002822068604626502
	0.002809227594751892
	0.002796332472049
	0.002783210530635226
	0.002769996573922434
	0.002757092220302218
	0.002744230797901401
	0.002731053653939669
	0.002717405526679117
	0.002703105904986679
	0.002687738803200954
	0.002670760990079876
	0.002652103509143891
	0.002631769823724917
	0.002610222239779234
	0.002588113188053112
	0.002566521092711967
	0.002546728536509791
	0.002529502416858012
	0.002515326077710784
	0.002503875706654328
	0.002494386287164015
	0.002485477731091626
	0.002476830154836341
	0.002469340445161838
	0.002463829820050696
	0.002460992104228445
	0.002460737985760589
	0.002462689929182779
	0.002465672782810815
	0.002468465063955893
	0.002470507682853323
	0.002471554446580278
	0.002471932238313118
	0.002472158969072305
	0.002472638897490281
	0.002472769754971899
	0.002472257573559717
	0.002471485238122608
	0.002470547721158567
	0.002469204261931495
	0.002467087282225896
	0.002463930698497352
	0.002460364753772492
	0.002456372850322413
	0.002453020346387485
	0.002451024496160346
	0.002450349933630453
	0.002451039287677392
	0.002452979376346994
	0.002456097201506156
	0.002459165025105364
	0.002461221477086032
	0.0024616926686579
	0.002459895244124843
	0.002456076623531473
	0.002451544263578134
	0.002446927759727049
	0.002441868277129231
	0.002436917450202469
	0.002432831268751438
	0.002430308280510918
	0.002428868507554656
	0.002427012987075003
	0.00242421687862316
	0.00242154096261454
	0.002419776406825618
	0.002418919983047492
	0.002418311917276317
	0.002417589604336605
	0.002416461389653024
	0.002414225465604921
	0.002410887006390497
	0.002406358658493538
	0.002400419535153696
	0.002393217141654506
	0.002385268105510238
	0.002377123223337346
	0.00236949069263828
	0.002362639531046068
	0.002356990794527624
	0.002353013467594687
	0.002350176781047468
	0.002347966298100362
	0.002345872031374865
	0.002343537620480646
	0.002340709986963505
	0.002337912966009042
	0.002335539625276652
	0.002333871170008122
	0.002333120838568425
	0.002333613929831759
	0.002335785087532257
	0.002339524126706237
	0.002344184909124273
	0.002349088663992963
	0.002354500713694132
	0.002359774497377115
	0.002364424203494098
	0.002368680834365853
	0.002372789469976833
	0.002376965309365059
	0.002381648484655721
	0.002387640597993517
	0.002394675737738591
	0.002402171147579967
	0.002409338005278883
	0.002416139150153758
	0.002422889908846867
	0.002429525901825034
	0.002436336378491661
	0.002443734430601823
	0.002452231224923098
	0.002461377527528036
	0.002470633522337803
	0.002479698917047674
	0.002488218745933402
	0.002496416554692184
	0.002504464842140608
	0.002511973452504537
	0.002518438078796583
	0.002523391594934572
	0.002527026878466112
	0.002530063131643065
	0.002533063905248221
	0.002535865181075737
	0.002538144109178822
	0.002538918481949377
	0.002537658702263022
	0.002534572144128038
	0.00253017947345227
	0.002525160000296404
	0.002520373744561897
	0.002515888866531818
	0.002511810728491508
	0.002509468220088887
	0.002510147959887989
	0.002514149791171209
	0.00252155680385844
	0.002532584339299843
	0.002547203307144705
	0.00256485268032319
	0.002584367098828104
	0.002604451666434574
	0.002624079245204993
	0.002642155206702602
	0.00265771225385515
	0.002670482727338885
	0.002680956466867499
	0.002689858578431347
	0.002697729086187912
	0.002704881578460269
	0.002711089360798229
	0.002715852866439639
	0.002718674705967914
	0.00271937844897814
	0.002718570897019955
	0.00271726341850434
	0.002715889208808694
	0.002713715826438274
	0.00271050025592144
	0.002706374315334557
	0.002702352726809602
	0.002698163978544614
	0.002692422167845775
	0.002684267143586685
	0.002673772654948712
	0.002661797291319111
	0.002649298187318656
	0.002636457191244808
	0.002623004749156927
	0.002608825136076168
	0.002594097387006639
	0.002579305723222896
	0.002564280001700883
	0.002548967597179436
	0.002534505960659908
	0.002522281632920331
	0.002511862834329207
	0.002502635764466677
	0.002494324801433814
	0.002486639832066793
	0.002478745418872405
	0.002470832754133344
	0.002463463510202423
	0.002456781104111763
	0.002450775880023554
	0.00244523044013812
	0.002440484268119701
	0.002435493220141547
	0.002429372000738836
	0.002422366287818236
	0.002414860205432953
	0.00240701087109148
	0.002398701135556134
	0.00239030845392732
	0.002381496270559016
	0.002372269486153247
	0.002363186792651666
	0.002355436781971529
	0.002349755833332386
	0.002345900009521292
	0.002343019547670007
	0.002340269677337253
	0.002337738159691291
	0.002335424448877136
	0.002333099593590327
	0.002330590271172693
	0.002328549206364122
	0.00232795331477768
	0.002328540438909225
	0.002330292708325225
	0.002332803670909157
	0.002335017373410709
	0.002336605951330442
	0.002337756951738044
	0.002338424729013218
	0.002338872297358807
	0.002339534659135124
	0.002340385650021711
	0.002341492273297702
	0.002342757501683063
	0.002344594170582803
	0.002346794226462954
	0.002349045564697766
	0.002350726042803017
	0.002351508523243903
	0.002351891506404448
	0.002353737436781842
	0.002357088916243503
	0.002361442996618021
	0.002366330962770752
	0.002371915689107585
	0.002378474446393981
	0.002385853208517385
	0.002395401961477786
	0.002407248428488021
	0.002420606181500199
	0.002434848893783182
	0.002449976530345428
	0.002465855644105585
	0.002482070254650933
	0.002498372987995934
	0.002514894244042036
	0.002531690169884731
	0.002548732060918613
	0.002565596041528698
	0.002582540628517829
	0.002598899872082797
	0.002613972383167019
	0.002627432295631938
	0.002638775143757056
	0.002647802100637484
	0.002654466237694768
	0.002658402669082591
	0.002660064526215445
	0.002660458655673899
	0.002660447205109756
	0.002660089768823709
	0.002659474566056535
	0.002658359922910606
	0.002656791097224556
	0.002655211220074267
	0.002653728709090709
	0.002653420321231717
	0.002655105568765616
	0.002659237066314831
	0.002665826403917924
	0.002674482446849788
	0.002684231693443673
	0.002694680773920246
	0.0027052245224846
	0.002715480107793839
	0.002725484338273769
	0.002735030560922133
	0.002743952177832457
	0.002752489291717988
	0.002760030890263026
	0.002767339246372446
	0.002775682787038895
	0.002785320964335572
	0.002796583079318779
	0.002809298349940577
	0.002822697611236884
	0.002835614751194879
	0.002847136311188359
	0.002856802672543303
	0.002864854790972808
	0.002871500820239377
	0.002877361103269075
	0.002882624880851527
	0.002887001639837117
	0.00289016208959393
	0.002891584773922677
	0.002891153969537304
	0.002889400898265641
	0.002886699040474218
	0.002883114481699229
	0.002878256386380712
	0.002871677131454833
	0.002862223562706251
	0.002850065401110438
	0.002835991416620871
	0.002820465485840043
	0.002804264710581538
	0.002787684971342259
	0.002771561518063289
	0.00275700119640281
	0.002744291682914499
	0.002732620606108669
	0.00272120923408794
	0.002710386888775564
	0.002700640239986167
	0.002691567303850637
	0.002682601555488657
	0.002673904166330983
	0.002665676525582437
	0.00265924970812326
	0.002655108342708095
	0.002653846747144922
	0.002656143902800406
	0.00266143330740883
	0.002669084283110666
	0.002678266697676878
	0.002688596180946699
	0.002699166856094834
	0.002709259120402609
	0.002718313507794825
	0.002726256042082612
	0.002732883742152156
	0.002738520692403707
	0.002743642124322774
	0.002748466973287527
	0.002752793130540349
	0.00275650547280267
	0.002760154677881393
	0.00276402825693324
	0.002767874005656089
	0.002771435356070847
	0.002774426903928423
	0.002776422743529803
	0.00277722695602668
	0.002776615808466548
	0.002774871167352367
	0.002772052010471394
	0.002768694911659063
	0.002764507958455552
	0.002759311118371219
	0.002752824085626645
	0.002744980887563625
	0.002736126513097265
	0.002725737868995439
	0.002714267126546245
	0.002702161700294918
	0.002689640686663301
	0.002677480075137978
	0.00266633252998964
	0.002656119999157059
	0.002646548206330972
	0.0026371466311113
	0.002628040172315501
	0.002619596054943302
	0.002612447924943637
	0.00260581598453209
	0.002598778500668726
	0.002591062328922397
	0.00258300958650377
	0.002575141823046985
	0.002568193179386514
	0.002562257100780128
	0.002556394494441576
	0.002550778332432823
	0.002545573922685846
	0.002541033477627499
	0.002536961226728238
	0.002533267929941734
	0.002530829291590458
	0.002530300234165572
	0.002531325477824887
	0.002532827465778815
	0.002533770829770207
	0.002533469080823536
	0.002532295556219909
	0.00253059322845992
	0.002528237330002871
	0.002524228339533142
	0.002518572956891702
	0.002511724882107212
	0.002504951246430965
	0.002498386713214784
	0.002492414153759117
	0.002487139684781529
	0.002482994834143821
	0.002480086178721349
	0.002477999698224739
	0.002476934452117982
	0.002476595075539148
	0.002476908295768355
	0.002478290547663168
	0.002480606515524075
	0.002483897976632365
	0.002487495263494125
	0.002491370740945697
	0.002496588290072699
	0.002503411808754734
	0.002511694310241704
	0.002520231314388242
	0.00252782221448194
	0.002534243868450842
	0.002539126437655074
	0.002542679390656021
	0.002545231732602878
	0.002547132162245007
	0.002548144850865114
	0.002548369487994471
	0.002547390317314146
	0.002545167444317797
	0.002541815931104483
	0.002537749449702266
	0.002533321454469594
	0.002529174009893106
	0.002525020080783189
	0.002521106442838703
	0.002518077883692817
	0.002516141524903415
	0.002515978374324233
	0.002518690867876299
	0.002524345884655059
	0.002532676226995003
	0.002543295147309169
	0.002556198350646661
	0.002571238067377474
	0.002587744045538129
	0.002604783104408826
	0.002621088136726621
	0.0026364815524126
	0.002650917098899672
	0.002664716920892309
	0.002678469569840013
	0.002691984167936971
	0.002704858033831467
	0.002717043742270894
	0.002728517569942172
	0.002738925964393317
	0.002748196868472435
	0.002756822762969319
	0.00276540906737552
	0.00277412101818572
	0.002782470223831365
	0.002790004779580891
	0.002796354028151485
	0.002802385185766455
	0.002808257127243181
	0.002813765781903034
	0.002819432952171636
	0.002825738860826958
	0.002832491356009375
	0.002839342068423751
	0.002845882110433982
	0.002851517849172953
	0.002855593189794881
	0.00285757083175902
	0.00285712314591942
	0.002853699755121629
	0.002847992633540455
	0.002841144798304076
	0.002833434387283203
	0.00282439864804178
	0.002814302436215831
	0.002803605354609567
	0.002791883301365956
	0.002780222140922375
	0.002770055331041914
	0.002763572826008994
	0.002761404429073513
	0.002763613837491631
	0.002769681799430587
	0.002777621510293394
	0.002786548591588125
	0.002795799960942242
	0.002805282844416053
	0.002813721500109333
	0.002820759691038116
	0.002825901917691598
	0.002829582106522958
	0.002831730295022316
	0.002832838505636046
	0.002833600121004866
	0.002834227489430006
	0.00283484698125458
	0.002835369412959656
	0.002836309709170718
	0.002837564767631565
	0.002839399019992507
	0.002840910912460857
	0.002841957613550093
	0.002841926565481046
	0.002840524775004387
	0.002838068306827053
	0.002834512129290342
	0.002830162815265761
	0.002824996899759344
	0.002818662597593201
	0.002811295655140959
	0.002803281995672588
	0.002795034806809342
	0.002787046788343517
	0.002779173303218099
	0.002770992038726168
	0.002762790211431083
	0.002755327445633685
	0.002749117638664481
	0.002744196540880815
	0.00274068614434016
	0.002738735103459223
	0.002738707007781708
	0.002740862996426917
	0.002744726847339383
	0.002749128230189439
	0.002753253477052959
	0.00275712835156684
	0.002759976509627321
	0.002761293283981084
	0.002760456353676479
	0.002757908643926196
	0.00275483660218571
	0.00275149490416002
	0.002747280515036447
	0.002742597664313824
	0.002737418060280636
	0.002731470993380172
	0.002725066166329345
	0.002718780227869481
	0.002713052219556208
	0.002708190727148544
	0.002704113873938225
	0.002700836720931866
	0.002698279175322778
	0.002696238013731251
	0.002694630872436294
	0.002693250799210701
	0.002691832596414221
	0.002690405274510653
	0.002688193623171718
	0.002685331302174413
	0.002681637362272201
	0.002677001758805067
	0.002671704174757631
	0.002665723718588885
	0.002659393616315467
	0.002652448572668833
	0.002644827898727941
	0.002636505845785657
	0.002628502435031986
	0.002621255812174421
	0.002614736688028544
	0.002608220118332137
	0.00260137980126559
	0.002593889928908882
	0.002585432053210658
	0.002575816636917117
	0.002564266686532383
	0.002551272896368697
	0.002537683476747666
	0.002524714266043652
	0.002512201697650839
	0.002500449918919717
	0.002490019653369449
	0.002481195375157073
	0.002474812029343233
	0.002470292531344141
	0.002467979744013878
	0.002467366792647009
	0.002468125209889159
	0.002469704169693445
	0.002471760076569296
	0.002473506995433121
	0.002475004189609057
	0.002476786311994318
	0.002479158245869039
	0.002482350517859921
	0.002486008021766053
	0.002489673579912958
	0.002492662323872156
	0.002494999989379545
	0.002496693818601547
	0.002497498215527595
	0.002497654044554369
	0.002497040620566772
	0.002495828028687264
	0.00249423498441174
	0.002492239913508061
	0.002489809078544868
	0.00248698578090548
	0.002483232918558504
	0.002478532649319874
	0.002472673278447413
	0.002465885314773515
	0.002458839863491202
	0.002451812051031697
	0.002445030999911872
	0.002437946267656433
	0.002430718085113585
	0.002423366632180765
	0.002416350328110643
	0.002409534247658998
	0.00240260093633911
	0.002395353549720887
	0.002388550873591784
	0.002382613834463469
	0.002378108843120665
	0.002374720591376676
	0.002371949115655629
	0.002369087871378385
	0.002366399431334691
	0.002364178744299369
	0.002362306233715999
	0.002359972994931786
	0.002357372884498093
	0.002354874805950078
	0.002353035472141346
	0.002352311885275033
	0.002352309655849137
	0.002352588386862037
	0.002352554595730558
	0.002351388185288076
	0.002348949733104008
	0.002344887829349078
	0.002338995179090225
	0.002331674820996732
	0.002323928669376674
	0.002316997017384191
	0.002310665406501013
	0.002304049407917706
	0.002296728850533676
	0.002289064980997058
	0.002281305072596664
	0.00227405932302882
	0.002268318186032687
	0.00226419354734551
	0.002261712015163552
	0.00226094664707872
	0.00226169037969003
	0.002263616737347995
	0.002266345840912564
	0.002269412726714073
	0.002272336016368321
	0.002275286404930726
	0.002278290579020225
	0.002281555820458269
	0.002286188409309309
	0.002292176765504888
	0.002299156584781423
	0.0023065235617147
	0.002314297848338399
	0.002322354751558231
	0.002330758785680415
	0.002339078364503295
	0.002347167697828741
	0.002354941918501636
	0.00236188603751053
	0.002367135956733224
	0.00237072496168487
	0.002373234231018394
	0.002375174573559665
	0.002377013851525245
	0.002379252555502055
	0.00238157120105533
	0.002384293083870306
	0.002387984861529903
	0.002392672624195367
	0.0023982947401302
	0.002404689097444301
	0.002411967090117672
	0.002420010433527479
	0.002428560617645797
	0.002436670183496821
	0.002444215410669121
	0.002451613906156727
	0.002459479296317271
	0.002467491161723498
	0.002475620732631492
	0.002484334568278187
	0.002493978957068348
	0.002504226030151869
	0.002514208728320262
	0.002523140441164608
	0.002530637219887725
	0.002536753781694412
	0.002541593371404832
	0.002545435819092013
	0.002548607792658715
	0.00255124134368495
	0.002554364089634711
	0.00255871119387882
	0.002564258288014206
	0.002570584161997839
	0.002577585328774626
	0.002585081595546481
	0.002592951777678088
	0.002601161729091473
	0.002609644975614956
	0.002618038694102917
	0.002626411614080709
	0.002634378160701441
	0.00264115686892641
	0.002646464065198597
	0.002650828981821997
	0.002655133424736015
	0.002659443084029593
	0.002664039304281139
	0.002669052922215647
	0.00267448772251811
	0.002680173264849919
	0.002685756845335357
	0.002690069201391186
	0.002693871670502348
	0.002697685001827278
	0.002702103747204961
	0.00270741362840426
	0.002714142759078272
	0.002721776815407258
	0.002730643941053073
	0.002739962260848502
	0.002749044846782356
	0.002757537226085572
	0.002764840488145342
	0.002770261447724128
	0.002773232913111775
	0.002773730850422581
	0.002772247913340321
	0.002769125506104778
	0.002764754371089442
	0.002759910772242262
	0.002755108592923942
	0.002750736791634784
	0.002746291731425894
	0.002741811251576025
	0.002737865539354631
	0.002734514330018291
	0.002731635658637392
	0.002729707819194038
	0.002729133786551209
	0.002729929853500448
	0.002731857376125046
	0.00273472163987685
	0.00273787024143981
	0.00274074268508708
	0.002742733863049961
	0.002743108054575787
	0.002741845141882804
	0.00273921315918283
	0.002734968949866762
	0.002729769401606156
	0.002724313961004633
	0.002719353787830245
	0.002715477510505872
	0.002713065681421796
	0.002712179465331343
	0.002713503232702485
	0.002716850880246484
	0.002723740812355904
	0.002734194065588772
	0.002746661366102566
	0.00275971372530142
	0.002772351059442302
	0.002784098071970973
	0.002795446737217792
	0.002805287144049596
	0.002812778823500341
	0.002818385473518919
	0.002823249891930155
	0.002827536204718169
	0.002831039143383918
	0.002833342584230763
	0.002833966521307605
	0.002832585734398427
	0.002829582518669682
	0.002826011022253946
	0.002822815653860727
	0.002820260247279937
	0.002818403376105375
	0.002816867259491326
	0.002815574768486418
	0.002815257270277542
	0.002815875056513353
	0.00281679785639331
	0.002817822657162246
	0.002818762618217563
	0.002819228115281692
	0.002819501155359356
	0.002819771893875838
	0.00282038267075551
	0.002821531733688288
	0.002822885329709129
	0.002824636532947169
	0.002826849367303463
	0.002829674270080651
	0.002833397147769643
	0.002838112736841044
	0.00284397317642059
	0.002850548638159731
	0.002856792497319675
	0.002861302553100754
	0.002863608818605756
	0.002863569816750028
	0.002860441070871482
	0.002854803545594713
	0.002847995328909327
	0.002841223404000732
	0.002834710931223423
	0.002828667752033648
	0.002823028299021751
	0.002817750333243704
	0.002812576566865587
	0.002807328255638187
	0.002803018109930448
	0.002800803450728859
	0.002800786858630747
	0.002801916240398336
	0.002803622429817671
	0.002805564731200999
	0.002807230291598904
	0.002807482190622386
	0.002807436252178798
	0.002807699141058773
	0.002808428467791019
	0.002809930088787398
	0.002811697357294102
	0.002813374665243615
	0.002815107320937225
	0.002815669756398968
	0.002813837078041648
	0.00280973589629502
	0.002803880130727231
	0.002797789332632375
	0.002793446684025687
	0.002790599955844551
	0.002788814387283972
	0.002788077186846301
	0.00278668626654515
	0.002785212863888681
	0.002784797746245744
	0.002785312304111835
	0.002787264182393196
	0.002791472404712669
	0.002797546990449497
	0.002805856299768678
	0.002816467422879795
	0.002828778040633849
	0.00284240608514444
	0.002857650736438737
	0.002874094509901177
	0.002890376402150369
	0.002905693989157242
	0.002919684755619197
	0.002932424293302031
	0.002944395092915252
	0.002955974051737198
	0.00296695713466978
	0.002976802169306608
	0.002985309751513261
	0.002992440042909866
	0.002999255790597121
	0.003005890362565301
	0.003012879766852506
	0.003019850929182943
	0.003026511001725292
	0.003032075053145229
	0.003037098973002702
	0.003041771649053239
	0.003045995615563308
	0.003050013271984726
	0.003053512751090316
	0.00305588835840331
	0.003057097709154859
	0.003057511194925809
	0.003056672618427602
	0.003054935129655552
	0.003052693524553582
	0.003050037136917192
	0.003046624249667366
	0.003041771612184415
	0.003036150554252517
	0.003031120209997036
	0.003026815607008901
	0.003023414910215094
	0.003021065460651028
	0.003020576234364332
	0.003022280785169636
	0.003025710937420508
	0.003030461445971188
	0.003037001166575267
	0.00304593354172001
	0.003057222644262577
	0.003070494210532311
	0.003084855080040505
	0.003099026903548332
	0.00311151291623876
	0.003121867180414068
	0.003129587396516051
	0.003134583693518713
	0.003137428944915129
	0.003138369876951395
	0.003136810648671648
	0.003133036234548134
	0.003126940185381392
	0.003119128062786713
	0.003110755085785063
	0.003102548678749963
	0.003094208896346834
	0.00308579418912253
	0.003077221221622064
	0.003067599280139871
	0.003055921558251617
	0.003041477641614168
	0.003025238171222191
	0.003007842217691867
	0.002989660136457836
	0.00297080243178075
	0.002950825290355947
	0.002929799334183553
	0.002907606345325339
	0.002885925273971007
	0.002866180874135934
	0.002848369165605124
	0.002832533749574389
	0.002818299319041494
	0.002805039768639409
	0.002792583791638326
	0.002780338068049496
	0.002768487580829034
	0.002756526037295432
	0.002744382534940488
	0.002731473986052889
	0.002717759099378299
	0.00270389101885354
	0.002689838172610329
	0.002675519986177391
	0.002660750348399419
	0.00264595552764722
	0.002632047618371327
	0.002619404886691728
	0.002607585863071926
	0.002595459585159634
	0.002583435931499616
	0.002572026843427723
	0.002561055257359035
	0.002549916446981256
	0.002537995066885245
	0.002524667063605796
	0.002509553430074877
	0.002493006985664661
	0.00247546333256943
	0.002457132182712282
	0.002438591608227627
	0.002420386152963037
	0.002403114004605989
	0.002387582231516631
	0.002374586984370086
	0.002364760150433887
	0.002358523595045708
	0.002355914165143904
	0.002356123857660194
	0.002357950473215069
	0.002360317053553379
	0.002362743720873318
	0.002364950027655994
	0.002367316596575998
	0.002369694730745439
	0.002371652246617268
	0.002372611944031087
	0.002372178881838053
	0.00236992453507522
	0.002366464989824667
	0.002362326439579168
	0.00235770799308305
	0.002352739911875218
	0.002348370687559188
	0.002345497716402702
	0.002344204234498565
	0.002344328294113971
	0.002345395454730508
	0.002347453194305155
	0.002351491793803364
	0.002357854072051822
	0.002366310783352889
	0.002376363290240891
	0.002387996902621091
	0.002400397300074558
	0.002413652880203124
	0.002427386624290356
	0.002441038457361282
	0.00245413855021526
	0.002467332215507417
	0.002481018478245966
	0.002495485934560467
	0.00251052620288234
	0.002526415552216363
	0.002543962055438369
	0.002563961568465749
	0.002586421438781935
	0.002611153010763085
	0.00263759793114211
	0.002665466797549928
	0.002694160548586972
	0.002723556497512106
	0.002753225070772757
	0.002782422549229993
	0.002810806260666153
	0.002837518327778856
	0.002861637266323532
	0.00288309910630337
	0.002901219506143781
	0.002915875362897125
	0.002927628979896142
	0.002936828784987916
	0.002943129323698564
	0.002945662099158828
	0.002945590576172962
	0.002943679221546596
	0.00293938287848649
	0.002933108702204353
	0.002924695237779891
	0.002915261166904568
	0.002905648985898018
	0.002895344835009989
	0.002885290662993457
	0.002875305748552788
	0.002864715468981309
	0.002852763831527392
	0.002839749471210649
	0.002826948047959106
	0.002814985759772904
	0.002804526074400923
	0.00279486103409079
	0.002786124739228466
	0.00277946225333931
	0.002774610975881051
	0.002771038392965729
	0.002768110812592732
	0.002765548313554946
	0.002763529077960357
	0.002762023543491766
	0.002760400548182879
	0.002758560169049301
	0.002756687130418823
	0.002754557693858728
	0.00275195412772121
	0.002748994409484831
	0.002746510592293531
	0.002744213390169054
	0.0027421822008035
	0.00273951709349443
	0.002736027845541164
	0.002731851726833224
	0.00272698805459231
	0.002722191071707903
	0.002717517206181025
	0.002712933823227533
	0.002708309348547256
	0.002703091654596783
	0.002696897663009868
	0.00269001120541006
	0.002683020189176751
	0.002675977827598751
	0.002668957653175656
	0.002662350071137405
	0.002655772366828947
	0.002649481991183676
	0.002643290320615243
	0.002637004173091428
	0.002630973330848032
	0.002625594091529407
	0.002620632172727345
	0.002616140448900155
	0.002612147138991748
	0.002608346608124725
	0.002604423938588995
	0.002600829684776343
	0.002598073023995013
	0.002596483879783787
	0.002595948652821154
	0.002596359631900572
	0.002597732045653224
	0.002599823136237327
	0.002601622472212013
	0.002602894726602531
	0.002603686491826009
	0.002604711648469338
	0.002606473182959192
	0.002609409165778614
	0.002613484898275424
	0.00261864897669571
	0.002624397627284329
	0.002630996848656521
	0.002638037561328123
	0.002645259418109123
	0.00265224211564182
	0.002657619802234892
	0.002662316723427677
	0.002666223873687674
	0.002669762312485184
	0.002672987049937744
	0.002675497453521615
	0.002676900803944184
	0.002676813138735428
	0.002675175590058429
	0.002672110021917596
	0.002667644631089142
	0.002662662792220529
	0.002657644472813832
	0.002652728258264772
	0.002648507516884371
	0.002645410769405702
	0.00264353790656214
	0.002642292175672018
	0.002641064150008733
	0.002639341888146936
	0.002637179133427174
	0.002634244892913618
	0.002629907803828214
	0.002623739237670363
	0.002616634873767196
	0.002609498541576917
	0.002602479959288258
	0.002595468855109831
	0.002588545249011643
	0.002582154072337466
	0.002575917267890106
	0.002569901021425618
	0.002564044142964239
	0.002559219654668381
	0.002555160090533387
	0.002551511685518589
	0.002548453078764442
	0.00254591767308826
	0.002543443184251112
	0.002540783383236074
	0.002538408551736506
	0.002537206551972893
	0.002537486822931491
	0.002537946809200048
	0.002537556913290674
	0.002535252543500794
	0.002530889647039489
	0.002524904122233035
	0.002517660786605623
	0.002510321751793935
	0.002503500572946441
	0.002497252332919224
	0.00249144004325456
	0.002485578496339374
	0.002479618060639956
	0.002474181210217058
	0.002469807577485804
	0.002466923312563146
	0.002465793536640081
	0.002466284159387749
	0.002467680234392089
	0.002470281535757877
	0.002474736111055639
	0.002481639031546544
	0.002491193010427244
	0.002502926435807443
	0.002516902920104795
	0.002532518185446935
	0.002549825791400007
	0.002567826414344615
	0.002585810971346243
	0.002603514036945629
	0.002620553982144168
	0.002636191809780462
	0.002650485293590355
	0.002664307327387895
	0.002677690895297467
	0.002690312083610803
	0.002702316177188229
	0.002713804764425361
	0.002724695969356831
	0.002734150990012353
	0.002741463149346013
	0.002746406037959184
	0.002749004020333472
	0.002749593576707519
	0.002748678229452173
	0.002747337080785404
	0.002747595064842666
	0.002749709755101704
	0.002753217129051494
	0.00275731284961571
	0.002760975114507651
	0.002764173679607352
	0.002767633525699711
	0.002771136064670137
	0.002773064352295049
	0.002771583099432773
	0.00276622515179558
	0.002757572349453
	0.002747137495316484
	0.002735966565446544
	0.002725373138596178
	0.002716622357754826
	0.00270985979952496
	0.002705198871694182
	0.002702420377789303
	0.002701399231236462
	0.002700902270935876
	0.00270034143376542
	0.002698213855252157
	0.002694532856925242
	0.002689172736040517
	0.002682068845861925
	0.002673567453648995
	0.002664204187420168
	0.002654295309482911
	0.002643631508037341
	0.002632495883936251
	0.00262076339034137
	0.002608486737068523
	0.00259638164286467
	0.002585641005489757
	0.002576432376696965
	0.002568054766158241
	0.002560251090039693
	0.002552794627343296
	0.002545756881686708
	0.002539370959137007
	0.002534155177701199
	0.002530656156292724
	0.002528255179081161
	0.002526592270330465
	0.002525655949040286
	0.00252576231077498
	0.002526764821631131
	0.002529132464261195
	0.002531296502241046
	0.002531166138445711
	0.002527407346992419
	0.002520426724455279
	0.002511044441824068
	0.002500102049091324
	0.002488016982453883
	0.002476073682577471
	0.002465532247289137
	0.002457311377566255
	0.002451791311084298
	0.002449503243709425
	0.002450281477388478
	0.002453470867710205
	0.002458260799621634
	0.002463468283093535
	0.002468835303389815
	0.002474769394048522
	0.002481986423897718
	0.00249046730706385
	0.002500583366952429
	0.002512397951729879
	0.002525971465505253
	0.002540581216770009
	0.002555286290252109
	0.002569267564150002
	0.00258269798668873
	0.002595450927840457
	0.00260734755592941
	0.002618416502011498
	0.002628895089304012
	0.002639076874807763
	0.002648939407239296
	0.00265932296920801
	0.002671298370738696
	0.002685185931250517
	0.002700554198288858
	0.00271687170839465
	0.00273308860363705
	0.002748664369251447
	0.002763347803229343
	0.002776823400453113
	0.002789368583051702
	0.002799973493583853
	0.002807600919700596
	0.002811733480849201
	0.002811211091761414
	0.002806287132520617
	0.002798268590001021
	0.002787711674940171
	0.002774579734599554
	0.002759532512271331
	0.002743170567105681
	0.002726069709728501
	0.002709784464347901
	0.002693563074680171
	0.002678133528670541
	0.002664479611981215
	0.002653514810268477
	0.002644999709842013
	0.002637879842190843
	0.002631025532560581
	0.002623938417378605
	0.002616179642743143
	0.002608148421973537
	0.00260082116443612
	0.002594049675399509
	0.002587731567884667
	0.002582285646292371
	0.002577799319922842
	0.002574740836800817
	0.002572954288805778
	0.002572410370727745
	0.002573325892228572
	0.002575706371795209
	0.002578656121599463
	0.002581353276976265
	0.00258318311826755
	0.002584015107781392
	0.00258430197680324
	0.002585480553082139
	0.002588903395962889
	0.002595468271795989
	0.002605049615418458
	0.002616817700570143
	0.002630075472862238
	0.002643398068059764
	0.002655830801192786
	0.002666315177278171
	0.002673773838748965
	0.00267785083528253
	0.002678973001034434
	0.002677495185505656
	0.00267373738637525
	0.002667743185149905
	0.002660417427653696
	0.002652481630335952
	0.002644266093021741
	0.002636223732511469
	0.002628607090340311
	0.002621471063220283
	0.002615336789799863
	0.002610123243685378
	0.002605651834406577
	0.002601425795530847
	0.002597149931338458
	0.002592879545134887
	0.002589253380191182
	0.002586193183131463
	0.002583137385099516
	0.002579835139201334
	0.002576063909433544
	0.002571645268889363
	0.002566487926487087
	0.002561006065913213
	0.002555876264883939
	0.00255141493227655
	0.002547907929090193
	0.002545599451609727
	0.002545053514521307
	0.00254623664067287
	0.002548736188848402
	0.002552204155366041
	0.002555981917532927
	0.002559352232858111
	0.002561809850102878
	0.002562242606868796
	0.002560084053416514
	0.002554832648244619
	0.002546872054969398
	0.002537655078755294
	0.002528666188846178
	0.002520519318874236
	0.002513458104462585
	0.002507914251799752
	0.002503428383430001
	0.002499383694984157
	0.002495561098262811
	0.002491978245975734
	0.002488194014841131
	0.00248417564117981
	0.002479754391394601
	0.002474505323936006
	0.002468865835557339
	0.002463150748205934
	0.002457655648715139
	0.002452469435483564
	0.002447694396528065
	0.002443279556711786
	0.002439097853400215
	0.002434816068693401
	0.002431063375506067
	0.002428592057568272
	0.002428006891990936
	0.002430439451551548
	0.002436432280097351
	0.00244535116033729
	0.002456255444066116
	0.00246836583773782
	0.002481317948335528
	0.002494930045504449
	0.002508097721818666
	0.002520368928406173
	0.002531196247537466
	0.002539984010383266
	0.002546181917983053
	0.002550349173815631
	0.002553387586872833
	0.002555578270457909
	0.002557286525300966
	0.002558569188046902
	0.002559899927872253
	0.002561889722944997
	0.002565185687054375
	0.002569698446371992
	0.002574978598662511
	0.002580772416272577
	0.002587113594384458
	0.002594093492788997
	0.002601261768765139
	0.002608217913278654
	0.002615032871536023
	0.002621550311101618
	0.002626763090199337
	0.002630797811271826
	0.002634554766105791
	0.002638355639393773
	0.002642161764544644
	0.002645642117024645
	0.002648267987823191
	0.002650229048168248
	0.002652122600653752
	0.002653801938014732
	0.002655202780347662
	0.002656503115209258
	0.002657640245339325
	0.00265859037906656
	0.002659622335154012
	0.002660742443912077
	0.002662295892830662
	0.002664366338764135
	0.002666989630171084
	0.002671168633004785
	0.002676592989199054
	0.002682938746013479
	0.002689326584089928
	0.00269480898066086
	0.002699670669556224
	0.002704817982595769
	0.002710012035656912
	0.002714089976539283
	0.002716968232302099
	0.002718095497792589
	0.002717535531196667
	0.00271624508138058
	0.002714899516398938
	0.002713934929745458
	0.002713533058112763
	0.002713361800168004
	0.002712675387509497
	0.002711105472355594
	0.002708599959037763
	0.002705918114857578
	0.002703103392151655
	0.002699483883071079
	0.002694463223429709
	0.002687018475314333
	0.002676741702676032
	0.002664209690002477
	0.002649259788056901
	0.002633496810175752
	0.002618551894715757
	0.002604527012232476
	0.002591833171620161
	0.002581124034633975
	0.002572691313446042
	0.00256693320540212
	0.002563608062670804
	0.002562747956813578
	0.002563708960673142
	0.002565962800141321
	0.002569698801720405
	0.002574868953731083
	0.00258221721247459
	0.002591658394266661
	0.002603207003406359
	0.002616440808046333
	0.00263083134010168
	0.002645546828402615
	0.002660273226740814
	0.002674032333327603
	0.002686701469948301
	0.002697975495598175
	0.002707532763086339
	0.002715542354779399
	0.002723038686315985
	0.002730994486208836
	0.002739968539902118
	0.002750378298052347
	0.002761901675821908
	0.002773844773283079
	0.00278494619276535
	0.002793778191496715
	0.002799654240384024
	0.002802546062277797
	0.002803230560125139
	0.002801897178832811
	0.002798985036032965
	0.00279460294615371
	0.002789629786683497
	0.002785009938412668
	0.002781324966696327
	0.002778016881861297
	0.002774582917118823
	0.002770928302874601
	0.002767829136610285
	0.002764983461361988
	0.002761753878476594
	0.002756909304354084
	0.00275027058260596
	0.002741883656381848
	0.002731667182014506
	0.002720373643574981
	0.002707805475244027
	0.00269512099031298
	0.002683160370207285
	0.002672916850902833
	0.002664327287194407
	0.0026565401145761
	0.002648707374126285
	0.002640192750374465
	0.002630808185684386
	0.002620826620016848
	0.002611021401486691
	0.002601465840977183
	0.002592238264607059
	0.002583606492311666
	0.002576376859226813
	0.00257028476963254
	0.002565005631395643
	0.00256041821206631
	0.002556204125831315
	0.002552664239973233
	0.002550357332705266
	0.002549646372559505
	0.002550672782278162
	0.002552652517618714
	0.002554802008754873
	0.002556156823300081
	0.002556957468220219
	0.0025576422052505
	0.002557854851904792
	0.002557573017451001
	0.002556362618684007
	0.002554578598494765
	0.002553003573663567
	0.002552437792529082
	0.002554110018573078
	0.002558663632216272
	0.002566123406801076
	0.002575735236927443
	0.002586524208249283
	0.002597344240937256
	0.002607242695719292
	0.002615865693018618
	0.002623552888938749
	0.002630289003788963
	0.002635795287340728
	0.002640083531406826
	0.002642886842598834
	0.002643982813300908
	0.002643954211303405
	0.002643820502834615
	0.002644720299297281
	0.002646898978548876
	0.002650216441080364
	0.002654294822977962
	0.002658992545158878
	0.002663839489554578
	0.002668176456396962
	0.002671785087084922
	0.002675687477690211
	0.002680764939129953
	0.002687304686532586
	0.00269533413587174
	0.002703973028496381
	0.002712672755431908
	0.002720706321533958
	0.002727098123783337
	0.002731116636579588
	0.002732471205814637
	0.002731698938079263
	0.002730505157052455
	0.002729251801214082
	0.002727638112447316
	0.002725497889003972
	0.002723541738189266
	0.002722540558353923
	0.002722178693289641
	0.002721957011153216
	0.002721077462928652
	0.002719313676216734
	0.002716185166756869
	0.002711922375234706
	0.002706812657892728
	0.002701356712511604
	0.002696161801963392
	0.002692577690659249
	0.002690886713285502
	0.002689740880459628
	0.002688389893671176
	0.002686130640647986
	0.002683236382545557
	0.002679997130999544
	0.002677488363205946
	0.002676359849548248
	0.002676942432919471
	0.002680053406352222
	0.00268539672062466
	0.002692697657879297
	0.002700869883769658
	0.002708410777598958
	0.002713847983857773
	0.002717149665647733
	0.002718502519081036
	0.002717822385447566
	0.002715945149776999
	0.002713070413276747
	0.002709514650240065
	0.00270509543926767
	0.002699346796684638
	0.002691841961883272
	0.002683909587552725
	0.002676579351920586
	0.002671093407614844
	0.002668323140556471
	0.002667539182829102
	0.002667519029809045
	0.002668070858048028
	0.002668694709577971
	0.002668956706328614
	0.00266922816436826
	0.002670239965351975
	0.002671857184488505
	0.00267483817736481
	0.002679156289500295
	0.002685548004122064
	0.00269491021901151
	0.002707395630002924
	0.002722286359983484
	0.002739125318264723
	0.002757282638202464
	0.002775857286339392
	0.002793715525458083
	0.002810511393840064
	0.002826638773323295
	0.002841752296492657
	0.002855679033119473
	0.00286734013951926
	0.002875970466223709
	0.002881345543817403
	0.002883785699502306
	0.002883937065270182
	0.002882125839850906
	0.002878432480599698
	0.002873788838893377
	0.00286953594089921
	0.002866343535973934
	0.002863283626161505
	0.002859221953823683
	0.002853944173788923
	0.002848094278611518
	0.002841698033140131
	0.002835118251428465
	0.002827527219835109
	0.002819605996828325
	0.002812060524371651
	0.002805321253296141
	0.002799719034484294
	0.002794529176870521
	0.002788881307168603
	0.002781889849208083
	0.002773338369781309
	0.002763918863195847
	0.002754515252796529
	0.002745515099643854
	0.00273689248046415
	0.00272878772202802
	0.002721187513712463
	0.002714796062466144
	0.002709614743862558
	0.002705286577033098
	0.002701758928646504
	0.002699164646607858
	0.002697328674625574
	0.002696897582617807
	0.002697489656485063
	0.002698730295358343
	0.00270093261923687
	0.002704657163524549
	0.002710219162311301
	0.002715908653954884
	0.002720769669642998
	0.002724995195323583
	0.002727931819261465
	0.002729245109584324
	0.002729195584461554
	0.002727667035079521
	0.002725644612453533
	0.002724616798000328
	0.00272489656761667
	0.00272641107686478
	0.00272843819591475
	0.002730532641816929
	0.002731875511868862
	0.002732442142668514
	0.002731845180990906
	0.002731027713032837
	0.002731149868004925
	0.002732250265733483
	0.002733939743619739
	0.002735683158494729
	0.002737359593976885
	0.002738313824454813
	0.002737691598302876
	0.002735555553731394
	0.00273251611792563
	0.002729625102986086
	0.002727301511444552
	0.0027256190684565
	0.002724047172820367
	0.002722111531750936
	0.002719586047607209
	0.002716461520665258
	0.002712568447011527
	0.002708515683271723
	0.002705336129865496
	0.002703796427164509
	0.002704158134194849
	0.002707041868485362
	0.002712684113798863
	0.002719940891741095
	0.002727940596827697
	0.002735736545543932
	0.002743675138208394
	0.002752016306144152
	0.002760721619165748
	0.002769516572048693
	0.002777434525049134
	0.002783587413659949
	0.00278702248150383
	0.002787570508798249
	0.002785482736379466
	0.002781599273756322
	0.002776573226087009
	0.00277099371248952
	0.002765597855541796
	0.00276019409978897
	0.002754111089708969
	0.002746739923188237
	0.002738277518869496
	0.002728760811745324
	0.00271824487458476
	0.002706542895971098
	0.002694252111919207
	0.002682246286434745
	0.002671438928348758
	0.002662365972690154
	0.002654787340487737
	0.002648107291260329
	0.00264245688821697
	0.002638261023541936
	0.002635785536576415
	0.00263424328098188
	0.002633268118006731
	0.002632444089878732
	0.00263221415128803
	0.002633345437639403
	0.002635962886421825
	0.002639780474221713
	0.002644185248451175
	0.002649023732603953
	0.002654755605896074
	0.002661582907786584
	0.002668955871848895
	0.00267698534124941
	0.002685260557094201
	0.002693707882225317
	0.002702718218679656
	0.002712083977408683
	0.002721110352256216
	0.002729362421659416
	0.002736801067870735
	0.002743026018337404
	0.002748319943080218
	0.002753189222725878
	0.002758839592106919
	0.002765852844598142
	0.002773380418260583
	0.002780560088357564
	0.002787167620866389
	0.002793758810638069
	0.002800455212306269
	0.002807071632627333
	0.002813316201116451
	0.002818972667983159
	0.002823642351242211
	0.002827281535384099
	0.002830219327056429
	0.00283256639025582
	0.002834596675022794
	0.002836551182561286
	0.002839151659849335
	0.002841996002674005
	0.002844494765285472
	0.002846586854292333
	0.002847929741528355
	0.002849516708993507
	0.002852056072380642
	0.002855801552483669
	0.002860533782184259
	0.002865765124589378
	0.00287081004105816
	0.002874859453534295
	0.002877274999680256
	0.002876793871429151
	0.002872822192576439
	0.002865756345950467
	0.002856688843852797
	0.002846255846764947
	0.002834667075749839
	0.002822812588252585
	0.002811846618813467
	0.002801865554191457
	0.00279332099287753
	0.002786354157996376
	0.0027807248925322
	0.002775745152365699
	0.002770949323247112
	0.002766265329516148
	0.002762891933741748
	0.00276169828009874
	0.002762392900654579
	0.002764384144501549
	0.002767094893755947
	0.002770279618271571
	0.002773435093467028
	0.002777457883777998
	0.002781469418489135
	0.002785546201729539
	0.002789656069590433
	0.00279358077272195
	0.002797098641009685
	0.002800147872721208
	0.00280313999828554
	0.002806343291191664
	0.002809486826076818
	0.002812881562091589
	0.002816165684463108
	0.002819301251336186
	0.00282239106860056
	0.002825675737860663
	0.002828646473481827
	0.002832064493235036
	0.002836530425265784
	0.002842507689965157
	0.002849965572686645
	0.00285895325199869
