	0.0001390995135279288
	0.0001393602558009269
	0.0001396991364716145
	0.0001401408474257453
	0.0001406633479861276
	0.0001411959476769947
	0.000141709875921021
	0.0001421961481816847
	0.0001426771807172338
	0.000143205983283984
	0.0001437738978314516
	0.0001443477842123735
	0.0001448805423441474
	0.0001453645133744237
	0.000145955925564956
	0.0001466379906060207
	0.0001473488743487521
	0.0001480423997916876
	0.0001487083461228904
	0.0001492669590129253
	0.0001496233883774201
	0.0001496965315845391
	0.0001495146101636525
	0.0001491518521817115
	0.0001486363457285374
	0.0001480192553480794
	0.0001473638679969136
	0.000146719491441872
	0.0001461730989314509
	0.0001458630891579484
	0.000145828938622226
	0.0001461103953279451
	0.0001466036692553964
	0.0001472133431694092
	0.0001478202664459813
	0.0001483107500182425
	0.0001486277334872212
	0.0001487419211819373
	0.0001486037585099398
	0.0001481988532432345
	0.0001475834612878779
	0.0001468846463952504
	0.0001462572215993179
	0.000145847950668879
	0.0001456425128247106
	0.0001455316623621128
	0.0001453646286071217
	0.0001450854681457509
	0.000144676183660041
	0.0001442049368026625
	0.0001437055232262786
	0.0001431904516659014
	0.0001425537375929521
	0.0001416977241731471
	0.0001406382826959839
	0.0001394615359102465
	0.0001382347315831229
	0.0001370739311885503
	0.0001360416202262141
	0.0001351436141805701
	0.0001344319535781219
	0.0001339633654683803
	0.0001337167326944383
	0.0001336611236095178
	0.000133716769832873
	0.0001338195838588192
	0.0001339298194674236
	0.0001341095305697731
	0.0001343994471422432
	0.0001348086888813718
	0.0001353820469437471
	0.000136158221688753
	0.0001371642595908684
	0.0001384417131581916
	0.0001399226102057071
	0.0001415535479745207
	0.0001432532403293012
	0.000144951004525718
	0.0001466385530649521
	0.0001482183838503198
	0.0001495672597152235
	0.0001506477716779165
	0.0001514995103313861
	0.0001521677068748475
	0.0001527020403326731
	0.0001531800198011781
	0.0001535679209989549
	0.0001538715773462865
	0.0001540796138634564
	0.0001542008711176305
	0.0001542954292262108
	0.0001544741678912889
	0.0001547702830608233
	0.0001551716736991419
	0.0001556806665480916
	0.0001562414640209085
	0.0001568098409392287
	0.0001573853409572709
	0.0001579557897618996
	0.0001585281826678121
	0.0001590696679419184
	0.0001595170517464086
	0.0001599374146893185
	0.0001603115618478956
	0.0001606292186140298
	0.0001609198661558912
	0.0001612129640206552
	0.0001615182103891088
	0.0001618714715676591
	0.0001622325775886848
	0.0001625705817161137
	0.0001628714132232239
	0.0001631266862566936
	0.0001633175760524421
	0.0001634325916086098
	0.0001634943839319194
	0.0001634678108352393
	0.0001633271078883799
	0.0001630784357994178
	0.0001628096931570503
	0.0001625821204973493
	0.0001624613404438653
	0.0001624387523641715
	0.0001625118840104769
	0.000162708560372777
	0.0001630328152508806
	0.0001634868560229578
	0.000164010138335768
	0.0001645069293491689
	0.0001648185653316424
	0.0001649122355380996
	0.000164783800468714
	0.0001644805188050892
	0.0001640192209006799
	0.0001634155948655376
	0.0001627168540860427
	0.0001620224575189229
	0.0001613318226995051
	0.0001606536838009946
	0.0001600482261621942
	0.0001594859723973915
	0.000158914257488114
	0.0001582860937064317
	0.0001576187398835267
	0.0001569086137052818
	0.0001561254786432608
	0.000155232712880013
	0.0001541792037938693
	0.000152948249455055
	0.0001515591083679269
	0.0001500692430564958
	0.0001485641660519422
	0.0001471175919462344
	0.0001458510693868838
	0.0001448470807471198
	0.0001440881679588233
	0.0001434869422790753
	0.0001429349142122022
	0.0001423684837583713
	0.0001418083645444535
	0.0001413520526690721
	0.0001410822831613305
	0.0001410381784269321
	0.000141210717953114
	0.0001415634797953439
	0.0001420328132739258
	0.0001425416152887878
	0.0001429823373600366
	0.0001432778153630409
	0.0001434728936067964
	0.0001435878609030073
	0.0001436155992517659
	0.0001434239016529444
	0.0001429725418826845
	0.0001422997320783281
	0.0001414615483427847
	0.000140524995622357
	0.0001396081865609093
	0.0001388238432200865
	0.0001381893232329476
	0.0001377284246559436
	0.0001374046327533246
	0.0001372041516290458
	0.000137126806696102
	0.0001371734912944432
	0.000137307495107276
	0.0001374567124012137
	0.0001375433677780137
	0.0001375785534918682
	0.0001376138989781451
	0.0001376567661443939
	0.0001377100562662073
	0.000137765003287767
	0.0001377532876690014
	0.0001376700686197957
	0.0001375166542759783
	0.000137321805181624
	0.0001371411506188857
	0.0001369612082244589
	0.0001367356349826767
	0.0001364252148684269
	0.0001360239101427884
	0.0001356009539628843
	0.0001352221478069443
	0.0001349271434136733
	0.0001347121909233069
	0.0001345619018833522
	0.0001344257526952589
	0.0001342408753608094
	0.0001340290714252034
	0.000133800243464191
	0.0001335538025351713
	0.0001332918432689365
	0.0001330370077726918
	0.0001327813266878668
	0.0001324984881249836
	0.0001321781232520866
	0.0001318540047368141
	0.000131577615974497
	0.0001313603069485825
	0.0001311166178637985
	0.000130778512726387
	0.0001303884217078667
	0.0001299801308742805
	0.0001295579171453963
	0.0001291696981924352
	0.0001288764556573961
	0.0001287297326689553
	0.0001286759146551379
	0.0001286937050198062
	0.0001287291226793154
	0.0001287713305945375
	0.0001288721280716232
	0.0001289987078507249
	0.000129115319652087
	0.0001292397836784935
	0.0001294255958753063
	0.0001297008422416541
	0.0001301203383168875
	0.0001306831813415376
	0.0001313741253600282
	0.0001321749282065282
	0.0001330209183191205
	0.0001339019354856783
	0.0001348148617566307
	0.0001356716848559895
	0.0001364525128297298
	0.0001372148174264527
	0.0001379398379803427
	0.0001386264444796815
	0.0001392626360841755
	0.0001398023990633131
	0.000140227412260445
	0.0001405859610153422
	0.0001409149191921952
	0.0001411704676999866
	0.0001412794975381922
	0.0001412689898695806
	0.0001412001144908583
	0.000141085003128724
	0.0001409230600236157
	0.0001407638589335613
	0.0001405543328084949
	0.0001402526130138676
	0.0001398717582799805
	0.0001394727810396452
	0.0001390703485842509
	0.0001386653700375227
	0.0001382941389088591
	0.0001379606917892439
	0.0001377323356512973
	0.0001377203979116441
	0.0001379378320361641
	0.0001383656168018713
	0.0001389795036958151
	0.0001397427848959609
	0.0001405763896616639
	0.0001414655663525592
	0.0001423892513250188
	0.0001433285602384312
	0.0001441923632024402
	0.0001449599994543764
	0.0001456757362706132
	0.0001463648963873343
	0.0001470558743054214
	0.0001477539372136642
	0.0001484641993296454
	0.0001491436674722276
	0.0001497630858972671
	0.00015031974445462
	0.0001507973373062159
	0.0001511974689679984
	0.0001515453210228662
	0.0001518279919310386
	0.0001520917923989907
	0.0001523113170969962
	0.0001524228223382577
	0.0001524914097496276
	0.000152572727268162
	0.000152600881834627
	0.0001524998446901982
	0.0001522616788126799
	0.0001518244217558823
	0.0001511773200432755
	0.0001503461644768855
	0.0001493254996819049
	0.0001481095204568583
	0.0001467822018427589
	0.0001454459081409833
	0.0001442100879200642
	0.000143060171312593
	0.0001419635383141844
	0.0001409808827920715
	0.0001401709406916823
	0.0001394908631044061
	0.0001389337465717724
	0.0001384742036249029
	0.0001380891771038167
	0.0001377361277137538
	0.0001373862434026233
	0.0001370287317512492
	0.0001366875669256261
	0.0001363475539242288
	0.000136034532741447
	0.0001357518448726281
	0.0001354437843223049
	0.0001351194136516766
	0.0001348374704912076
	0.0001346208411557694
	0.0001344375013770051
	0.0001342392776807391
	0.0001340206278021351
	0.0001338104552521622
	0.0001336302969565562
	0.0001334535601316877
	0.0001333069655946382
	0.0001332134920153872
	0.0001331950104181967
	0.0001332438643662544
	0.0001333542941620416
	0.0001334586254406333
	0.0001334922304635831
	0.0001334531736418013
	0.0001333585166835845
	0.0001332139228205509
	0.0001330718538085223
	0.0001329603674594718
	0.0001328946820893247
	0.0001328686729066654
	0.0001328480058141165
	0.0001328414063017673
	0.0001329160819321691
	0.0001330928749165561
	0.0001332829303972487
	0.0001334394629820651
	0.0001335750043096557
	0.0001336632868667383
	0.0001337294881912325
	0.0001338143185753533
	0.0001338991026579891
	0.0001339902477539471
	0.0001340907689622175
	0.000134226077062653
	0.0001343688505120139
	0.0001345477481953899
	0.0001347590879079438
	0.0001349752353751661
	0.0001352057999723695
	0.0001354883553602444
	0.0001357900125845805
	0.0001361165504312871
	0.0001365011667270154
	0.0001369368145767707
	0.0001374049639080308
	0.0001378908540643666
	0.0001384553229752775
	0.0001391237271392013
	0.0001398806068045011
	0.0001407101725964587
	0.0001415869899740684
	0.0001425284857671555
	0.0001436026446972284
	0.0001447342740203407
	0.000145836906917346
	0.0001468092964264147
	0.0001476217864576084
	0.0001483009376983716
	0.0001488226082982622
	0.000149166375659232
	0.0001493083266177988
	0.000149253153745223
	0.0001490469734967132
	0.0001487657771559266
	0.0001485047908941626
	0.0001483110252961095
	0.0001482310266392388
	0.0001482700581011738
	0.0001484319984785274
	0.0001487090679027463
	0.0001490916295830366
	0.0001495788103966737
	0.0001501733606772795
	0.0001508925525272667
	0.0001517506153809448
	0.0001526907466016215
	0.0001536263941268587
	0.0001545318407086263
	0.0001553872801675417
	0.0001561649518184715
	0.00015683074154241
	0.0001574273075045405
	0.0001579570673347067
	0.0001584019720929915
	0.0001587414480957076
	0.0001590026835750817
	0.0001592256896087585
	0.0001595165152893169
	0.0001599045597827355
	0.0001603567780686426
	0.0001608576329143873
	0.0001613218955212287
	0.0001617369029363372
	0.000162098494263977
	0.000162395848302733
	0.0001626107907843558
	0.0001627682419604764
	0.0001629609658297897
	0.0001631794655610078
	0.0001634469966179693
	0.0001637050865785274
	0.0001639047768011757
	0.0001639526896543465
	0.0001638162178951775
	0.0001635887859875952
	0.0001632906239991989
	0.0001629410328358144
	0.0001624945893568335
	0.0001619098783195409
	0.0001611705592228802
	0.0001602870724908093
	0.0001593465616398066
	0.0001584124249021982
	0.0001575315522251681
	0.0001567633572957635
	0.0001560820529050356
	0.0001554076545565151
	0.0001547671546019981
	0.0001542172881318164
	0.0001537556281959868
	0.0001533548647643497
	0.0001529102097799823
	0.0001524082852898068
	0.0001518216550674513
	0.00015122255705542
	0.0001507246507898171
	0.0001503849885415311
	0.0001502649647148541
	0.0001504012970882033
	0.0001507456896357042
	0.0001512176409147125
	0.0001516706606054155
	0.0001520051245153613
	0.0001522158937728471
	0.0001523430492875165
	0.0001524213492348653
	0.0001525064190920269
	0.0001526131449733227
	0.0001527046131108416
	0.0001527223739599636
	0.0001526675230993661
	0.0001525501156212161
	0.0001524563709966429
	0.0001525074830663388
	0.0001527521986314749
	0.0001531812618582867
	0.0001537079614123694
	0.0001542806090701797
	0.0001548668203740624
	0.0001554011607374338
	0.0001557893798207196
	0.0001559305603667882
	0.0001558379750778707
	0.0001555868269869547
	0.0001552640793030443
	0.0001548729834352718
	0.0001544489403864975
	0.0001539753304958933
	0.0001534752480364144
	0.0001529642062552712
	0.0001524448220294064
	0.0001519564648185636
	0.0001515123345041979
	0.0001511168915162211
	0.0001507527941966336
	0.0001503880413263937
	0.0001499762237455996
	0.0001495632424921739
	0.0001491874224141921
	0.0001488628844404134
	0.0001485365288205752
	0.0001481594285545518
	0.0001477549454388492
	0.000147301118107125
	0.0001468299490698804
	0.0001463618007131803
	0.0001458960915435833
	0.0001454529950647154
	0.0001450337873779229
	0.0001446586510828143
	0.0001442989299333764
	0.0001439595031036376
	0.0001436649743324404
	0.000143517419218318
	0.0001435291009236298
	0.0001436171974576642
	0.0001437496815557281
	0.0001438970674564085
	0.0001440116748369134
	0.0001440242428842443
	0.0001439195414362633
	0.0001437290695629855
	0.0001434299928413231
	0.0001430072549643458
	0.0001425316853745603
	0.0001421051965214768
	0.0001417695873835016
	0.0001415146096519645
	0.0001412683775426953
	0.0001410001053155467
	0.0001407453871874135
	0.00014052032667199
	0.0001403201815303075
	0.0001401310535939036
	0.0001399943110727473
	0.0001399772401550257
	0.0001400909146229462
	0.0001403602332732207
	0.0001408023539108459
	0.0001413960979170867
	0.0001421103429955216
	0.0001429113582593563
	0.0001437651995614333
	0.0001446448123823091
	0.0001454613835712795
	0.0001460512088263012
	0.0001463253335196412
	0.000146397135405321
	0.0001463995338405291
	0.0001464115625598575
	0.0001465129069462935
	0.0001467000149743051
	0.0001468579770435556
	0.0001469278676358213
	0.0001468906828826201
	0.0001467585082486898
	0.0001465324474098842
	0.0001462700421761524
	0.0001460058210199773
	0.0001457545158193789
	0.0001455372389096442
	0.0001453628695451292
	0.0001452465353263637
	0.0001452197302989613
	0.0001452917658021416
	0.0001454913522805742
	0.0001458399181914154
	0.0001463830457058507
	0.0001471181190362131
	0.0001479974667742049
	0.0001489680153354776
	0.0001500544896028579
	0.0001512229621341662
	0.0001524264275929551
	0.0001536469135136157
	0.0001548541022787094
	0.0001559982704215721
	0.0001569401037655433
	0.0001576167108592632
	0.0001579774894228868
	0.0001580893192239415
	0.000158043974443575
	0.0001579340890542169
	0.0001578379342704326
	0.0001577827775958752
	0.0001577428442302358
	0.0001576731864406433
	0.0001575745283431963
	0.0001575178802384605
	0.0001575360525152111
	0.0001577001798364874
	0.000158069183817382
	0.0001586261153309582
	0.0001592973166121514
	0.0001600224142585514
	0.0001607334496767572
	0.0001613261148190164
	0.0001617556832206415
	0.0001619702590689779
	0.0001619469372654034
	0.0001617592738256322
	0.0001615217562134583
	0.0001613195167789591
	0.000161139126727705
	0.0001609572907926215
	0.0001607539531189131
	0.0001605571085000506
	0.0001603040227739819
	0.000159997700371685
	0.0001597022090566089
	0.0001595775418165775
	0.0001597109675513705
	0.0001601543697838463
	0.0001608609252793029
	0.0001616859599610893
	0.0001625323281491305
	0.0001633709806908089
	0.0001641657597733321
	0.0001648470761162172
	0.000165396081218121
	0.0001658222256086108
	0.0001661878144639313
	0.0001664924284645963
	0.000166697737534136
	0.0001667361843902462
	0.0001666265125047164
	0.0001664590910187071
	0.0001662495685387968
	0.0001659853482500665
	0.0001656827209245968
	0.0001653597297520766
	0.000164984583265801
	0.0001646271257504788
	0.0001642773677540704
	0.0001639610705197155
	0.0001636998534726925
	0.000163408794372879
	0.0001630269712917202
	0.0001625672540783308
	0.0001620613145078018
	0.0001614942936200809
	0.0001608932038345239
	0.0001603285533806434
	0.000159846994570065
	0.0001594089403772226
	0.0001589953932793675
	0.0001586657124789473
	0.0001584083389865804
	0.000158229205104048
	0.0001580975387949303
	0.0001579925496851963
	0.0001579410017020128
	0.0001579361829206123
	0.0001580214709402519
	0.0001582007092527757
	0.0001583738210077571
	0.0001585100602892193
	0.000158587103323228
	0.0001586013877597375
	0.0001585046513723074
	0.000158337335281912
	0.0001582050147693483
	0.0001580920284742488
	0.0001580229668336647
	0.0001579901812294838
	0.0001580152671043715
	0.0001581350369784459
	0.000158290979818299
	0.0001584605222077483
	0.0001586511859049992
	0.0001588431867441778
	0.0001589705397312162
	0.000159011474960171
	0.000158977104685177
	0.0001589037406703259
	0.0001588575433201039
	0.000158824604111079
	0.0001587644109280316
	0.0001586805807412772
	0.0001586260296038418
	0.0001585746519515438
	0.0001585199087317918
	0.0001584594980492964
	0.0001583741393932963
	0.0001582308284941666
	0.0001580295670576519
	0.0001577322652814788
	0.0001573487463629163
	0.0001568663290966191
	0.0001562822148172263
	0.0001556645950728258
	0.0001550759537987832
	0.0001545474346338072
	0.0001540885952013618
	0.0001536752799165224
	0.0001532431945048057
	0.0001527142395803733
	0.0001520593852220455
	0.0001512275280457069
	0.0001502205175272963
	0.0001491328686705856
	0.0001481202056347336
	0.0001472098021395279
	0.0001464296287708058
	0.0001457447441458344
	0.0001451268368921087
	0.000144596863399078
	0.0001441204859168151
	0.0001437672276044378
	0.0001435223057978296
	0.000143353968711693
	0.0001432195555027963
	0.0001430928847393282
	0.000142937175266704
	0.0001428083862975673
	0.000142761165913781
	0.0001427732481823524
	0.0001427998105528866
	0.0001427762263932864
	0.0001426688157363447
	0.0001425016965218023
	0.0001423520813142268
	0.0001421925299225249
	0.0001419729678522236
	0.0001417318280984662
	0.0001414489575340714
	0.0001411321776537881
	0.0001407645528390293
	0.0001403028182068889
	0.0001397541935092248
	0.0001391345754332259
	0.0001384720125123086
	0.0001377938315087062
	0.0001371185828853801
	0.0001365115107821982
	0.0001360306027089925
	0.0001356715378928885
	0.0001353246861362054
	0.0001349403799337299
	0.0001344646772903712
	0.0001339205638368072
	0.0001334386754470772
	0.0001330146768416744
	0.0001326407346355063
	0.0001323088060824504
	0.0001320273542204764
	0.0001318247764570079
	0.0001316989556859738
	0.0001316033920321129
	0.0001315277926947361
	0.0001314680866477627
	0.0001313668104420346
	0.0001312758950544492
	0.0001312464555865506
	0.0001312422611495238
	0.0001312260846560857
	0.0001311692183215124
	0.0001310954099862017
	0.0001310456911831072
	0.0001310517094043501
	0.0001310870931067712
	0.0001311220869426898
	0.0001311031333991383
	0.0001309928840976313
	0.0001307821461314134
	0.0001304744011087545
	0.0001301038906150812
	0.0001297573535838187
	0.0001294922377646728
	0.0001293151101126437
	0.0001291560535242944
	0.0001289483177153026
	0.0001286672853695835
	0.0001283240210144956
	0.000128012466969002
	0.0001277960921262042
	0.0001276646480870099
	0.0001276233084034158
	0.0001276036677594379
	0.0001275780207331979
	0.0001275329445885015
	0.0001274457924499193
	0.0001273379309337395
	0.0001271984658439705
	0.0001270553739682739
	0.0001269630137773775
	0.0001269833902920198
	0.0001271659582418043
	0.0001274571423677217
	0.0001278231912856482
	0.0001281818148402025
	0.0001285057663612786
	0.0001288162611941819
	0.0001291730717280229
	0.0001295849188541385
	0.0001300719759577526
	0.0001306350891434723
	0.0001312117670317186
	0.0001316987296632377
	0.0001320366252939678
	0.0001322794870045068
	0.0001325008191899999
	0.0001327868797241733
	0.0001331513875742359
	0.0001335866556203759
	0.0001340596917521832
	0.0001345620512850438
	0.0001350536217332724
	0.0001355141484053454
	0.0001359624318190378
	0.0001364120532411854
	0.0001368620009696683
	0.0001372775147736926
	0.0001375915409266865
	0.000137802902545718
	0.0001379860296349456
	0.0001382040471365884
	0.0001385344196096642
	0.000139054746184866
	0.0001397154149551191
	0.000140465290380401
	0.0001412613445199896
	0.0001419803867503104
	0.0001424702112879923
	0.0001426830509015379
	0.0001427149338026004
	0.0001427029607887454
	0.0001427178812722653
	0.0001427882740911472
	0.0001428795104409488
	0.0001430341118232594
	0.0001433023264188601
	0.0001436725000537325
	0.0001440990864125672
	0.0001445654295911758
	0.0001450518149321356
	0.000145598825841209
	0.0001462433432223949
	0.0001469758009299479
	0.0001477750991811119
	0.0001486334958078134
	0.0001494947507219898
	0.0001503281205511027
	0.0001511058832769183
	0.0001518264705192991
	0.0001525117399879516
	0.0001531700645380196
	0.0001539000768026781
	0.0001546683258894106
	0.0001554067996674248
	0.0001560789256377212
	0.0001566219145117483
	0.0001569462527583894
	0.0001570839473195487
	0.0001571042568634643
	0.0001570778480695495
	0.0001570680018536932
	0.0001570816793749577
	0.0001571748542830873
	0.000157468630470825
	0.0001579471860494989
	0.0001585331114753672
	0.0001591821085705609
	0.0001598042955014785
	0.0001602885980734993
	0.000160570165618708
	0.0001606281883330592
	0.0001604709251559839
	0.0001601474369114373
	0.0001597024230605205
	0.0001591622453404819
	0.0001585518958716203
	0.0001579104948097466
	0.0001572201375110633
	0.0001565366184866264
	0.0001559469442969133
	0.0001555393902566166
	0.0001552890638257537
	0.0001552033999752863
	0.0001553004698544793
	0.0001555746837115191
	0.0001559791272826067
	0.0001564012158412675
	0.0001567364881523715
	0.0001569068740952078
	0.0001568310978798387
	0.0001565066121977926
	0.0001560106934623851
	0.000155425479140096
	0.0001548481198350567
	0.000154344613380511
	0.0001539791878539645
	0.0001537083911552095
	0.0001534439235303003
	0.0001532294019728615
	0.0001530498326771066
	0.0001529172107057299
	0.000152825161616836
	0.0001528046166194607
	0.0001529454941950802
	0.0001532189413937479
	0.0001535911426743025
	0.0001541516626775459
	0.0001548902753230236
	0.0001557309141813468
	0.0001565383405218119
	0.0001572356947659607
	0.000157861596539558
	0.0001584815216179509
	0.0001591408990834616
	0.0001598220433548415
	0.0001603975544795492
	0.0001607731672166938
	0.000160923596462488
	0.0001608544671826616
	0.0001606294941411093
	0.0001602856981708758
	0.0001598700392084248
	0.0001594113026456878
	0.0001589339776088494
	0.0001584601978870026
	0.000158048285727997
	0.0001577387944924431
	0.000157532982794392
	0.0001574318666999206
	0.0001574021015791645
	0.0001574177758448337
	0.0001575092124394124
	0.0001576738714829347
	0.0001578569097811335
	0.0001581011320515034
	0.0001584661737626855
	0.000158925810679663
	0.0001594241413805507
	0.0001599288860775079
	0.0001604866980606138
	0.0001611146607439083
	0.0001618184384562017
	0.0001625679069202701
	0.0001632288367298914
	0.0001637339525993415
	0.000164095633215274
	0.0001643545738515712
	0.0001645509478509513
	0.0001646392883449544
	0.0001646461963928984
	0.0001646915466575888
	0.0001648809284698497
	0.0001651572794548369
	0.0001652485526035328
	0.000165188992067591
	0.0001649569282287033
	0.0001645664945375696
	0.0001641963962166412
	0.0001639173469888832
	0.0001637196333768455
	0.0001635435241150036
	0.000163357096297753
	0.0001631545646328285
	0.0001628948421883559
	0.00016252170705419
	0.0001620778319610149
	0.0001616605953301528
	0.0001613045092969308
	0.0001610155760349905
	0.0001607480055292243
	0.0001604807757602322
	0.0001602316652113969
	0.0001599452827065028
	0.0001596108693044433
	0.000159241251999745
	0.0001588707020796904
	0.0001585650968181731
	0.000158399034700371
	0.0001583904473019927
	0.000158471440607346
	0.0001585749085526844
	0.0001586034930393579
	0.0001585952663000336
	0.0001586061777053256
	0.0001585765966951161
	0.000158530349295537
	0.0001585799486429296
	0.0001587603338301189
	0.0001590623257858755
	0.0001594324016569791
	0.0001598311804509837
	0.0001602576353306181
	0.0001607072772425804
	0.0001612136402995126
	0.0001618103794096883
	0.0001624886288909383
	0.0001632635673350209
	0.000164151185889963
	0.0001651436430227611
	0.0001661991040961907
	0.0001673280260288152
	0.0001684460844363566
	0.0001694095275056833
	0.000170130197427512
	0.0001706115902770032
	0.0001709155020979568
	0.0001711304943473404
	0.0001713619937447871
	0.000171685517017806
	0.0001721151361603245
	0.0001726468816630305
	0.0001732563089768744
	0.0001739225103039863
	0.0001745613815945004
	0.0001750424133722418
	0.0001753044909251351
	0.0001753929394214631
	0.000175422063503777
	0.0001754949691942111
	0.0001756840601277092
	0.000175953877205054
	0.0001762256353412249
	0.0001764438453889145
	0.0001765704821336283
	0.0001765258332659712
	0.0001763337191100824
	0.0001760492113116698
	0.0001757515228537809
	0.0001755019212315215
	0.0001753396403849429
	0.0001752544786990398
	0.0001752028084773149
	0.0001752251330471966
	0.0001753750553881188
	0.0001756494779978641
	0.0001760132948821074
	0.000176483366364011
	0.0001770659686638739
	0.0001777039818278759
	0.0001783063300367629
	0.0001788716700785794
	0.0001794553860079761
	0.0001800916603183498
	0.0001807501614630901
	0.0001813563070389628
	0.0001818056315696445
	0.0001820985933460906
	0.0001822558759453232
	0.0001823009309490294
	0.0001822767774490496
	0.0001822181578268563
	0.0001820891645087376
	0.0001818734983048314
	0.0001815265068538855
	0.0001810462857621617
	0.0001804152075750631
	0.0001795988471121592
	0.0001786298487937524
	0.0001775278843527449
	0.000176328328634247
	0.0001751875030191657
	0.0001739373849695771
	0.0001726620334530757
	0.000171408040879
	0.0001702146354302707
	0.0001690862277952093
	0.0001680449968608613
	0.0001670967716143922
	0.0001661976158561594
	0.0001652469639206568
	0.0001642414230923772
	0.0001631671959165881
	0.0001621056273013157
	0.0001611492395543641
	0.0001603090692269995
	0.000159532417647411
	0.0001586578628402486
	0.0001576282746373332
	0.0001564352366134283
	0.0001551201436656178
	0.000153758261966392
	0.000152449378674811
	0.0001512743785379563
	0.0001502401157202271
	0.0001492732252528666
	0.0001483523909819262
	0.0001475091025605699
	0.000146709343282782
	0.0001459093707782776
	0.0001450575452870104
	0.0001441704830524675
	0.0001432124696639439
	0.0001421783031215739
	0.0001411624932575829
	0.0001401839519776637
	0.0001392085561519685
	0.0001382389801856424
	0.0001372834756598622
	0.0001363701104238384
	0.000135559309533819
	0.0001348462206036325
	0.0001342613528766384
	0.0001338508860061322
	0.0001336291899329653
	0.0001335484002734922
	0.0001335436528084061
	0.0001335373868256278
	0.0001335021204545024
	0.0001334147268622016
	0.0001333166296033978
	0.0001332498766984092
	0.0001332143915502134
	0.0001331565309594231
	0.000133050576211837
	0.0001329195905731184
	0.0001328150320737791
	0.0001327128715323659
	0.0001325475884087143
	0.0001322817545833777
	0.000131928094357289
	0.0001315747979125596
	0.0001312915422482332
	0.0001311032092192281
	0.0001309824085242991
	0.0001309233755416551
	0.000130975258523823
	0.0001311815347587445
	0.0001315173958725718
	0.0001319320535542319
	0.0001323755014527802
	0.0001327840471657217
	0.0001331339618302822
	0.0001334109506211573
	0.0001336894072270882
	0.0001340471890006638
	0.0001345795287351841
	0.0001352489756089717
	0.0001360190621924158
	0.0001368738940881859
	0.0001378191187969613
	0.0001389498093671778
	0.0001403065572252873
	0.0001418608917838627
	0.000143696069408251
	0.0001458700152022015
	0.0001483409836946908
	0.0001510077249192698
	0.0001538390962330686
	0.0001567252588494397
	0.0001595513531012304
	0.0001622751893677177
	0.000164846607178896
	0.0001671676611739322
	0.000169095251673554
	0.000170413017859011
	0.0001710896832141694
	0.0001712958479652123
	0.0001712244820525996
	0.0001710653820359905
	0.0001709918592174314
	0.0001709852121298197
	0.0001709195714184624
	0.0001706933170669324
	0.0001702866736744011
	0.0001697210091569648
	0.0001690262419684793
	0.0001683313812047789
	0.0001676836401997158
	0.0001671055752458647
	0.0001665373730118665
	0.000165869738650862
	0.000165088204459912
	0.000164209654192188
	0.0001632444151742262
	0.0001622508071462601
	0.0001613573558901104
	0.0001606592704102812
	0.0001602250078851064
	0.0001600661956626985
	0.0001601279787492449
	0.0001602736655779592
	0.0001604092532292637
	0.0001605029310375261
	0.000160533199297284
	0.0001604699052991552
	0.0001603514474929313
	0.000160217895424353
	0.0001601254565801691
	0.0001600567458421803
	0.0001599935324855294
	0.0001599297849635526
	0.0001598698602937601
	0.0001597905815050115
	0.0001596676066393864
	0.0001594542066269252
	0.0001592101533459462
	0.0001590227790422324
	0.0001588656337130293
	0.0001587513370059064
	0.0001586433774178281
	0.0001585005104909752
	0.0001583477341739374
	0.0001582314773457364
	0.0001581585017660838
	0.0001580902515845667
	0.0001580097915060364
	0.0001578835174395361
	0.0001576859356910113
	0.0001574821367231216
	0.0001573039313587191
	0.0001571344570232298
	0.0001569065617090768
	0.0001566083427311198
	0.000156218814732207
	0.0001557985210077046
	0.0001553368695720677
	0.0001548454471394746
	0.0001543644552953904
	0.0001539312058543819
	0.0001535792769871233
	0.0001533313939229065
	0.0001531523359770779
	0.0001530177472732741
	0.0001528646974991684
	0.0001526654337906831
	0.0001524140697058666
	0.0001521130007198136
	0.0001517631608803263
	0.0001514249582823432
	0.0001511393581878211
	0.000150908998440877
	0.00015068934653636
	0.0001505623779267846
	0.0001505616310703483
	0.0001506777751703298
	0.0001508568917464836
	0.0001510677228170075
	0.0001513184615584279
	0.0001516284860876763
	0.0001519735825412227
	0.0001521858513740393
	0.0001523926339539894
	0.0001525005488825628
	0.0001524727994019828
	0.0001523228399372602
	0.0001521016231180839
	0.0001518491211806514
	0.0001515850107514621
	0.0001513168798685382
	0.0001510273466834112
	0.00015072144484331
	0.0001504317456388347
	0.0001501821197821395
	0.0001499528206335243
	0.0001497325906173154
	0.0001495619352769959
	0.0001495004856686157
	0.0001495356384858687
	0.0001496153936912041
	0.000149664400188781
	0.0001496300964744183
	0.0001495116223806641
	0.0001493002919331715
	0.0001490800687827994
	0.0001488911178484457
	0.0001486815721970528
	0.0001483844968764584
	0.0001479859077122151
	0.0001475040057385053
	0.0001470870908678852
	0.0001467246235788247
	0.0001464517708315488
	0.0001462697906415846
	0.0001461775883579136
	0.0001461197491473675
	0.0001461154667451882
	0.0001461651011678325
	0.0001462278883184226
	0.0001462869103977301
	0.0001463949716265108
	0.0001465535705611515
	0.0001467606839478679
	0.0001469519780661121
	0.0001470388704547469
	0.0001469515977738014
	0.0001467051354102496
	0.000146367827477295
	0.0001460027629585743
	0.0001455912904684493
	0.0001451751005380658
	0.0001447878025829939
	0.0001444272009596506
	0.00014413201062755
	0.0001438518977017595
	0.0001435420897316337
	0.0001432056303826854
	0.0001429114116670981
	0.0001426864900051315
	0.0001425232265510065
	0.0001424145179983618
	0.0001424122458843179
	0.0001425524342400346
	0.0001428631629175997
	0.0001433491749577482
	0.0001440155150748135
	0.0001448127999214016
	0.0001456670340291911
	0.0001465768427927037
	0.0001474959952265236
	0.0001483454661868651
	0.0001490978222250159
	0.0001497974130155765
	0.0001504613734677844
	0.0001511523965744811
	0.0001519282228057911
	0.0001527948342345433
	0.0001537161768608258
	0.0001546012504788721
	0.000155403415408559
	0.0001560961525920676
	0.0001566575955845714
	0.0001570132729049829
	0.0001571536028373232
	0.0001571670698928233
	0.0001571428411403215
	0.0001571665640481513
	0.0001572837382169692
	0.0001575353404913355
	0.0001580051334637659
	0.0001587916937201533
	0.0001596554516187938
	0.0001603369066427932
	0.0001607070373468529
	0.0001607728819090206
	0.0001606205702830065
	0.0001603755528581666
	0.0001599589245596984
	0.0001593390253636783
	0.0001586156659897864
	0.0001578009561274842
	0.0001569040389978203
	0.0001559456135029529
	0.0001550446714137852
	0.0001543153208588303
	0.0001537151861638894
	0.0001531913633919609
	0.0001527248113677875
	0.0001523866388532169
	0.0001522231883565088
	0.0001522151890674167
	0.0001521454428116362
	0.0001519980884663927
	0.0001517935924961777
	0.0001515262597821978
	0.0001511834246040258
	0.0001507745494426447
	0.0001502990907266146
	0.0001497566643554586
	0.0001491414966230813
	0.0001483809564474097
	0.0001475047453794526
	0.0001466799667287417
	0.0001459991732241595
	0.0001454336304635037
	0.0001449247123106886
	0.0001444697132370836
	0.0001440674436540672
	0.0001436483673166007
	0.000143194256005265
	0.0001427666811534619
	0.0001423599986247228
	0.0001419974476830311
	0.0001416630561694551
	0.0001413725135590697
	0.0001412022403152227
	0.0001412292842936266
	0.0001414359904164566
	0.0001417100479219587
	0.000141885752572541
	0.0001418686989304104
	0.0001416742130445792
	0.0001413415983287083
	0.0001409295418018499
	0.0001403736596557793
	0.0001397010899598156
	0.0001389934213544442
	0.0001383027089810276
	0.000137711002209415
	0.000137321117717999
	0.0001371430388604581
	0.0001371379129159759
	0.0001372378387632105
	0.000137312730037286
	0.0001373322487781216
	0.000137336894887661
	0.0001373792909035745
	0.0001375372970290955
	0.0001378812822464034
	0.0001384227458109788
	0.0001391571225113035
	0.0001399511579670064
	0.0001406923402074382
	0.0001413881805711014
	0.0001421240715652623
	0.0001429246784877776
	0.0001436745590141759
	0.0001443267370084383
	0.0001448939873122741
	0.0001453744011295342
	0.0001458186773569194
	0.000146281490427651
	0.0001468640052819381
	0.000147642771306491
	0.0001485796146017317
	0.000149581671880027
	0.0001505615930903084
	0.0001514955934690134
	0.0001523372156886416
	0.0001531131319426773
	0.0001539049681873631
	0.0001547291938675558
	0.0001555140682221566
	0.0001562425101236938
	0.0001569974894646932
	0.0001577717978925614
	0.0001582975354989971
	0.000158556542234051
	0.0001584876210923198
	0.0001580869028758501
	0.000157345090665698
	0.0001563655258768916
	0.0001553618178514717
	0.0001543020233524438
	0.0001532204432307427
	0.0001521451914409929
	0.0001511540466237706
	0.0001502259575648283
	0.000149361735516904
	0.0001486161362340372
	0.0001479571658276866
	0.0001473154993370755
	0.0001467221969183045
	0.0001462377317974926
	0.0001458862056486488
	0.0001457228285889226
	0.0001457114557123953
	0.0001457552621493441
	0.0001457610920861464
	0.0001457032820862799
	0.0001456182749281362
	0.0001455324846726213
	0.0001454613138289871
	0.000145410155076169
	0.0001453918750160945
	0.0001453597671148612
	0.0001453026760245056
	0.0001452115250293218
	0.0001451797394956386
	0.0001452316807898341
	0.000145400361138516
	0.0001457642434696936
	0.0001463269657547182
	0.0001470799567607705
	0.0001479559745761781
	0.0001488650553976842
	0.0001496152490543189
	0.0001500444298963764
	0.0001501422796255867
	0.000150020559534879
	0.00014975112761318
	0.0001493996949044251
	0.0001490066508947454
	0.0001486460278382112
	0.000148309476142563
	0.0001479974148238742
	0.0001477272220224454
	0.0001474870940413149
	0.0001473099559099622
	0.0001472015766304936
	0.0001470545009442376
	0.0001468701496365673
	0.0001466548958497326
	0.0001464419383309912
	0.0001462313997042143
	0.000145952215294837
	0.0001455713257744189
	0.0001450865969211669
	0.0001445779865999644
	0.0001441713130136419
	0.000143818020501597
	0.0001434379884195944
	0.0001430269913538803
	0.0001425851277511617
	0.0001421473423760894
	0.0001417822029459359
	0.0001415026433177678
	0.0001413944883624255
	0.0001414532671123522
	0.0001416542056568275
	0.0001419101629036823
	0.0001421320208478603
	0.0001423176912731903
	0.0001424632598701733
	0.0001425446868366376
	0.0001425036659190512
	0.0001423017589431934
	0.0001420182354706888
	0.0001417457724855828
	0.0001415156124045694
	0.0001413749494774881
	0.0001414092065193876
	0.0001416409436001156
	0.0001419873338906091
	0.0001423442047585275
	0.0001426275664275663
	0.0001427988467260226
	0.0001428873573188133
	0.0001429359430765247
	0.0001429385087433733
	0.0001428279775396397
	0.0001426426834019845
	0.0001424383290926177
	0.0001422156743079595
	0.0001419727736547653
	0.0001416835921912511
	0.0001413312502125444
	0.0001409554039614367
	0.000140644644684768
	0.0001403976604339682
	0.000140180123824675
	0.0001400047818967316
	0.0001399133689652518
	0.0001399656812427933
	0.0001401939995461694
	0.0001405307752808772
	0.0001409377175378066
	0.0001414354689992949
	0.0001419963806053983
	0.000142646013600495
	0.0001433706676962125
	0.0001440668873116387
	0.0001446495233544711
	0.0001450613683387611
	0.0001453366271480133
	0.0001454816698296307
	0.0001455136443929834
	0.0001455004712441472
	0.0001454592045947031
	0.0001453911856103189
	0.0001453248198665678
	0.0001453029581026564
	0.000145314030002327
	0.0001454172285748302
	0.0001456628490757004
	0.0001460218335654244
	0.0001464990796333765
	0.0001470499087298368
	0.0001476616445707424
	0.0001482723660004189
	0.0001488059723607712
	0.0001492594100579599
	0.0001496473824509876
	0.0001500114674884389
	0.0001503837761895825
	0.0001507902222204738
	0.0001512442811040288
	0.00015171510849068
	0.0001521335730853853
	0.0001524654464090751
	0.0001527252517681337
	0.0001529317464447572
	0.0001531022425114816
	0.0001532534369241295
	0.0001533846373026478
	0.0001534807206490768
	0.0001535120480376365
	0.0001535610762362301
	0.0001537643131342467
	0.0001542173729328543
	0.000154908541273107
	0.0001556974150989505
	0.0001565143885431291
	0.0001573148761524494
	0.0001580243280941661
	0.0001585601636449456
	0.0001588741808437084
	0.0001589597344646705
	0.0001588625015030412
	0.0001586737178604987
	0.000158453787631007
	0.0001582941944650696
	0.0001583197335007942
	0.0001585312651567396
	0.0001588992310010331
	0.0001594185287256713
	0.0001599467839016461
	0.0001603064232897686
	0.0001604024607812335
	0.0001602055616426782
	0.0001598406036141995
	0.0001594035279321685
	0.0001588952457682787
	0.0001583774464932686
	0.0001578489431111871
	0.0001572125030719104
	0.0001564913676116466
	0.0001556670510034004
	0.0001547857755135085
	0.0001539335250209465
	0.000153113803821846
	0.0001523898448582469
	0.0001517977376612157
	0.0001513205232785729
	0.0001509266415450379
	0.0001506630451943932
	0.0001505240074403871
	0.0001504432018672425
	0.0001504087849875465
	0.0001503985589993514
	0.0001504196118930492
	0.0001505290963349818
	0.0001507548152146139
	0.000151102037019704
	0.0001516249938322192
	0.0001523403776125354
	0.0001532091400825573
	0.0001541645603936394
	0.000155115392056433
	0.0001559688926862822
	0.0001566801992211988
	0.0001572717305390489
	0.000157754166219118
	0.0001582128156986165
	0.0001586465715837014
	0.0001590352776514405
	0.0001594635239659917
	0.000159976284262532
	0.0001605545007771369
	0.0001611119604705253
	0.0001615341548385348
	0.0001617435966022648
	0.0001617401263114544
	0.0001615779639105279
	0.0001612860270476316
	0.000160908532977346
	0.0001604828112131989
	0.000160045261421
	0.0001596293308391905
	0.0001592140221374271
	0.0001587939648807422
	0.0001583836468731768
	0.0001580292939229226
	0.0001577673281060244
	0.0001575366866435174
	0.0001574517675033249
	0.0001574234173700687
	0.0001572667105587775
	0.0001569391152937102
	0.0001563241502767961
	0.0001554691306863579
	0.0001544443212889598
	0.000153463888023701
	0.0001526069468979878
	0.0001518210357709627
	0.0001510363326246925
	0.0001502094906306005
	0.0001493533892628227
	0.0001485157263967051
	0.0001476386826619709
	0.000146667422217429
	0.0001456282307163119
	0.0001446428143685252
	0.0001437594541841711
	0.000143036284853877
	0.0001424788095490863
	0.0001420300793866269
	0.0001416673100737187
	0.0001413947772658982
	0.0001412371000131393
	0.0001412503067225606
	0.0001414755076104828
	0.0001418926406381004
	0.0001424358284462361
	0.0001430056508977413
	0.0001435577026690826
	0.0001441018305695133
	0.0001446305530289919
	0.0001451387621149983
	0.0001455693308121653
	0.000145848068069768
	0.0001459074935097274
	0.000145772542785226
	0.0001454308174439685
	0.0001449460308417135
	0.00014443939806225
	0.0001440447723936742
	0.000143842744749155
	0.0001438686152145839
	0.0001441050672630738
	0.0001444794675739414
	0.000145002474255255
	0.0001456426830162156
	0.0001463362555414791
	0.0001470293819585414
	0.0001476652458892238
	0.0001482046687921659
	0.0001486476228890583
	0.000149007434813678
	0.0001493110833917642
	0.0001495996584524876
	0.0001498915092388454
	0.0001501944049782479
	0.0001504724808237639
	0.0001507583956587551
	0.0001509926027267577
	0.0001510885001693145
	0.0001510415114774631
	0.0001509351502633973
	0.0001508592311568055
	0.0001508899239735222
	0.0001510360474434823
	0.0001512876370466055
	0.0001515777269136389
	0.0001518696269844487
	0.0001520985078925512
	0.0001522188737077076
	0.000152156448438956
	0.0001519219800667216
	0.0001515886034536291
	0.0001512447133267113
	0.0001509096042510275
	0.0001506092278732205
	0.0001503803526441026
	0.0001502940621744489
	0.0001504294512568117
	0.0001507635536364525
	0.000151131468985141
	0.000151372542258644
	0.0001514685929542938
	0.0001514731779246307
	0.0001514753501960092
	0.0001514384653218154
	0.0001513416680117883
	0.00015127621203759
	0.0001513484393736989
	0.0001515910418296552
	0.0001519600149036147
	0.000152425625619064
	0.0001529256533955714
	0.000153417895590524
	0.0001538635531337598
	0.0001542093032157294
	0.0001545097729582121
	0.0001548384922333858
	0.0001552349337838194
	0.0001556885833562739
	0.0001562030936125157
	0.0001567511688733116
	0.0001572691521981933
	0.0001576518247590137
	0.0001578202526099109
	0.000157757591481253
	0.0001574575088705356
	0.0001569965901355281
	0.0001564856714224042
	0.0001559680442680838
	0.0001554150377104263
	0.0001547953007446203
	0.0001540793958831714
	0.0001532506005338874
	0.0001523587037634803
	0.0001514965242176206
	0.0001507628293078832
	0.0001501606125982715
	0.0001496023560401145
	0.0001490850559971548
	0.0001485968860926979
	0.00014815738498179
	0.0001478444874105591
	0.0001477097520046619
	0.0001477254739571498
	0.0001479745595852843
	0.0001485532568388048
	0.0001494364752630971
	0.0001506255440423331
	0.000152052408326088
	0.0001536182707865752
	0.0001552262218664624
	0.0001568013411221124
	0.0001583211280683408
	0.0001597790309403579
	0.0001611840514700859
	0.0001625371429374017
	0.0001637930340389657
	0.0001649607176066689
	0.00016595089776391
	0.0001666846955168282
	0.000167121780019851
	0.0001672540599872059
	0.0001671263860671354
	0.0001667866978984327
	0.0001662541946132854
	0.0001656513602360819
	0.0001651225616683652
	0.0001646944677164012
	0.000164321020204369
	0.0001639533891881821
	0.0001636259233147284
	0.000163354801865073
	0.0001630927417706135
	0.000162791444097538
	0.0001624086379578283
	0.0001620161113351845
	0.0001617430118851992
	0.0001615371439949361
	0.0001612893539842314
	0.0001609371419476141
	0.0001604937683443693
	0.0001599597399122961
	0.0001593503975507311
	0.0001586852746259476
	0.000158002443513351
	0.0001573129272395961
	0.000156572077371789
	0.00015585538839549
	0.0001552398169795315
	0.0001547372902302736
	0.0001543042467854292
	0.0001539009289304427
	0.0001535068928693548
	0.0001531009499733174
	0.0001527312640251274
	0.0001524743184716926
	0.0001523562539658313
	0.0001523950324549323
	0.0001526232899771286
	0.0001530471084463172
	0.0001536174324826068
	0.0001541958562527364
	0.0001546964820717706
	0.0001551268891026139
	0.000155422161570649
	0.0001555288268375855
	0.0001555133720692043
	0.0001554743841114452
	0.0001554130864121064
	0.0001553680034564605
	0.000155303596780406
	0.0001551761458479461
	0.0001549689080097999
	0.0001546538845456344
	0.0001542533601066387
	0.0001537929457101055
	0.0001533687413167611
	0.0001530820398707154
	0.0001528967736033763
	0.0001526686114567879
	0.0001523278087735128
	0.0001519207682883641
	0.0001515405752161198
	0.0001512160094612371
	0.0001509701017500259
	0.0001508172026467617
	0.000150745378358192
	0.0001507456991485484
	0.0001508888212104394
	0.0001511597898609509
	0.0001514489971068981
	0.0001517297709370275
	0.0001519856515185771
	0.0001522105017286399
	0.0001523833349960106
	0.0001525323311878936
	0.0001527391711546819
	0.0001531288860828549
	0.0001537578803498183
	0.0001547128275551902
	0.0001559470645834463
	0.0001572746278884489
	0.0001585365676691
	0.000159666923960823
	0.0001606532998285143
	0.0001614791305019128
	0.0001622232853688616
	0.0001629506427262063
	0.0001637218575168754
	0.0001644845409299501
	0.0001650998486493939
	0.0001653633908530948
	0.0001652485217915952
	0.0001648273921764084
	0.0001641729588810901
	0.0001633724859885182
	0.0001624871536439981
	0.0001614326985084554
	0.0001602094039952006
	0.0001588495803735939
	0.0001574359703206114
	0.0001560440103573606
	0.000154756114267222
	0.0001536300224512376
	0.0001526516220063048
	0.0001518712621835231
	0.0001513200938502169
	0.000151018710565769
	0.0001509251660620345
	0.0001510062641263824
	0.0001512291267009186
	0.000151576482365684
	0.000152040078582896
	0.0001525440239613502
	0.0001530619771633742
	0.0001534979352091354
	0.000153842454750713
	0.0001541425812073186
	0.0001545111679325062
	0.0001550086845902976
	0.000155640563148687
	0.0001563321397510191
	0.0001570387670450601
	0.000157684046857093
	0.0001582185393226941
	0.00015863182223958
	0.0001589165977093512
	0.0001591597811166306
	0.0001593547573290099
	0.000159469861121729
	0.0001595196851362796
	0.000159573533592025
	0.0001597216770339757
	0.0001600068316284625
	0.0001604892708882422
	0.0001611265514382199
	0.0001618564202529646
	0.0001626435098663154
	0.0001633492957673079
	0.000163870683523359
	0.0001642303836201629
	0.0001645251958423803
	0.000164751501599463
	0.0001649695476554079
	0.0001652025913187144
	0.0001653991773401115
	0.0001655234109025072
	0.0001655614311332892
	0.0001655571008036855
	0.000165529390931126
	0.0001654572919698164
	0.0001653113725760369
	0.0001651513451176775
	0.0001650477095209431
	0.0001649905268953259
	0.0001649645934054959
	0.0001649031785912607
	0.0001648461423649843
	0.0001648822385978372
	0.0001649966128761423
	0.0001651968918141799
	0.000165470492434169
	0.0001657517564584474
	0.0001659861638119026
	0.0001660958805983455
	0.0001659903164845041
	0.0001656456384192256
	0.0001651162146380085
	0.0001643719466046077
	0.0001634376410008438
	0.0001623417782862485
	0.000161146753188524
	0.0001599090887041801
	0.0001586993084290572
	0.0001577039816431793
	0.0001570653238319927
	0.0001567097329712026
	0.0001565182560989519
	0.0001563993214045161
	0.0001563727075606936
	0.0001564402698016434
	0.0001566305746444029
	0.0001569116481249492
	0.0001572248786597432
	0.0001575291030656299
	0.0001578613593221151
	0.000158225657237328
	0.0001587101805743217
	0.0001592244378713431
	0.0001597433341749258
	0.0001602430539121089
	0.0001607044347426943
	0.0001611036130012318
	0.0001613910472628493
	0.000161608191755374
	0.0001618412622828039
	0.0001621094109392598
	0.0001623954310496464
	0.0001626512458775469
	0.0001628739683282351
	0.0001630260474257989
	0.000163089685937295
	0.0001630589048836191
	0.0001630463933125624
	0.0001631348032941012
	0.0001633262068697239
	0.0001635398387193333
	0.0001637736264538536
