16	16
18	18
19	19
20	20
21	21
23	23
24	24
25	25
26	26
27	27
28	28
29	29
31	31
32	32
33	33
35	35
36	36
37	37
38	38
39	39
41	41
42	42
43	43
45	45
46	46
47	47
48	48
49	49
50	50
52	52
53	53
54	54
55	55
57	57
58	58
60	60
61	61
62	62
63	63
65	65
66	66
67	67
68	68
69	69
71	71
72	72
73	73
75	75
76	76
77	77
78	78
79	79
81	81
82	82
83	83
85	85
86	86
87	87
88	88
89	89
90	90
91	91
92	92
94	94
95	95
96	96
98	98
99	99
100	100
102	102
103	103
104	104
105	105
106	106
108	108
109	109
110	110
112	112
113	113
115	115
116	116
118	118
119	119
120	120
122	122
123	123
124	124
125	125
127	127
128	128
129	129
130	130
131	131
133	133
134	134
136	136
137	137
138	138
139	139
141	141
142	142
143	143
145	145
146	146
147	147
149	149
150	150
151	151
152	152
153	153
155	155
156	156
158	158
159	159
160	160
162	162
163	163
164	164
165	165
167	167
169	169
170	170
171	171
173	173
174	174
176	176
177	177
178	178
179	179
180	180
182	182
183	183
184	184
185	185
186	186
187	187
188	188
189	189
191	191
192	192
193	193
194	194
195	195
197	197
198	198
199	199
200	200
202	202
203	203
204	204
205	205
207	207
208	208
209	209
211	211
212	212
214	214
215	215
216	216
217	217
218	218
220	220
221	221
222	222
224	224
225	225
226	226
227	227
228	228
229	229
231	231
232	232
233	233
235	235
236	236
238	238
239	239
241	241
242	242
243	243
244	244
246	246
247	247
248	248
249	249
250	250
251	251
253	253
254	254
255	255
256	256
257	257
258	258
259	259
260	260
262	262
263	263
264	264
265	265
266	266
268	268
269	269
270	270
271	271
272	272
274	274
275	275
276	276
278	278
279	279
280	280
282	282
283	283
284	284
286	286
287	287
288	288
290	290
291	291
292	292
294	294
295	295
296	296
297	297
299	299
300	300
301	301
303	303
304	304
305	305
306	306
307	307
308	308
310	310
311	311
313	313
314	314
315	315
316	316
317	317
318	318
320	320
321	321
322	322
324	324
325	325
326	326
327	327
328	328
329	329
331	331
332	332
333	333
335	335
336	336
337	337
338	338
339	339
341	341
342	342
343	343
344	344
346	346
347	347
349	349
350	350
351	351
352	352
353	353
354	354
355	355
356	356
358	358
359	359
360	360
361	361
362	362
363	363
364	364
366	366
367	367
368	368
369	369
371	371
372	372
373	373
374	374
375	375
377	377
378	378
379	379
380	380
381	381
383	383
384	384
385	385
386	386
387	387
388	388
390	390
391	391
392	392
394	394
395	395
396	396
398	398
399	399
400	400
401	401
402	402
404	404
405	405
406	406
407	407
409	409
410	410
411	411
413	413
414	414
416	416
417	417
418	418
419	419
420	420
421	421
423	423
424	424
425	425
427	427
428	428
429	429
431	431
432	432
433	433
434	434
436	436
437	437
438	438
439	439
440	440
442	442
443	443
444	444
445	445
447	447
448	448
449	449
450	450
451	451
453	453
454	454
456	456
457	457
458	458
459	459
461	461
462	462
463	463
464	464
465	465
467	467
468	468
469	469
471	471
472	472
473	473
474	474
475	475
477	477
478	478
479	479
480	480
482	482
483	483
485	485
486	486
487	487
488	488
490	490
491	491
492	492
494	494
495	495
496	496
497	497
498	498
499	499
501	501
502	502
503	503
504	504
505	505
506	506
508	508
509	509
510	510
512	512
513	513
515	515
516	516
517	517
518	518
519	519
520	520
521	521
523	523
524	524
525	525
526	526
528	528
529	529
530	530
531	531
533	533
534	534
535	535
536	536
538	538
539	539
540	540
541	541
542	542
544	544
545	545
546	546
547	547
548	548
550	550
551	551
552	552
554	554
555	555
556	556
557	557
558	558
559	559
560	560
562	562
563	563
564	564
566	566
567	567
568	568
570	570
571	571
573	573
574	574
576	576
577	577
578	578
580	580
581	581
582	582
583	583
584	584
586	586
587	587
588	588
589	589
590	590
592	592
593	593
594	594
596	596
597	597
598	598
600	600
601	601
603	603
604	604
605	605
606	606
607	607
609	609
610	610
611	611
612	612
614	614
615	615
616	616
618	618
619	619
620	620
622	622
623	623
624	624
625	625
626	626
628	628
629	629
630	630
631	631
633	633
634	634
635	635
636	636
637	637
639	639
640	640
642	642
643	643
644	644
645	645
647	647
648	648
649	649
650	650
651	651
653	653
654	654
655	655
657	657
658	658
659	659
661	661
662	662
663	663
664	664
666	666
667	667
668	668
669	669
671	671
672	672
673	673
674	674
675	675
677	677
678	678
679	679
680	680
681	681
682	682
684	684
685	685
686	686
687	687
689	689
690	690
691	691
692	692
693	693
695	695
696	696
697	697
698	698
700	700
701	701
702	702
704	704
705	705
707	707
708	708
710	710
711	711
712	712
714	714
715	715
716	716
718	718
719	719
721	721
722	722
723	723
724	724
725	725
726	726
727	727
729	729
730	730
731	731
732	732
734	734
735	735
737	737
738	738
739	739
740	740
742	742
743	743
744	744
745	745
747	747
748	748
750	750
751	751
752	752
753	753
754	754
755	755
757	757
758	758
760	760
761	761
762	762
763	763
765	765
766	766
768	768
769	769
770	770
772	772
773	773
774	774
775	775
777	777
778	778
779	779
780	780
782	782
783	783
784	784
786	786
787	787
788	788
789	789
791	791
792	792
793	793
794	794
796	796
797	797
798	798
800	800
801	801
803	803
804	804
805	805
806	806
808	808
809	809
810	810
811	811
813	813
814	814
816	816
817	817
818	818
819	819
820	820
821	821
822	822
823	823
825	825
826	826
827	827
828	828
830	830
831	831
832	832
833	833
834	834
835	835
837	837
838	838
839	839
840	840
841	841
842	842
843	843
845	845
846	846
847	847
848	848
849	849
851	851
852	852
853	853
855	855
856	856
857	857
858	858
859	859
861	861
862	862
863	863
865	865
866	866
867	867
869	869
870	870
872	872
873	873
874	874
875	875
876	876
877	877
878	878
880	880
881	881
882	882
883	883
884	884
886	886
887	887
889	889
890	890
891	891
892	892
894	894
895	895
897	897
898	898
899	899
900	900
902	902
903	903
905	905
906	906
907	907
908	908
910	910
911	911
912	912
913	913
914	914
916	916
917	917
918	918
920	920
921	921
922	922
923	923
925	925
926	926
927	927
928	928
929	929
930	930
932	932
933	933
934	934
936	936
937	937
939	939
940	940
941	941
942	942
944	944
945	945
946	946
947	947
948	948
950	950
951	951
952	952
954	954
955	955
956	956
958	958
959	959
960	960
962	962
963	963
965	965
966	966
967	967
969	969
970	970
971	971
972	972
974	974
975	975
976	976
978	978
979	979
981	981
982	982
984	984
985	985
986	986
987	987
988	988
990	990
991	991
993	993
994	994
995	995
997	997
998	998
999	999
1000	1000
1001	1001
1002	1002
1004	1004
1005	1005
1007	1007
1008	1008
1010	1010
1011	1011
1012	1012
1014	1014
1015	1015
1016	1016
1018	1018
1019	1019
1021	1021
1022	1022
1023	1023
1025	1025
1026	1026
1027	1027
1029	1029
1030	1030
1032	1032
1033	1033
1035	1035
1036	1036
1038	1038
1039	1039
1040	1040
1041	1041
1043	1043
1044	1044
1045	1045
1046	1046
1048	1048
1049	1049
1051	1051
1052	1052
1053	1053
1055	1055
1056	1056
1057	1057
1059	1059
1060	1060
1062	1062
1063	1063
1064	1064
1065	1065
1066	1066
1067	1067
1068	1068
1070	1070
1071	1071
1072	1072
1074	1074
1075	1075
1077	1077
1078	1078
1080	1080
1081	1081
1082	1082
1083	1083
1085	1085
1086	1086
1087	1087
1088	1088
1089	1089
1091	1091
1092	1092
1094	1094
1095	1095
1096	1096
1098	1098
1099	1099
1100	1100
1101	1101
1103	1103
1104	1104
1105	1105
1106	1106
1108	1108
1109	1109
1110	1110
1112	1112
1113	1113
1114	1114
1116	1116
1117	1117
1118	1118
1119	1119
1121	1121
1122	1122
1124	1124
1125	1125
1126	1126
1128	1128
1129	1129
1131	1131
1132	1132
1133	1133
1134	1134
1135	1135
1136	1136
1138	1138
1139	1139
1140	1140
1141	1141
1143	1143
1144	1144
1145	1145
1147	1147
1148	1148
1149	1149
1150	1150
1152	1152
1153	1153
1154	1154
1155	1155
1156	1156
1157	1157
1159	1159
1160	1160
1161	1161
1163	1163
1164	1164
1165	1165
1167	1167
1168	1168
1169	1169
1170	1170
1172	1172
1173	1173
1174	1174
1175	1175
1176	1176
1178	1178
1179	1179
1180	1180
1182	1182
1183	1183
1184	1184
1186	1186
1188	1188
1189	1189
1190	1190
1192	1192
1193	1193
1195	1195
1196	1196
1197	1197
1198	1198
1200	1200
1201	1201
1202	1202
1204	1204
1205	1205
1206	1206
1208	1208
1209	1209
1211	1211
1212	1212
1213	1213
1215	1215
1216	1216
1217	1217
1218	1218
1219	1219
1220	1220
1221	1221
1222	1222
1223	1223
1224	1224
1225	1225
1227	1227
1228	1228
1230	1230
1231	1231
1232	1232
1233	1233
1234	1234
1236	1236
1237	1237
1238	1238
1239	1239
1240	1240
1241	1241
1243	1243
1244	1244
1245	1245
1247	1247
1248	1248
1249	1249
1250	1250
1251	1251
1252	1252
1254	1254
1255	1255
1256	1256
1257	1257
1258	1258
1260	1260
1261	1261
1262	1262
1263	1263
1265	1265
1266	1266
1267	1267
1269	1269
1270	1270
1271	1271
1273	1273
1274	1274
1275	1275
1276	1276
1277	1277
1279	1279
1280	1280
1284	1284
1288	1288
1289	1289
1290	1290
1291	1291
1293	1293
1294	1294
1295	1295
1297	1297
1298	1298
1300	1300
1301	1301
1302	1302
1304	1304
1305	1305
1306	1306
1307	1307
1309	1309
1310	1310
1312	1312
1313	1313
1314	1314
1316	1316
1317	1317
1319	1319
1320	1320
1321	1321
1322	1322
1323	1323
1324	1324
1325	1325
1327	1327
1328	1328
1329	1329
1330	1330
1331	1331
1333	1333
1334	1334
1335	1335
1337	1337
1338	1338
1339	1339
1340	1340
1342	1342
1343	1343
1344	1344
1345	1345
1346	1346
1347	1347
1349	1349
1350	1350
1352	1352
1353	1353
1354	1354
1356	1356
1357	1357
1358	1358
1359	1359
1360	1360
1362	1362
1363	1363
1365	1365
1366	1366
1367	1367
1369	1369
1370	1370
1371	1371
1372	1372
1373	1373
1374	1374
1375	1375
1377	1377
1378	1378
1379	1379
1381	1381
1382	1382
1383	1383
1384	1384
1385	1385
1386	1386
1387	1387
1389	1389
1390	1390
1391	1391
1393	1393
1394	1394
1396	1396
1397	1397
1398	1398
1400	1400
1401	1401
1403	1403
1404	1404
1405	1405
1406	1406
1407	1407
1409	1409
1410	1410
1411	1411
1412	1412
1414	1414
1415	1415
1416	1416
1417	1417
1419	1419
1420	1420
1421	1421
1423	1423
1424	1424
1425	1425
1426	1426
1427	1427
1428	1428
1430	1430
1431	1431
1432	1432
1433	1433
1434	1434
1436	1436
1437	1437
1438	1438
1439	1439
1440	1440
1442	1442
1443	1443
1444	1444
1446	1446
1447	1447
1448	1448
1450	1450
1451	1451
1453	1453
1454	1454
1455	1455
1457	1457
1458	1458
1459	1459
1460	1460
1462	1462
1463	1463
1464	1464
1465	1465
1467	1467
1468	1468
1469	1469
1471	1471
1472	1472
1473	1473
1474	1474
1476	1476
1477	1477
1478	1478
1480	1480
1481	1481
1482	1482
1483	1483
1484	1484
1485	1485
1486	1486
1487	1487
1489	1489
1490	1490
1491	1491
1492	1492
1493	1493
1494	1494
1495	1495
1496	1496
1498	1498
1499	1499
1500	1500
1501	1501
1502	1502
1504	1504
1505	1505
1506	1506
1507	1507
1508	1508
1509	1509
1510	1510
1512	1512
1513	1513
1514	1514
1516	1516
1517	1517
1518	1518
1519	1519
1521	1521
1522	1522
1523	1523
1524	1524
1525	1525
1527	1527
1528	1528
1529	1529
1530	1530
1531	1531
1532	1532
1533	1533
1535	1535
1536	1536
1537	1537
1538	1538
1539	1539
1540	1540
1541	1541
1543	1543
1544	1544
1545	1545
1546	1546
1547	1547
1548	1548
1550	1550
1551	1551
1552	1552
1553	1553
1555	1555
1556	1556
1557	1557
1558	1558
1560	1560
1561	1561
1562	1562
1563	1563
1565	1565
1566	1566
1567	1567
1568	1568
1569	1569
1571	1571
1572	1572
1573	1573
1574	1574
1575	1575
1576	1576
1578	1578
1579	1579
1580	1580
1581	1581
1582	1582
1584	1584
1585	1585
1586	1586
1588	1588
1589	1589
1590	1590
1591	1591
1593	1593
1594	1594
1595	1595
1597	1597
1598	1598
1600	1600
1601	1601
1603	1603
1604	1604
1605	1605
1607	1607
1608	1608
1609	1609
1611	1611
1612	1612
1614	1614
1615	1615
1616	1616
1618	1618
1619	1619
1620	1620
1622	1622
1623	1623
1624	1624
1625	1625
1626	1626
1628	1628
1629	1629
1631	1631
1632	1632
1633	1633
1634	1634
1635	1635
1637	1637
1638	1638
1639	1639
1640	1640
1642	1642
1643	1643
1644	1644
1645	1645
1647	1647
1648	1648
1649	1649
1651	1651
1652	1652
1653	1653
1654	1654
1656	1656
1657	1657
1659	1659
1660	1660
1661	1661
1662	1662
1663	1663
1665	1665
1666	1666
1667	1667
1669	1669
1670	1670
1671	1671
1673	1673
1674	1674
1675	1675
1676	1676
1677	1677
1679	1679
1680	1680
1681	1681
1682	1682
1683	1683
1685	1685
1686	1686
1687	1687
1689	1689
1690	1690
1691	1691
1692	1692
1693	1693
1695	1695
1696	1696
1697	1697
1698	1698
1699	1699
1701	1701
1702	1702
1703	1703
1704	1704
1706	1706
1707	1707
1708	1708
1709	1709
1710	1710
1711	1711
1713	1713
1714	1714
1715	1715
1716	1716
1717	1717
1718	1718
1720	1720
1721	1721
1722	1722
1723	1723
1725	1725
1726	1726
1727	1727
1729	1729
1730	1730
1731	1731
1732	1732
1733	1733
1734	1734
1735	1735
1737	1737
1738	1738
1739	1739
1740	1740
1741	1741
1742	1742
1743	1743
1745	1745
1746	1746
1747	1747
1748	1748
1749	1749
1750	1750
1752	1752
1753	1753
1754	1754
1755	1755
1757	1757
1758	1758
1759	1759
1760	1760
1761	1761
1763	1763
1764	1764
1765	1765
1766	1766
1767	1767
1769	1769
1770	1770
1771	1771
1772	1772
1773	1773
1774	1774
1776	1776
1777	1777
1778	1778
1779	1779
1780	1780
1781	1781
1782	1782
1783	1783
1784	1784
1785	1785
1786	1786
1788	1788
1789	1789
1790	1790
1791	1791
1792	1792
1794	1794
1795	1795
1796	1796
1798	1798
1799	1799
1800	1800
1801	1801
1802	1802
1803	1803
1805	1805
1806	1806
1807	1807
1808	1808
1809	1809
1810	1810
1811	1811
1812	1812
1813	1813
1815	1815
1816	1816
1817	1817
1818	1818
1819	1819
1821	1821
1822	1822
1823	1823
1824	1824
1825	1825
1826	1826
1827	1827
1829	1829
1830	1830
1831	1831
1832	1832
1833	1833
1835	1835
1836	1836
1838	1838
1839	1839
1840	1840
1842	1842
1843	1843
1844	1844
1846	1846
1847	1847
1848	1848
1849	1849
1850	1850
1851	1851
1852	1852
1854	1854
1855	1855
1856	1856
1857	1857
1858	1858
1859	1859
1861	1861
1862	1862
1863	1863
1864	1864
1865	1865
1866	1866
1867	1867
1869	1869
1870	1870
1871	1871
1872	1872
1873	1873
1874	1874
1875	1875
1877	1877
1878	1878
1879	1879
1880	1880
1882	1882
1883	1883
1884	1884
1885	1885
1887	1887
1888	1888
1889	1889
1891	1891
1892	1892
1894	1894
1895	1895
1896	1896
1897	1897
1898	1898
1900	1900
1901	1901
1903	1903
1904	1904
1905	1905
1907	1907
1908	1908
1909	1909
1910	1910
1911	1911
1913	1913
1914	1914
1915	1915
1916	1916
1917	1917
1919	1919
1920	1920
1921	1921
1922	1922
1924	1924
1925	1925
1926	1926
1927	1927
1929	1929
1930	1930
1931	1931
1932	1932
1933	1933
1934	1934
1935	1935
1936	1936
1938	1938
1939	1939
1940	1940
1941	1941
1942	1942
1944	1944
1945	1945
1946	1946
1948	1948
1949	1949
1950	1950
1951	1951
1952	1952
1953	1953
1955	1955
1956	1956
1958	1958
1959	1959
1960	1960
1961	1961
1963	1963
1964	1964
1965	1965
1966	1966
1967	1967
1969	1969
1970	1970
1971	1971
1972	1972
1974	1974
1975	1975
1976	1976
1977	1977
1978	1978
1979	1979
1980	1980
1981	1981
1982	1982
1984	1984
1985	1985
1986	1986
1987	1987
1989	1989
1990	1990
1991	1991
1993	1993
1994	1994
1995	1995
1996	1996
1997	1997
1999	1999
2000	2000
2001	2001
2002	2002
2003	2003
2005	2005
2006	2006
2007	2007
2008	2008
2010	2010
2011	2011
2012	2012
2013	2013
2015	2015
2016	2016
2017	2017
2019	2019
2020	2020
2021	2021
2022	2022
2023	2023
2025	2025
2026	2026
2027	2027
2028	2028
2029	2029
2030	2030
2031	2031
2033	2033
2034	2034
2035	2035
2036	2036
2037	2037
2039	2039
2040	2040
2041	2041
2042	2042
2043	2043
2044	2044
2045	2045
2046	2046
2048	2048
2049	2049
2050	2050
2052	2052
2053	2053
2054	2054
2055	2055
2056	2056
2057	2057
2058	2058
2059	2059
2060	2060
2061	2061
2063	2063
2064	2064
2065	2065
2066	2066
2067	2067
2068	2068
2069	2069
2071	2071
2072	2072
2073	2073
2075	2075
2076	2076
2077	2077
2078	2078
2079	2079
2080	2080
2081	2081
2082	2082
2084	2084
2085	2085
2086	2086
2087	2087
2088	2088
2089	2089
2090	2090
2092	2092
2093	2093
2094	2094
2096	2096
2097	2097
2098	2098
2099	2099
2100	2100
2101	2101
2102	2102
2103	2103
2104	2104
2105	2105
2106	2106
2108	2108
2109	2109
2110	2110
2111	2111
2112	2112
2113	2113
2114	2114
2116	2116
2117	2117
2118	2118
2119	2119
2120	2120
2121	2121
2122	2122
2123	2123
2125	2125
2126	2126
2127	2127
2128	2128
2130	2130
2131	2131
2132	2132
2133	2133
2134	2134
2135	2135
2136	2136
2137	2137
2138	2138
2140	2140
2141	2141
2142	2142
2143	2143
2144	2144
2145	2145
2147	2147
2148	2148
2149	2149
2150	2150
2151	2151
2152	2152
2153	2153
2155	2155
2156	2156
2157	2157
2158	2158
2159	2159
2160	2160
2161	2161
2163	2163
2164	2164
2165	2165
2166	2166
2167	2167
2168	2168
2169	2169
2171	2171
2172	2172
2173	2173
2174	2174
2175	2175
2177	2177
2178	2178
2179	2179
2180	2180
2181	2181
2182	2182
2184	2184
2185	2185
2186	2186
2187	2187
2189	2189
2190	2190
2192	2192
2193	2193
2195	2195
2196	2196
2197	2197
2198	2198
2199	2199
2200	2200
2202	2202
2203	2203
2204	2204
2206	2206
2207	2207
2208	2208
2209	2209
2210	2210
2212	2212
2213	2213
2214	2214
2216	2216
2217	2217
2218	2218
2219	2219
2220	2220
2222	2222
2223	2223
2224	2224
2226	2226
2227	2227
2228	2228
2229	2229
2231	2231
2232	2232
2234	2234
2235	2235
2237	2237
2238	2238
2239	2239
2240	2240
2242	2242
2243	2243
2244	2244
2246	2246
2247	2247
2249	2249
2250	2250
2251	2251
2253	2253
2254	2254
2255	2255
2256	2256
2258	2258
2259	2259
2260	2260
2261	2261
2262	2262
2264	2264
2265	2265
2266	2266
2267	2267
2269	2269
2270	2270
2271	2271
2272	2272
2274	2274
2275	2275
2277	2277
2278	2278
2279	2279
2280	2280
2281	2281
2282	2282
2284	2284
2285	2285
2287	2287
2288	2288
2289	2289
2291	2291
2292	2292
2293	2293
2294	2294
2296	2296
2297	2297
2298	2298
2300	2300
2301	2301
2302	2302
2304	2304
2305	2305
2306	2306
2307	2307
2308	2308
2309	2309
2310	2310
2311	2311
2312	2312
2313	2313
2315	2315
2316	2316
2318	2318
2319	2319
2321	2321
2322	2322
2324	2324
2325	2325
2326	2326
2328	2328
2329	2329
2331	2331
2332	2332
2333	2333
2334	2334
2335	2335
2336	2336
2337	2337
2338	2338
2340	2340
2341	2341
2342	2342
2343	2343
2345	2345
2346	2346
2347	2347
2348	2348
2349	2349
2350	2350
2351	2351
2352	2352
2354	2354
2355	2355
2356	2356
2357	2357
2358	2358
2359	2359
2360	2360
2362	2362
2363	2363
2364	2364
2365	2365
2366	2366
2367	2367
2368	2368
2370	2370
2371	2371
2372	2372
2373	2373
2374	2374
2375	2375
2376	2376
2377	2377
2378	2378
2380	2380
2381	2381
2382	2382
2383	2383
2384	2384
2385	2385
2386	2386
2387	2387
2388	2388
2390	2390
2391	2391
2392	2392
2393	2393
2395	2395
2396	2396
2397	2397
2398	2398
2399	2399
2400	2400
2401	2401
2403	2403
2404	2404
2405	2405
2406	2406
2407	2407
2409	2409
2410	2410
2411	2411
2412	2412
2413	2413
2414	2414
2415	2415
2416	2416
2418	2418
2419	2419
2420	2420
2421	2421
2422	2422
2423	2423
2424	2424
2426	2426
2427	2427
2428	2428
2429	2429
2431	2431
2432	2432
2433	2433
2434	2434
2435	2435
2436	2436
2437	2437
2439	2439
2440	2440
2441	2441
2442	2442
2443	2443
2445	2445
2446	2446
2447	2447
2449	2449
2450	2450
2451	2451
2453	2453
2454	2454
2455	2455
2456	2456
2457	2457
2458	2458
2459	2459
2461	2461
2462	2462
2463	2463
2464	2464
2465	2465
2466	2466
2467	2467
2468	2468
2469	2469
2470	2470
2471	2471
2472	2472
2473	2473
2474	2474
2475	2475
2477	2477
2478	2478
2479	2479
2480	2480
2481	2481
2482	2482
2483	2483
2484	2484
2486	2486
2487	2487
2488	2488
2489	2489
2491	2491
2492	2492
2493	2493
2494	2494
2495	2495
2497	2497
2498	2498
2499	2499
2500	2500
2505	2505
18	2523
19	2524
20	2525
21	2526
23	2528
24	2529
25	2530
26	2531
27	2532
28	2533
29	2534
30	2535
32	2537
33	2538
34	2539
35	2540
36	2541
37	2542
38	2543
39	2544
41	2546
42	2547
43	2548
44	2549
45	2550
46	2551
47	2552
48	2553
49	2554
50	2555
52	2557
53	2558
54	2559
55	2560
56	2561
57	2562
58	2563
60	2565
61	2566
62	2567
63	2568
64	2569
65	2570
66	2571
67	2572
68	2573
69	2574
71	2576
72	2577
73	2578
74	2579
75	2580
76	2581
77	2582
78	2583
79	2584
81	2586
82	2587
83	2588
84	2589
85	2590
86	2591
87	2592
88	2593
89	2594
91	2596
92	2597
93	2598
94	2599
95	2600
96	2601
98	2603
99	2604
100	2605
101	2606
102	2607
103	2608
104	2609
105	2610
106	2611
107	2612
109	2614
110	2615
111	2616
112	2617
113	2618
114	2619
115	2620
116	2621
117	2622
118	2623
120	2625
121	2626
122	2627
123	2628
124	2629
125	2630
126	2631
127	2632
129	2634
130	2635
131	2636
132	2637
133	2638
134	2639
135	2640
136	2641
138	2643
139	2644
140	2645
141	2646
142	2647
143	2648
144	2649
145	2650
146	2651
148	2653
149	2654
150	2655
151	2656
152	2657
153	2658
154	2659
155	2660
156	2661
158	2663
159	2664
160	2665
161	2666
162	2667
163	2668
164	2669
166	2671
167	2672
168	2673
169	2674
170	2675
171	2676
172	2677
173	2678
175	2680
176	2681
177	2682
178	2683
179	2684
180	2685
182	2687
183	2688
184	2689
185	2690
186	2691
187	2692
188	2693
189	2694
191	2696
192	2697
193	2698
194	2699
195	2700
196	2701
197	2702
198	2703
199	2704
200	2705
202	2707
203	2708
204	2709
205	2710
206	2711
207	2712
208	2713
209	2714
211	2716
212	2717
213	2718
214	2719
215	2720
216	2721
217	2722
218	2723
220	2725
221	2726
222	2727
223	2728
224	2729
225	2730
226	2731
227	2732
228	2733
229	2734
231	2736
232	2737
233	2738
234	2739
235	2740
236	2741
237	2742
238	2743
239	2744
241	2746
242	2747
243	2748
244	2749
245	2750
246	2751
247	2752
248	2753
249	2754
250	2755
252	2757
253	2758
254	2759
255	2760
256	2761
257	2762
258	2763
259	2764
260	2765
262	2767
263	2768
264	2769
265	2770
266	2771
267	2772
268	2773
269	2774
270	2775
272	2777
273	2778
274	2779
275	2780
276	2781
277	2782
278	2783
279	2784
280	2785
281	2786
283	2788
284	2789
285	2790
286	2791
287	2792
288	2793
289	2794
290	2795
291	2796
292	2797
294	2799
295	2800
296	2801
297	2802
298	2803
299	2804
300	2805
301	2806
302	2807
304	2809
305	2810
306	2811
307	2812
308	2813
309	2814
310	2815
311	2816
312	2817
313	2818
314	2819
316	2821
317	2822
318	2823
319	2824
320	2825
321	2826
322	2827
323	2828
324	2829
325	2830
327	2832
328	2833
329	2834
330	2835
331	2836
332	2837
333	2838
334	2839
335	2840
336	2841
338	2843
339	2844
340	2845
341	2846
342	2847
343	2848
344	2849
345	2850
346	2851
347	2852
349	2854
350	2855
351	2856
352	2857
353	2858
354	2859
355	2860
356	2861
357	2862
359	2864
360	2865
361	2866
362	2867
363	2868
364	2869
365	2870
366	2871
367	2872
369	2874
370	2875
371	2876
372	2877
373	2878
374	2879
375	2880
376	2881
377	2882
378	2883
380	2885
381	2886
382	2887
383	2888
384	2889
385	2890
386	2891
387	2892
388	2893
389	2894
390	2895
392	2897
393	2898
394	2899
395	2900
396	2901
397	2902
398	2903
399	2904
401	2906
402	2907
403	2908
404	2909
405	2910
406	2911
407	2912
408	2913
409	2914
411	2916
412	2917
413	2918
414	2919
415	2920
416	2921
417	2922
418	2923
419	2924
420	2925
421	2926
422	2927
424	2929
425	2930
426	2931
427	2932
428	2933
429	2934
430	2935
431	2936
432	2937
433	2938
434	2939
436	2941
437	2942
438	2943
439	2944
440	2945
441	2946
442	2947
443	2948
444	2949
445	2950
447	2952
448	2953
449	2954
450	2955
451	2956
452	2957
453	2958
454	2959
455	2960
456	2961
458	2963
459	2964
460	2965
461	2966
462	2967
463	2968
464	2969
465	2970
466	2971
467	2972
468	2973
470	2975
471	2976
472	2977
473	2978
474	2979
475	2980
476	2981
477	2982
478	2983
479	2984
481	2986
482	2987
483	2988
484	2989
485	2990
486	2991
487	2992
489	2994
490	2995
491	2996
492	2997
493	2998
494	2999
495	3000
496	3001
497	3002
499	3004
500	3005
501	3006
502	3007
503	3008
504	3009
505	3010
506	3011
507	3012
509	3014
510	3015
511	3016
512	3017
513	3018
514	3019
515	3020
516	3021
517	3022
519	3024
520	3025
521	3026
522	3027
523	3028
524	3029
525	3030
526	3031
527	3032
529	3034
530	3035
531	3036
532	3037
533	3038
534	3039
535	3040
536	3041
537	3042
539	3044
540	3045
541	3046
542	3047
543	3048
544	3049
545	3050
546	3051
547	3052
548	3053
550	3055
551	3056
552	3057
553	3058
554	3059
555	3060
556	3061
557	3062
558	3063
560	3065
561	3066
562	3067
563	3068
564	3069
565	3070
566	3071
567	3072
568	3073
569	3074
570	3075
572	3077
573	3078
574	3079
575	3080
576	3081
577	3082
578	3083
579	3084
580	3085
582	3087
583	3088
584	3089
585	3090
586	3091
587	3092
588	3093
589	3094
590	3095
591	3096
592	3097
594	3099
595	3100
596	3101
597	3102
598	3103
599	3104
600	3105
601	3106
602	3107
603	3108
604	3109
606	3111
607	3112
608	3113
609	3114
610	3115
611	3116
612	3117
613	3118
614	3119
615	3120
617	3122
618	3123
619	3124
620	3125
621	3126
622	3127
623	3128
624	3129
625	3130
626	3131
627	3132
629	3134
630	3135
631	3136
632	3137
633	3138
634	3139
635	3140
636	3141
637	3142
638	3143
639	3144
640	3145
642	3147
643	3148
644	3149
645	3150
646	3151
647	3152
648	3153
649	3154
650	3155
652	3157
653	3158
654	3159
655	3160
656	3161
657	3162
658	3163
659	3164
660	3165
661	3166
662	3167
664	3169
665	3170
666	3171
667	3172
668	3173
669	3174
670	3175
671	3176
672	3177
673	3178
675	3180
676	3181
677	3182
678	3183
679	3184
680	3185
681	3186
682	3187
683	3188
684	3189
686	3191
687	3192
688	3193
689	3194
690	3195
691	3196
692	3197
693	3198
694	3199
696	3201
697	3202
698	3203
699	3204
700	3205
701	3206
702	3207
703	3208
704	3209
705	3210
707	3212
708	3213
709	3214
710	3215
711	3216
712	3217
713	3218
714	3219
715	3220
716	3221
718	3223
719	3224
720	3225
721	3226
722	3227
723	3228
724	3229
725	3230
726	3231
727	3232
729	3234
730	3235
731	3236
732	3237
733	3238
734	3239
735	3240
736	3241
737	3242
739	3244
740	3245
741	3246
742	3247
743	3248
744	3249
745	3250
746	3251
748	3253
749	3254
750	3255
751	3256
752	3257
753	3258
754	3259
755	3260
756	3261
757	3262
758	3263
760	3265
761	3266
762	3267
763	3268
764	3269
765	3270
766	3271
767	3272
768	3273
769	3274
771	3276
772	3277
773	3278
774	3279
775	3280
776	3281
777	3282
778	3283
779	3284
781	3286
782	3287
783	3288
784	3289
785	3290
786	3291
787	3292
788	3293
790	3295
791	3296
792	3297
793	3298
794	3299
795	3300
796	3301
797	3302
798	3303
800	3305
801	3306
802	3307
803	3308
804	3309
805	3310
806	3311
807	3312
808	3313
810	3315
811	3316
812	3317
813	3318
814	3319
815	3320
816	3321
817	3322
819	3324
820	3325
821	3326
822	3327
823	3328
824	3329
825	3330
826	3331
827	3332
828	3333
830	3335
831	3336
832	3337
833	3338
834	3339
835	3340
836	3341
837	3342
839	3344
840	3345
841	3346
842	3347
843	3348
844	3349
845	3350
846	3351
847	3352
849	3354
850	3355
851	3356
852	3357
853	3358
854	3359
855	3360
856	3361
858	3363
859	3364
860	3365
861	3366
862	3367
863	3368
864	3369
865	3370
866	3371
867	3372
869	3374
870	3375
871	3376
872	3377
873	3378
874	3379
875	3380
876	3381
878	3383
879	3384
880	3385
881	3386
882	3387
883	3388
884	3389
885	3390
886	3391
888	3393
889	3394
890	3395
891	3396
892	3397
893	3398
894	3399
895	3400
896	3401
897	3402
899	3404
900	3405
901	3406
902	3407
903	3408
904	3409
905	3410
906	3411
907	3412
908	3413
910	3415
911	3416
912	3417
913	3418
914	3419
915	3420
916	3421
917	3422
918	3423
919	3424
921	3426
922	3427
923	3428
924	3429
925	3430
926	3431
927	3432
928	3433
929	3434
930	3435
931	3436
933	3438
934	3439
935	3440
936	3441
937	3442
938	3443
939	3444
940	3445
941	3446
942	3447
944	3449
945	3450
946	3451
947	3452
948	3453
949	3454
950	3455
951	3456
952	3457
953	3458
955	3460
956	3461
957	3462
958	3463
959	3464
960	3465
961	3466
962	3467
963	3468
965	3470
966	3471
967	3472
968	3473
969	3474
970	3475
971	3476
972	3477
973	3478
974	3479
975	3480
977	3482
978	3483
979	3484
980	3485
981	3486
982	3487
983	3488
984	3489
986	3491
987	3492
988	3493
989	3494
990	3495
991	3496
992	3497
993	3498
994	3499
996	3501
997	3502
998	3503
999	3504
1000	3505
1001	3506
1002	3507
1003	3508
1004	3509
1005	3510
1007	3512
1008	3513
1009	3514
1010	3515
1011	3516
1012	3517
1013	3518
1014	3519
1015	3520
1017	3522
1018	3523
1019	3524
1020	3525
1021	3526
1022	3527
1023	3528
1024	3529
1025	3530
1027	3532
1028	3533
1029	3534
1030	3535
1031	3536
1032	3537
1033	3538
1034	3539
1035	3540
1037	3542
1038	3543
1039	3544
1040	3545
1041	3546
1042	3547
1043	3548
1044	3549
1045	3550
1047	3552
1048	3553
1049	3554
1050	3555
1051	3556
1052	3557
1053	3558
1054	3559
1055	3560
1056	3561
1057	3562
1059	3564
1060	3565
1061	3566
1062	3567
1063	3568
1064	3569
1065	3570
1066	3571
1067	3572
1069	3574
1070	3575
1071	3576
1072	3577
1073	3578
1074	3579
1075	3580
1076	3581
1077	3582
1078	3583
1079	3584
1081	3586
1082	3587
1083	3588
1084	3589
1085	3590
1086	3591
1087	3592
1088	3593
1089	3594
1090	3595
1092	3597
1093	3598
1094	3599
1095	3600
1096	3601
1097	3602
1099	3604
1100	3605
1101	3606
1102	3607
1103	3608
1104	3609
1106	3611
1107	3612
1108	3613
1109	3614
1110	3615
1111	3616
1112	3617
1113	3618
1114	3619
1116	3621
1117	3622
1118	3623
1119	3624
1120	3625
1121	3626
1122	3627
1123	3628
1127	3632
1130	3635
1131	3636
1132	3637
1133	3638
1135	3640
1136	3641
1137	3642
1138	3643
1139	3644
1140	3645
1141	3646
1142	3647
1143	3648
1145	3650
1146	3651
1147	3652
1148	3653
1149	3654
1150	3655
1151	3656
1152	3657
1153	3658
1155	3660
1156	3661
1157	3662
1158	3663
1159	3664
1160	3665
1161	3666
1163	3668
1164	3669
1165	3670
1166	3671
1167	3672
1168	3673
1169	3674
1170	3675
1171	3676
1173	3678
1174	3679
1175	3680
1176	3681
1177	3682
1178	3683
1179	3684
1180	3685
1181	3686
1183	3688
1184	3689
1185	3690
1186	3691
1187	3692
1188	3693
1189	3694
1190	3695
1191	3696
1193	3698
1194	3699
1195	3700
1196	3701
1197	3702
1198	3703
1199	3704
1200	3705
1202	3707
1203	3708
1204	3709
1205	3710
1206	3711
1207	3712
1208	3713
1209	3714
1210	3715
1211	3716
1212	3717
1214	3719
1215	3720
1216	3721
1217	3722
1218	3723
1219	3724
1220	3725
1221	3726
1223	3728
1224	3729
1225	3730
1226	3731
1227	3732
1228	3733
1229	3734
1230	3735
1231	3736
1232	3737
1233	3738
1235	3740
1236	3741
1237	3742
1238	3743
1239	3744
1240	3745
1241	3746
1242	3747
1243	3748
1245	3750
1246	3751
1247	3752
1248	3753
1249	3754
1250	3755
1251	3756
1253	3758
1254	3759
1255	3760
1256	3761
1257	3762
1258	3763
1259	3764
1260	3765
1261	3766
1263	3768
1264	3769
1265	3770
1266	3771
1267	3772
1268	3773
1269	3774
1270	3775
1271	3776
1273	3778
1274	3779
1275	3780
1276	3781
1277	3782
1278	3783
1279	3784
1280	3785
1281	3786
1283	3788
1284	3789
1285	3790
1286	3791
1287	3792
1288	3793
1289	3794
1290	3795
1292	3797
1293	3798
1294	3799
1295	3800
1296	3801
1297	3802
1298	3803
1299	3804
1300	3805
1302	3807
1303	3808
1304	3809
1305	3810
1306	3811
1307	3812
1308	3813
1309	3814
1310	3815
1312	3817
1313	3818
1314	3819
1315	3820
1316	3821
1317	3822
1318	3823
1319	3824
1320	3825
1322	3827
1323	3828
1324	3829
1325	3830
1326	3831
1327	3832
1328	3833
1329	3834
1331	3836
1332	3837
1333	3838
1334	3839
1335	3840
1336	3841
1337	3842
1338	3843
1339	3844
1341	3846
1342	3847
1343	3848
1344	3849
1345	3850
1346	3851
1347	3852
1348	3853
1349	3854
1350	3855
1352	3857
1353	3858
1354	3859
1355	3860
1356	3861
1357	3862
1358	3863
1359	3864
1360	3865
1361	3866
1363	3868
1364	3869
1365	3870
1366	3871
1367	3872
1368	3873
1369	3874
1370	3875
1372	3877
1373	3878
1374	3879
1375	3880
1376	3881
1377	3882
1378	3883
1379	3884
1380	3885
1381	3886
1383	3888
1384	3889
1385	3890
1386	3891
1387	3892
1388	3893
1389	3894
1390	3895
1391	3896
1392	3897
1394	3899
1395	3900
1396	3901
1397	3902
1398	3903
1399	3904
1400	3905
1401	3906
1403	3908
1404	3909
1405	3910
1406	3911
1407	3912
1408	3913
1409	3914
1410	3915
1412	3917
1413	3918
1414	3919
1415	3920
1416	3921
1417	3922
1418	3923
1419	3924
1421	3926
1422	3927
1423	3928
1424	3929
1425	3930
1426	3931
1427	3932
1428	3933
1429	3934
1431	3936
1432	3937
1433	3938
1434	3939
1435	3940
1436	3941
1437	3942
1438	3943
1439	3944
1441	3946
1442	3947
1443	3948
1444	3949
1445	3950
1446	3951
1447	3952
1448	3953
1449	3954
1450	3955
1452	3957
1453	3958
1454	3959
1455	3960
1456	3961
1457	3962
1458	3963
1459	3964
1461	3966
1462	3967
1463	3968
1464	3969
1465	3970
1466	3971
1467	3972
1468	3973
1469	3974
1471	3976
1472	3977
1473	3978
1474	3979
1475	3980
1476	3981
1477	3982
1478	3983
1479	3984
1480	3985
1482	3987
1483	3988
1484	3989
1485	3990
1486	3991
1487	3992
1488	3993
1489	3994
1491	3996
1492	3997
1493	3998
1494	3999
1495	4000
1496	4001
1497	4002
1498	4003
1499	4004
1500	4005
1501	4006
1503	4008
1504	4009
1505	4010
1506	4011
1507	4012
1508	4013
1509	4014
1510	4015
1511	4016
1513	4018
1514	4019
1515	4020
1516	4021
1517	4022
1518	4023
1519	4024
1521	4026
1522	4027
1523	4028
1524	4029
1525	4030
1526	4031
1527	4032
1528	4033
1529	4034
1531	4036
1532	4037
1533	4038
1534	4039
1535	4040
1536	4041
1537	4042
1538	4043
1539	4044
1541	4046
1542	4047
1543	4048
1544	4049
1545	4050
1546	4051
1547	4052
1548	4053
1549	4054
1550	4055
1552	4057
1553	4058
1554	4059
1555	4060
1556	4061
1557	4062
1558	4063
1559	4064
1560	4065
1562	4067
1563	4068
1564	4069
1565	4070
1566	4071
1567	4072
1568	4073
1569	4074
1570	4075
1572	4077
1573	4078
1574	4079
1575	4080
1576	4081
1577	4082
1578	4083
1579	4084
1580	4085
1582	4087
1583	4088
1584	4089
1585	4090
1586	4091
1587	4092
1588	4093
1589	4094
1590	4095
1592	4097
1593	4098
1594	4099
1595	4100
1596	4101
1597	4102
1598	4103
1599	4104
1600	4105
1601	4106
1603	4108
1604	4109
1605	4110
1606	4111
1607	4112
1608	4113
1609	4114
1610	4115
1611	4116
1613	4118
1614	4119
1615	4120
1616	4121
1617	4122
1618	4123
1619	4124
1620	4125
1621	4126
1622	4127
1624	4129
1625	4130
1626	4131
1627	4132
1628	4133
1629	4134
1630	4135
1631	4136
1632	4137
1634	4139
1635	4140
1636	4141
1637	4142
1638	4143
1639	4144
1640	4145
1641	4146
1642	4147
1643	4148
1645	4150
1646	4151
1647	4152
1648	4153
1649	4154
1650	4155
1651	4156
1652	4157
1653	4158
1654	4159
1655	4160
1657	4162
1658	4163
1659	4164
1660	4165
1661	4166
1662	4167
1663	4168
1664	4169
1665	4170
1666	4171
1668	4173
1669	4174
1670	4175
1671	4176
1672	4177
1673	4178
1674	4179
1675	4180
1676	4181
1677	4182
1679	4184
1680	4185
1681	4186
1682	4187
1683	4188
1684	4189
1685	4190
1686	4191
1687	4192
1689	4194
1690	4195
1691	4196
1692	4197
1693	4198
1694	4199
1695	4200
1696	4201
1698	4203
1699	4204
1700	4205
1701	4206
1702	4207
1703	4208
1704	4209
1705	4210
1706	4211
1708	4213
1709	4214
1710	4215
1711	4216
1712	4217
1713	4218
1714	4219
1716	4221
1717	4222
1718	4223
1719	4224
1720	4225
1721	4226
1723	4228
1724	4229
1725	4230
1726	4231
1727	4232
1728	4233
1729	4234
1730	4235
1732	4237
1733	4238
1734	4239
1735	4240
1736	4241
1737	4242
1738	4243
1739	4244
1740	4245
1741	4246
1743	4248
1744	4249
1745	4250
1746	4251
1747	4252
1748	4253
1749	4254
1750	4255
1751	4256
1753	4258
1754	4259
1755	4260
1756	4261
1757	4262
1758	4263
1759	4264
1760	4265
1761	4266
1763	4268
1764	4269
1765	4270
1766	4271
1767	4272
1768	4273
1769	4274
1770	4275
1771	4276
1773	4278
1774	4279
1775	4280
1776	4281
1777	4282
1778	4283
1779	4284
1780	4285
1781	4286
1783	4288
1784	4289
1785	4290
1786	4291
1787	4292
1788	4293
1789	4294
1790	4295
1792	4297
1793	4298
1794	4299
1795	4300
1796	4301
1797	4302
1798	4303
1799	4304
1800	4305
1801	4306
1803	4308
1804	4309
1805	4310
1806	4311
1807	4312
1808	4313
1809	4314
1810	4315
1811	4316
1813	4318
1814	4319
1815	4320
1816	4321
1817	4322
1818	4323
1819	4324
1820	4325
1821	4326
1823	4328
1824	4329
1825	4330
1826	4331
1827	4332
1828	4333
1829	4334
1830	4335
1832	4337
1833	4338
1834	4339
1835	4340
1836	4341
1837	4342
1838	4343
1839	4344
1841	4346
1842	4347
1843	4348
1844	4349
1845	4350
1846	4351
1847	4352
1848	4353
1849	4354
1851	4356
1852	4357
1853	4358
1854	4359
1855	4360
1856	4361
1857	4362
1858	4363
1859	4364
1860	4365
1862	4367
1863	4368
1864	4369
1865	4370
1866	4371
1867	4372
1868	4373
1869	4374
1870	4375
1871	4376
1873	4378
1874	4379
1875	4380
1876	4381
1877	4382
1878	4383
1879	4384
1880	4385
1881	4386
1883	4388
1884	4389
1885	4390
1886	4391
1887	4392
1888	4393
1889	4394
1890	4395
1891	4396
1893	4398
1894	4399
1895	4400
1896	4401
1897	4402
1898	4403
1899	4404
1900	4405
1901	4406
1902	4407
1903	4408
1905	4410
1906	4411
1907	4412
1908	4413
1909	4414
1910	4415
1911	4416
1912	4417
1913	4418
1914	4419
1916	4421
1917	4422
1918	4423
1919	4424
1920	4425
1921	4426
1922	4427
1923	4428
1924	4429
1926	4431
1927	4432
1928	4433
1929	4434
1930	4435
1931	4436
1932	4437
1933	4438
1934	4439
1935	4440
1937	4442
1938	4443
1939	4444
1940	4445
1941	4446
1942	4447
1943	4448
1945	4450
1946	4451
1947	4452
1948	4453
1949	4454
1950	4455
1951	4456
1952	4457
1953	4458
1955	4460
1956	4461
1957	4462
1958	4463
1959	4464
1960	4465
1961	4466
1962	4467
1963	4468
1964	4469
1965	4470
1967	4472
1968	4473
1969	4474
1970	4475
1971	4476
1972	4477
1973	4478
1974	4479
1975	4480
1976	4481
1978	4483
1979	4484
1980	4485
1981	4486
1982	4487
1983	4488
1984	4489
1985	4490
1986	4491
1987	4492
1988	4493
1990	4495
1991	4496
1992	4497
1993	4498
1994	4499
1995	4500
1996	4501
1997	4502
1999	4504
2000	4505
2001	4506
2002	4507
2003	4508
2004	4509
2005	4510
2006	4511
2007	4512
2009	4514
2010	4515
2011	4516
2012	4517
2013	4518
2014	4519
2015	4520
2016	4521
2018	4523
2019	4524
2020	4525
2021	4526
2022	4527
2023	4528
2024	4529
2025	4530
2026	4531
2027	4532
2029	4534
2030	4535
2031	4536
2032	4537
2033	4538
2034	4539
2035	4540
2036	4541
2037	4542
2038	4543
2040	4545
2041	4546
2042	4547
2043	4548
2044	4549
2045	4550
2046	4551
2047	4552
2048	4553
2049	4554
2050	4555
2052	4557
2053	4558
2054	4559
2055	4560
2056	4561
2057	4562
2058	4563
2059	4564
2060	4565
2062	4567
2063	4568
2064	4569
2065	4570
2066	4571
2067	4572
2068	4573
2069	4574
2070	4575
2071	4576
2073	4578
2074	4579
2075	4580
2076	4581
2077	4582
2078	4583
2079	4584
2080	4585
2081	4586
2083	4588
2084	4589
2085	4590
2086	4591
2087	4592
2088	4593
2089	4594
2090	4595
2091	4596
2093	4598
2094	4599
2095	4600
2096	4601
2097	4602
2098	4603
2099	4604
2100	4605
2101	4606
2103	4608
2104	4609
2105	4610
2106	4611
2107	4612
2108	4613
2109	4614
2110	4615
2112	4617
2113	4618
2114	4619
2115	4620
2116	4621
2117	4622
2118	4623
2119	4624
2120	4625
2122	4627
2123	4628
2124	4629
2125	4630
2126	4631
2127	4632
2128	4633
2129	4634
2131	4636
2132	4637
2133	4638
2134	4639
2135	4640
2136	4641
2137	4642
2138	4643
2140	4645
2141	4646
2142	4647
2143	4648
2144	4649
2145	4650
2146	4651
2147	4652
2148	4653
2150	4655
2151	4656
2152	4657
2153	4658
2154	4659
2155	4660
2156	4661
2157	4662
2159	4664
2160	4665
2161	4666
2162	4667
2163	4668
2164	4669
2165	4670
2166	4671
2167	4672
2168	4673
2170	4675
2171	4676
2172	4677
2173	4678
2174	4679
2175	4680
2176	4681
2177	4682
2179	4684
2180	4685
2181	4686
2182	4687
2183	4688
2184	4689
2185	4690
2187	4692
2188	4693
2189	4694
2190	4695
2191	4696
2192	4697
2193	4698
2194	4699
2196	4701
2197	4702
2198	4703
2199	4704
2200	4705
2201	4706
2202	4707
2203	4708
2204	4709
2205	4710
2207	4712
2208	4713
2209	4714
2210	4715
2211	4716
2212	4717
2213	4718
2214	4719
2215	4720
2216	4721
2218	4723
2219	4724
2220	4725
2221	4726
2222	4727
2223	4728
2224	4729
2225	4730
2226	4731
2227	4732
2228	4733
2230	4735
2231	4736
2232	4737
2233	4738
2234	4739
2235	4740
2236	4741
2237	4742
2238	4743
2242	4747
